,baseMean,log2FoldChange,lfcSE,stat,pvalue,padj
g1,385.2434765020097,-0.10876926429866407,0.1847217697733824,-0.6142353743272768,0.5390598008026543,0.6063664800929744
g2,2079.099840118523,0.19987050058317693,0.15604032489665784,0.5654083238388078,0.5717960641915845,0.6374538062336504
g3,1385753.128015029,2.562298533451715,0.07079852464814029,-1.6553781637527856,0.09784781257052731,0.1420142417569337
g4,4012.7579804105217,0.7924051868217942,0.20406891243847833,2.830201728441517,0.004651866328455932,0.009474269508056887
g5,23985.875934179574,1.7578519119417602,0.4826394779378567,1.1760411571759588,0.23957842985297972,0.31358433226829807
g6,764.7246052861151,0.9860349984160861,0.26048160372823187,2.7467919698110723,0.006018129335460798,0.011893536236088532
g7,25064.62644982305,0.6326660069716791,0.15468756328440178,-1.0942551439683592,0.2738430923733598,0.3493345186659946
g8,52810.70065507434,0.6646653636912221,0.06973535129599727,0.43672786228733984,0.6623087203463445,0.7175609104510774
g9,150076.93621171603,2.132694155183818,0.21216146972660388,2.205296920670848,0.027433265791996536,0.04527531184525425
g10,12909.07073985299,1.7734378063722303,0.5254698185036335,1.0892163179837935,0.2760585046433546,0.3512194715564308
g11,395.3029272719797,-0.32718387728070164,0.5620502970700207,-1.2142931340871022,0.22463580656024607,0.2955734296845343
g12,580.0051125029642,0.6151401371061843,0.3539767239300963,2.285696348313045,0.022272029045412867,0.03781329209747516
g13,257.18248574136487,-0.08961992348467802,0.4852619932082951,-0.36585986606484855,0.7144696453865915,0.7625076258127977
g14,648.9230186267789,0.5978704921691721,0.30959641576778135,2.4464322310095183,0.014427791817998343,0.025902678308794152
g15,8180.939552663913,0.28478365724188726,0.26659559355528173,0.09253437594724379,0.9262734803178961,0.9413348377214392
g16,130494.2128102879,3.048349267476342,0.10797875177722487,12.000972424647385,3.5114629140772695e-33,3.1922390127975176e-31
g17,126838.62022688496,1.7333368275283167,0.12338621761014108,3.125301476197453,0.0017762291786504662,0.004027730563833256
g18,14309.375428963529,-0.30980091835405094,0.21228632920841603,-1.173395018918889,0.24063743378619218,0.3136653893085575
g19,175396.5723982139,1.4070226259612986,0.12401510529577511,-1.8835440498547065,0.05962667606710849,0.0910330932322267
g20,113128.39231106518,2.199964136305731,0.08902677336082455,5.772370949354486,7.816380414493798e-09,6.978911084369462e-08
g21,104250.56676763803,2.049008295434587,0.23237110665339722,1.7349392718637764,0.08275156220215235,0.1222327358968277
g22,240781.59103843957,2.352815778608074,0.13941618065894174,4.299222342226588,1.7139845646466338e-05,6.099589198030725e-05
g23,34463.52328708122,0.9490649799086562,0.12104283815646846,-1.1740165599979397,0.24038839266735634,0.3136653893085575
g24,1521.350248978643,0.09906400918487226,0.19003711048502422,0.4775128263632284,0.6329969895727046,0.6956010874425326
g25,358.88161585201544,-0.334422250409239,0.1911616612351789,-1.961256223119195,0.04984914121784809,0.07752588058763311
g26,32362.969062981592,0.6327453340874615,0.07858337073433364,2.648434083073377,0.00808656175160381,0.015344519452758651
g27,57651.492443124436,1.6725049159681984,0.10635805020180233,0.4394088097577897,0.6603653442088055,0.7162313928511991
g28,42447.95718528835,1.2395938481189661,0.1862528579194408,0.5762030908111394,0.5644779163169974,0.6318334430741247
g29,7452.789902944872,1.2242805540487915,0.2636504386204592,5.110248945186151,3.2173458640901524e-07,1.8814888094094458e-06
g30,85427.35098553992,1.5567739607383664,0.10359708873597648,-0.7700669356404956,0.441260188188745,0.5148893677814994
g31,12331.86584290018,0.8179491243831771,0.21835385489297982,3.995478050253202,6.456383915109135e-05,0.00020627424648910975
g32,104487.30952006907,2.747456065575953,0.2055366309711576,2.640894368717827,0.008268749545193067,0.0156309065126523
g33,145963.5517548214,2.646058222288447,0.1931410580025429,4.336588730946966,1.4471102510959518e-05,5.243153083680985e-05
g34,25701.97111723163,2.2832203644956817,0.2622895639683789,3.3021849354119914,0.0009593479592402446,0.0023061249020198188
g35,1637.11990394605,1.2793729914441603,0.12475713592841366,-2.2339918735965134,0.025483607765034715,0.04268611015918713
g36,37136.661292040975,1.48034055502101,0.4267023786358614,-0.1722432059188919,0.8632463320176397,0.887200752330565
g37,7560.488062060492,1.1478398402568808,0.49998391685033966,-0.06254930112543212,0.9501254021495253,0.958854290256589
g38,1914.1381506329158,0.7395549704304895,0.2152261471594154,3.885947877797081,0.00010193137695098088,0.00030888296045751784
g39,157650.4141017136,2.7096643396140103,0.12171298673979031,7.479023835800349,7.487669372688477e-14,2.0799081590801327e-12
g40,132038.11852324792,1.248219813219975,0.1880019576434055,-2.7148565849395063,0.006630447682498331,0.012924849283622477
g41,9623.294851209661,1.1017496570724352,0.2975899722041185,2.3113863215753794,0.020811525803773573,0.03569729983494609
g42,56974.32862178372,1.3734459275400739,0.1830388022569295,0.8218030454989304,0.4111890001565176,0.48546517137723444
g43,40979.746342720195,2.515597336594871,0.22611989641661434,3.471777914837403,0.0005170238642118125,0.0013089211752197786
g44,23990.926912187777,-0.03997897675765482,0.15928083533875076,-1.023945076432413,0.3058612176354424,0.38089815396692706
g45,93370.3369334079,2.799549359163838,0.22647345396422144,-1.7863688408444427,0.07403955727176201,0.11083766058647007
g46,55311.91499756564,1.4953838609606003,0.2592846416331382,0.7210268875592063,0.4708929720856022,0.5430444141373768
g47,21912.76772620107,1.3234980206943217,0.22232188201290312,-0.1373458204362022,0.8907574541091313,0.9089361776623789
g48,47409.92234909792,0.6832648311881965,0.15107818741945328,-2.4018605410642233,0.01631192578491421,0.028782917610070017
g49,1258.6888213903426,-0.3394021423070602,0.3908569109619464,-0.8860562023970651,0.3755872424284984,0.44926703639772536
g50,3064.837073227747,-0.2150377787077732,0.1954065157412773,-1.2356403901085637,0.2165922642276279,0.2864977040047988
g51,9157.063314058067,1.1581770790469808,0.38495368531738344,0.9156276363974453,0.3598622310664381,0.434616221094732
g52,662.1416661115096,0.8821306616004304,0.16878866100459072,3.6057968572201045,0.0003111965144233819,0.000829857371795685
g53,57725.384353022695,1.163851854402855,0.10644403925442636,3.076176072349528,0.002096739896726613,0.004668570625520657
g54,61889.599145683096,2.2464749967196855,0.1440946694758853,6.338279248320063,2.3234543464809375e-10,2.8684621561493054e-09
g55,18427.75104788435,1.7216191092996334,0.18421245375984094,6.120672734664277,9.318110857881895e-10,9.912883891363718e-09
g56,156093.92440886708,2.1098118663791037,0.1267544923449052,5.394969094256352,6.853534816924976e-08,4.966329577481867e-07
g57,40957.63732975813,0.9830152706950062,0.14590033321041887,0.27175296988140074,0.7858119692729308,0.8219790473566222
g58,162609.4209372795,2.443855887036637,0.3056080282608424,2.2068532012980655,0.02732431683475226,0.045238935156874605
g59,3388.6934980856377,0.1859377550871977,0.4702673727632227,1.2230900530358642,0.22129568516414821,0.2915621675416973
g60,8747.787978441176,1.7374799452866263,0.45098679116563145,1.4973427875205418,0.13430408683515443,0.1891606856833161
g61,52411.88036749175,1.0450353534133494,0.2789852513827753,-1.5578399442058337,0.11927119449101742,0.16893936896744677
g62,36019.14482416415,1.3432475666344799,0.26219495753611005,0.7546330511633638,0.4504691868123122,0.5238013800143165
g63,226320.45672473093,2.7917420867237475,0.11440485512500459,10.148152594389428,3.376952434620182e-24,2.4121088818715586e-22
g64,28331.333088436535,1.998649672210282,0.28272265551841885,3.9641446702833387,7.365957390134418e-05,0.00022875644068740428
g65,2461.0888342511666,2.071858679965509,0.4214168275543132,4.976557437771983,6.472507621708561e-07,3.585015537154608e-06
g66,872.8671947577399,0.6321069855880669,0.29014010644612725,2.5338741958900277,0.011280922359273237,0.020890596961617106
g67,14745.585087667085,2.3023890807766403,0.3455654602408533,3.725146767480788,0.00019520161696879126,0.000551416997086981
g68,61997.8905691176,1.7367283250519774,0.22724371479850208,0.7719965067702308,0.44011649645567563,0.5141547855790604
g69,44985.92525111886,1.8367691014092913,0.22889930666539235,2.8051141615183033,0.0050298761295909196,0.010140879293530079
g70,23386.24520688295,0.8783982123664682,0.3716107892297021,-2.037383040280856,0.041611672072250167,0.06573723866074276
g71,177790.74050224278,1.631363336896771,0.12744642197963152,0.218889402492825,0.8267362018882574,0.8567214527339454
g72,150536.21493060378,3.00909958456556,0.10261379841566788,17.240508634916566,1.3187146604793486e-66,6.593573302396744e-64
g73,138261.12267708534,1.8404985626365902,0.124052241813398,3.4541859581881584,0.0005519566394232968,0.0013903189909906719
g74,221386.05405814497,2.1859427250354844,0.10385038132722735,6.622763710285895,3.52544334734605e-11,5.423758995917e-10
g75,42382.10679247136,2.025184293000979,0.1221425786571269,7.626949058090188,2.4037452096278033e-14,8.012484032092678e-13
g76,87052.31299907362,1.9780109823629326,0.11215543233520177,-1.7673199933821675,0.0771746533442679,0.11467259040753032
g77,156997.31244736927,3.6286198876867672,0.1254460569169536,13.298415965224748,2.364241049482381e-40,3.3774872135462587e-38
g78,17740.529655896586,0.6034234568530521,0.24788608381909838,-1.0591117978751672,0.2895488675746972,0.365130980548168
g79,442.6969932257508,1.4860422743739592,0.18578901721464125,7.105985842621757,1.1946666099689251e-12,2.7151513862930117e-11
g80,515.626172697081,0.1194097759742143,0.32235433462763,0.4569880344603035,0.6476796459804095,0.706062248992619
g81,2643.347961739821,0.6890852846652558,0.15141724932481165,2.7505563136894517,0.00594941645945543,0.01182786572456348
g82,85042.51327042715,1.8172454723329725,0.12295259509813389,5.889607697786536,3.871134628114143e-09,3.6178828300132176e-08
g83,84765.32609017033,1.922611133320448,0.16973755620307376,3.976666675678212,6.988801918845694e-05,0.00022046693750301874
g84,2389.5248629740063,-0.2996433677669144,0.3564474251667799,-0.8467135702549444,0.39715479297221246,0.47224113314175087
g85,157275.63036374692,1.9729416252623841,0.1197181108950473,4.597613780866257,4.273572538884983e-06,1.8341513042424817e-05
g86,2925.1974562235337,-0.3349271734894432,0.3401642904232613,-1.0981801082123903,0.2721258504405967,0.34798702102378093
g87,46894.19129557213,2.7571946374854215,0.09690267415389313,1.228826352051166,0.21913691905807176,0.2890988378074825
g88,6455.609541825004,0.6916364223928165,0.13196178678107756,-0.5947654215245424,0.5520002843132457,0.6195289386231714
g89,179359.23433244988,1.803209341950865,0.14755350020511576,3.3471383328929205,0.0008165045426194688,0.001991474494193826
g90,55469.53092502719,2.2769557880000884,0.19900731452962578,4.369333252110919,1.2462645936308348e-05,4.615794791225314e-05
g91,1742.7456786933685,0.3109386758699192,0.12350064526887711,2.9348839044747765,0.0033367250513538166,0.007039504327750668
g92,41890.17987491489,1.4913145103684255,0.13064367948874603,1.7091080114251198,0.08743094386674308,0.12838611434176664
g93,37962.368053748934,1.5722210557240688,0.1383680661718569,2.8332337006127584,0.0046079683927328485,0.00942324824689744
g94,54893.1726019128,1.618840651273373,0.18199462732426133,2.4582588779952825,0.013961249377607132,0.02524638223798758
g95,30402.886873087,3.1190119971600923,0.127326746118594,14.316527087677446,1.7253217994138226e-46,5.751072664712742e-44
g96,407437.3645633801,1.823459830611662,0.14472231413762585,1.3272551050072523,0.18442430943863652,0.25023651212840775
g97,43251.36023323114,1.0686375856344947,0.20289714992396682,-0.9985486883849578,0.3180133673729695,0.394068608888438
g98,93556.53959186978,2.284265911937501,0.11623975160223667,8.795828462169508,1.4199637601056775e-18,6.45438072775308e-17
g99,110425.3415991177,1.762833893866181,0.1529314257031364,2.2613311595827916,0.023738758102235167,0.040011377162525
g100,17968.85402353895,0.2020642760211784,0.1814716885135906,-0.36064022388671896,0.7183684157643098,0.7658511895141895
g101,20359.38499359938,0.7390397217090159,0.15158293365606382,4.914874032200421,8.883956259363766e-07,4.627060551751961e-06
g102,124017.83208133113,1.7278050933614988,0.08805435190402655,-4.543950238315477,5.520969648260125e-06,2.2442966049837906e-05
g103,116429.93360032284,1.1645411499005456,0.1220672933464256,-2.3843544849608227,0.017109112866969634,0.029963420082258555
g104,26461.03216848206,1.8782177394035524,0.16786468299951832,5.130772153524843,2.8855602322515275e-07,1.717595376340195e-06
g105,180034.63051346925,2.024848225555094,0.17287378938875655,2.332330541877712,0.019683308995615375,0.033936739647612714
g106,85404.62180083634,3.354350344125314,0.1027996404363272,21.961843688130447,6.673572167373575e-107,6.673572167373575e-104
g107,183695.0790245256,1.7505225859297746,0.10475016356820184,0.7787295188079302,0.43613906363732047,0.5113001918374215
g108,181245.89717042877,1.84665508421349,0.12724354729415135,3.367050861716188,0.0007597667431302698,0.0018576203988515155
g109,383578.4575549765,1.6145923142501994,0.1390507403799363,-0.39040502112801595,0.6962370755414773,0.7486420167112658
g110,10895.571016533693,0.3248993013610583,0.29523432099134084,-0.9008347218191536,0.36767620323353445,0.44191851350184425
g111,170902.01940669975,2.619980149862858,0.1630015200718783,3.8548382735773354,0.00011580615813218176,0.00034569002427516945
g112,10289.349676727066,1.0965815060876831,0.28659130302378244,2.2955303685832127,0.021702748085666728,0.036972313604202264
g113,247614.22962873784,2.7472039190916107,0.0898426326455941,14.10353657724668,3.612046539521509e-45,6.020077565869181e-43
g114,6548.9337958498945,2.188799688871558,0.7700173386388308,1.614992616642799,0.10631229379528088,0.152967329201843
g115,36998.21302854958,1.5233862085611642,0.20616283138502214,0.4349453830480944,0.663602071942414,0.7181840605437382
g116,13977.419385017787,1.0976980121858255,0.10768141056981684,-1.9243000053749584,0.05431698992034135,0.08369335889112689
g117,41068.41248706168,0.40028975278877954,0.060892708038039964,-2.697725124609485,0.00698150612802911,0.013556322578697301
g118,61811.94288218026,1.965672499914047,0.1166548097305146,6.993027296667274,2.690171431231967e-12,5.604523815066598e-11
g119,50607.052347864235,1.9488876952106784,0.13242866237620138,1.270111748876086,0.20404482716654304,0.271777457219777
g120,16841.279386990453,1.5841464703341581,0.2744263459513968,1.8160778938578954,0.06935842421280129,0.10429838227488916
g121,1152.302977868179,-0.11495199504787793,0.17433494062843835,-0.5628945228343879,0.5735067100696964,0.6379384984090061
g122,419.04543221109543,0.873576751253633,0.23647915563687508,2.589798506430611,0.009603212325407836,0.017949929580201564
g123,155.196283782133,0.24846617347781877,0.3103293223138889,0.9861900873554768,0.32403984265743824,0.39955590956527526
g124,344.0761272827432,1.1604874203382005,0.2399039850052342,-3.3251044978433133,0.0008838540106094373,0.0021400823501439158
g125,1264.5168630783764,0.642607851519771,0.19421560686831912,1.9534589775748041,0.050765233630376355,0.07870578857422691
g126,587.116183090063,2.196024762815255,0.21548903751089776,2.145574625985078,0.03190693165087411,0.05146279298528082
g127,601.316034261524,0.24662743270165757,0.3178864773636766,0.9393917582604479,0.3475296429581314,0.42175927543462544
g128,1987.3192427913477,1.5697406375527447,0.16792222516587332,7.500219643862863,6.371098477763948e-14,1.8738524934599845e-12
g129,541.3849027378462,0.6326055276404474,0.18112077207504534,2.5070884465510543,0.012173024734621849,0.022418093433926055
g130,11967.360865709265,0.7239929376915986,0.17614659047017295,4.6199852099524605,3.837673996354155e-06,1.6613307343524483e-05
g131,2247.867196480928,0.15570017888960747,0.15928157544333912,-0.1625547243177137,0.8708690374873832,0.8931990128075724
g132,1249.926245842608,0.6895846031942362,0.3467503396456417,2.548795316667333,0.010809572273361599,0.020054865071171796
g133,497.00970780406834,2.30280230212124,0.3222919963978871,0.08599242162785231,0.9314724415760873,0.9446982166086079
g134,648.4150341605886,0.3351865153422097,0.36062105020284013,1.2699431806403891,0.2041048703720525,0.271777457219777
g135,509.3866483003638,-0.6704517877150447,0.2198381530730714,-3.236814212326109,0.001208720768492444,0.0028175309288868164
g136,454.74357048949486,0.6891525364921695,0.261033920594387,3.0555119826868937,0.002246766247988034,0.0049488243347754046
g137,540.5480889749169,0.28415252693314247,0.21509905841537008,0.4780805993499476,0.632592839831779,0.6956010874425326
g138,1266.4897768556175,0.42162984753147975,0.2529683091706507,2.028394570021764,0.0425199938517346,0.06685533624486573
g139,2087.48800469861,0.7142341746910058,0.1720438384551954,3.626731917142125,0.0002870310224125423,0.0007799756043819084
g140,1985.7522262463121,-0.1545391660567069,0.17399535399413635,-0.6174760545962086,0.5369207706801193,0.604640507522657
g141,916.2710923627574,0.7905191856459678,0.16152562867320142,5.221977389809927,1.7702258759354377e-07,1.1203961240097708e-06
g142,404.1025419310341,0.9912636205458935,0.16269366819428385,4.881610484767061,1.0522294199950345e-06,5.287585025100677e-06
g143,259.37111893263994,0.41672863382479314,0.2977186094556794,-0.254544837027785,0.7990746695280442,0.8315032981561333
g144,265.23341696913155,0.2980404987279511,0.34253710589688696,1.1470775226418584,0.25134958269663155,0.32583066217849527
g145,1579.9534722732137,0.6649440389373442,0.2352809454417635,3.2650563705193933,0.0010944229374247323,0.002563051375701949
g146,984.6377503382053,1.8114437952469258,0.29817980336452854,4.553579778250559,5.274065750122208e-06,2.1703974280338303e-05
g147,267.87745712992324,-0.6454429747472409,0.307424167076546,-2.7529435243355183,0.005906208390069328,0.01176535535870384
g148,2842.608396630604,1.3899614921680796,0.154793994653388,6.313525586889497,2.7274920535098203e-10,3.2470143494164527e-09
g149,744.0387235813089,0.3350613469781824,0.1858006355425776,1.0273311734146648,0.30426454826530824,0.3798558654997606
g150,558.5327789203269,0.637625742808582,0.23256260001264775,2.478553983193844,0.013191614736195983,0.024072289664591212
g151,466.4743958231758,-0.031606903703931225,0.25274996902060504,-0.09684817754816258,0.9228469635784791,0.9397108703484598
g152,846.4979123895282,0.2502058128338711,0.2083190401504509,-1.6341462005276624,0.1022281558855032,0.14751537645815757
g153,4996.210592825145,2.000151806672671,0.5737646997249258,2.343659568771511,0.019095591986601,0.03298029704076166
g154,623.7540771553985,0.19639950512530494,0.16975271257415467,1.2984803362480573,0.19412232906582438,0.26121991133763495
g155,1390.9494217057313,0.9621466948096833,0.23313099425750924,3.1664515483260636,0.001543110504590915,0.0035230833438148743
g156,383.3857659403307,-0.27618677570657646,0.2701787982004579,-1.2315710211891313,0.21810937151258458,0.28812334413815666
g157,1208.794711224662,0.0365074948793075,0.16186475602207986,-0.2112246267918165,0.832711994848806,0.8611292604434395
g158,1341.3603706918548,-0.130527973080082,0.20500026961996815,-0.7228586141056822,0.46976675207405827,0.5424558338037624
g159,4022.384059950965,0.6099231864516468,0.17188205126662418,3.391150122035224,0.0006959996612672075,0.0017185176821412531
g160,6290.078026927222,0.27897256173708496,0.290312198769493,0.25464077781225164,0.7990005609661409,0.8315032981561333
g161,667.0883851196024,-0.06744382296021995,0.24888015978586175,-0.2880480943163219,0.7733099240957522,0.8109425624215653
g162,1158.960840347412,-0.21731638491996252,0.3400412044818628,-0.7953249405300021,0.4264245093080232,0.5010863799154209
g163,422.4282130199925,0.6840006028251577,0.306312827794044,2.641411661778956,0.008256133446754669,0.0156309065126523
g164,1817.8591015433326,1.8884307512280936,0.17762501112413778,9.311114916560232,1.2649743267491559e-20,6.657759614469241e-19
g165,339.00182004762956,-0.12354709952935795,0.2570584066783158,-0.5544386670165167,0.5792786695069423,0.6436429661188248
g166,1954.982311704202,0.42589985547156667,0.1800225608924413,2.72537488519552,0.006422851400924554,0.01254463164243077
g167,416.7685943877217,0.3745414603627295,0.22123329252088886,1.073830879768224,0.2828984870887252,0.3580993507452218
g168,2406.333908896881,-0.12488191132211607,0.2458901820151406,-0.5741531126568509,0.5658641947115595,0.6322504968844239
g169,3396.2278123549904,-0.036818106770702436,0.17991811787927753,-0.3584127238454676,0.7200344710427244,0.7668098733149356
g170,774.7092704065105,0.0632752645434291,0.20841158464866655,-0.6404145256772344,0.52190314182776,0.5903881694884162
g171,2259.85707678231,0.48641867404668515,0.3144483364148698,1.1246103843186785,0.260754171385451,0.33602341673382863
g172,644.3055146854874,1.6914706053236486,0.39524647848536276,4.3143113646094156,1.601011695008712e-05,5.738393172074237e-05
g173,503.6829529064186,-0.5974933811063662,0.37760626752185883,-2.1465408706303064,0.03182985164527711,0.05142140815069
g174,639.5069491897704,0.0799015089677379,0.21040730753552744,0.40744434280376896,0.6836816644281498,0.7367259314958512
g175,3024.6249427195594,-0.3429117782868181,0.2580006734879623,-1.0789686493323265,0.280601703639889,0.3558365822872035
g176,834.9366091924388,1.1998548574461467,0.13545938346852374,6.950868029292168,3.630453745335355e-12,7.26090749067071e-11
g177,236.92453748881968,0.08449386101873024,0.18353123353135284,0.5723368591630572,0.5670937831465207,0.6329171686903133
g178,439.0203395319446,-0.2450744031557925,0.20032123914689398,-1.2968274347261197,0.194690568825999,0.26132962258523357
g179,629.1558448332413,1.9308561931022004,0.1442429500892287,4.133301325586026,3.5758941175383904e-05,0.00012162905161695204
g180,461.53309620810086,0.2404792507680358,0.21336496776789513,0.3444438161656493,0.7305125419307305,0.7771410020539685
g181,4050.6207087912526,0.7959942591353307,0.1567089351709416,3.0128864901049477,0.0025877568937497726,0.00555312638143728
g182,285.00077122678806,0.2965647436543178,0.22643192829664083,1.462681843618379,0.14355445656822874,0.1999365690365303
g183,468.59268634861166,1.7775506911005432,0.1971189772388469,0.563838523995517,0.5728640312489257,0.6379332196535921
g184,2352.602194410766,0.08017325521916362,0.19529781621139916,0.4746250983958577,0.6350542137196992,0.6970957340501638
g185,839.2904276995465,0.7759088240913887,0.1868358429807093,2.839593514928727,0.004517105299491418,0.009256363318629954
g186,320.64440234089506,0.27280653159291424,0.38565810600532985,0.9665436733173232,0.33377220429135046,0.4097735433849644
g187,1723.647296388402,0.35908569877208973,0.2447469610827769,0.9933533618198497,0.3205377812302922,0.3957256558398669
g188,427.69122613557346,0.18590711020709266,0.3181000113967655,0.5004378115679025,0.6167668346556885,0.682264197627974
g189,987.4862184959704,1.4322144747341847,0.24448202532648977,6.218488144891699,5.019678648401705e-10,5.64008836899068e-09
g190,13471.196333151776,0.8232147618149086,0.18336656146800828,4.916323670004927,8.818455349785433e-07,4.616992329730593e-06
g191,1307.3592850727687,-0.15902003045777982,0.25980415932612694,-0.6923981061646263,0.4886873548199704,0.5604212784632688
g192,498.2011975118459,0.21002719930574637,0.2380184337931122,0.9958007550110776,0.31934696338428714,0.39496931592037665
g193,2223.140031624116,1.7351288991322413,0.28981478654436527,6.318109428416891,2.647825038385515e-10,3.229054924860384e-09
g194,757.5330240955175,0.7477871191304354,0.3634642311446865,1.560135042557566,0.1187279720242555,0.16848058719163841
g195,429.33155142955286,0.236384735604684,0.41529274094333746,0.7527975748908573,0.4515715642968844,0.5244733615527113
g196,1150.7398354695629,0.24427603274405799,0.27027473486464687,1.0639168297227515,0.28736637824310685,0.3628363361655389
g197,580.414075437955,1.141741487690393,0.3445988482560156,3.7277371091399063,0.00019320675960486305,0.0005473279308919632
g198,1068.7573607029603,-0.20970921097142617,0.22188597381127642,-1.1261390734466235,0.26010665739441496,0.3356214934121483
g199,348.7081963934205,0.0863933635396201,0.2280694850068837,0.38109344039200094,0.7031339146306091,0.7544355307195376
g200,449.53346371293384,2.339389017269074,0.17959635571689445,1.3822826122846494,0.16688494270153842,0.22986906708200883
g201,761.1719895763332,0.5112360221165446,0.11566145564515506,2.880824423250975,0.003966365222608745,0.008228973490889514
g202,10995.326788901399,1.4720229345904505,0.13147625954063327,10.943805902448897,7.114904183659898e-28,5.473003218199922e-26
g203,4219.198833789292,0.5781176384617712,0.10318596690307691,2.4916778308427325,0.012714130311716147,0.02324338265396005
g204,3252.8244142186095,-0.4340024024056393,0.22196289917975973,-1.8224479466497763,0.0683870451247289,0.10299253783844714
g205,924.5506285145341,0.25692388584213166,0.15860234295223619,1.6946511597310148,0.09014161584745167,0.13197893974736702
g206,774.831114092205,1.2387944428684323,0.35535626031681217,3.988184055976826,6.65809995153817e-05,0.000212041399730515
g207,1205.7219594794144,1.8170762980483304,0.30771284919918185,5.37269907953582,7.756671611403097e-08,5.580339288779207e-07
g208,518.9123910335029,0.5012206470065017,0.16913114500680915,1.980823076827956,0.047611117930000404,0.07450879175273928
g209,3865.6806877848453,0.8452972006493168,0.17216081011328002,5.278047568764983,1.30567575072747e-07,8.7045050048498e-07
g210,2051.4355456454773,0.5174885997244604,0.20206590320918588,3.0336089961298405,0.002416474012832884,0.005230463231240009
g211,1438.399758261739,2.0408672865883832,0.19882631132435588,8.75133667527401,2.1084032339734462e-18,9.166970582493244e-17
g212,332.5464885885199,0.6830681141586327,0.20096105947766596,2.4105867607576563,0.015926882696585078,0.028209392677750283
g213,1137.7846772692233,0.31248509646267336,0.15477404974564132,1.024641305183545,0.30553246728491446,0.38089815396692706
g214,282.19656421666997,0.06130581806801057,0.2254492418292541,0.05670354358760995,0.9547813511849564,0.9614636206180944
g215,2300.2541207983863,-0.11504806560231788,0.18055194757453255,-0.47029881097957726,0.6381415468599551,0.6989502156187898
g216,376.3024235523772,0.18551517315477792,0.26785894437423646,0.3708620165649158,0.710740307249784,0.7593379350959231
g217,901.8507252575633,0.8545208986786091,0.23162706836296154,2.851636367538732,0.00434948254287817,0.008931175652727249
g218,972.1143162468946,2.2776243595871963,0.2541891010212505,7.31889557840704,2.500200465835885e-13,5.9545889484526696e-12
g219,550.6113981909219,0.2326610690041017,0.24540546071826924,1.039130102483313,0.2987442326567692,0.37483592554174305
g220,475.6014477928863,-0.017711562552350294,0.2233401889095596,-0.05314325686178239,0.957617766135622,0.9614636206180944
g221,6872.946191743109,1.6458338427691266,0.18097328186781503,8.998466735652443,2.2889185244190415e-19,1.0899612021043055e-17
g222,685.1507078766026,0.7795578977671146,0.240921986436912,2.4694059809331477,0.013533757753418998,0.02460683227894363
g223,641.2542946930422,1.748185762340691,0.19399877500120447,6.551781483264918,5.685469652798257e-11,8.360984783526849e-10
g224,1260.1006098092541,1.2153807929532046,0.17139356719391893,7.3841972178072695,1.5337596142710642e-13,4.036209511239642e-12
g225,536.5083384501179,0.5886176943246829,0.27451992494024513,2.475444844621089,0.013307031388933705,0.024238672839587805
g226,5331.903086108008,1.2560623165464209,0.10579159739609495,-2.123764125828177,0.03368987217892943,0.05407684137869893
g227,2833.452759337878,0.5229648111760765,0.35095139501731776,2.0637654713729248,0.03903995834302999,0.06196818784607935
g228,1415.1170508702915,-0.4263128833604489,0.287021035706637,-1.4774283053441937,0.1395608633672293,0.1949174069374711
g229,862.1734005189453,1.9314915799691639,0.13835934052425142,3.9850370617503508,6.746959424587474e-05,0.00021418918808214203
g230,407.2624141126561,0.4017529879525071,0.17157773492039344,0.7551550300255878,0.45015596762342236,0.5238013800143165
g231,794.2470920085815,0.372270882256256,0.23347263620896963,0.8336593043082582,0.4044729967131492,0.4792334084279019
g232,462.48688215826905,0.8195805325340914,0.2502187214243287,3.245910852422243,0.001170754947974687,0.0027354087569502034
g233,3267.924842711988,0.4605605679012913,0.13848089925328558,3.502874976079191,0.0004602654427371497,0.0011741465375947695
g234,2121.7157567554073,0.27194543263330484,0.23976076910766667,0.9433323482201345,0.34551093483437767,0.41981887586194133
g235,5753.953504198845,0.6584726749083326,0.1807764658909859,4.171192523750464,3.0300971647836718e-05,0.00010448610913047144
g236,531.2231255419292,1.1099379564591623,0.23525914078001758,3.0755911857202753,0.0021008567814842956,0.004668570625520657
g237,341.73332223967526,0.31707291557640366,0.18209209964573236,1.3404372434194745,0.18010323431284414,0.2460426698262898
g238,376.19062550490105,-0.042130582883935945,0.24015365391146865,-0.15736827718036575,0.8749546130617091,0.8963014251593934
g239,863.3942600935376,-0.030823330735841446,0.20111226995837,-0.05330603854669995,0.9574880689798984,0.9614636206180944
g240,752.9560912210675,0.9719862411034959,0.26420326060541716,3.3861539114856587,0.0007087961820375752,0.0017458034040334365
g241,715.7889011252295,0.781195018763082,0.22036404655816616,3.9680276251402873,7.246993485435208e-05,0.00022646854641985025
g242,908.7808917671216,1.279261128602763,0.192777473576423,6.925586763079774,4.3417213367830155e-12,8.513179091731403e-11
g243,258.0599304094906,0.024638702028071488,0.22572024147936112,0.10765318774193787,0.9142708043916538,0.9319783938752841
g244,1498.9841647869475,2.5651592135064796,0.13999140358295514,14.146251214166682,1.9698163550862946e-45,3.939632710172589e-43
g245,1542.5791699089382,0.2602900100121699,0.38266611451034493,1.331717899842444,0.18295290503892325,0.2485773166289718
g246,732.3469612571304,1.5926589897924173,0.3363591262214378,3.0185036347296386,0.002540263545042889,0.00548653033486585
g247,1989.2960007378886,-0.21580189895098165,0.22461737182181468,-0.9084423817681796,0.3636445425054877,0.43812595482588884
g248,1249.375357194915,-0.05911562201713656,0.1550346049385355,-0.5287246868235064,0.5969964492722102,0.661858591210876
g249,12694.099202679008,1.4149036012300549,0.31246810133941283,0.7464493706427618,0.4553960049176633,0.527689461086516
g250,1840.7192896216498,0.4119232583026646,0.2372382698225136,2.2162617588645994,0.026673580406354352,0.04423479337703873
g251,5203.009660492178,0.3563296176571062,0.21805098439735432,2.2052459698880105,0.027436838978224073,0.04527531184525425
g252,662.839797900881,2.535934058039099,0.446841475517571,5.091053386851894,3.5607974287176103e-07,2.070231063207913e-06
g253,790.8809616611115,0.5183477479902366,0.22400681956847499,2.7363554094376257,0.006212388936356362,0.012205086318971242
g254,608.4759493153011,1.4353180837848807,0.1714605348333667,5.6087858015955145,2.0375100834384334e-08,1.6300080667507467e-07
g255,365.47561840672654,0.09632383222774202,0.29771899634786475,0.30541294150742093,0.7600516664642137,0.8008246803022796
g256,940.6508969441777,0.16365182484648919,0.1935354755287752,-0.09131043851129308,0.9272459239075725,0.9413664202107335
g257,310.4019339159845,0.2538472594678395,0.23685221927490835,1.303863085519934,0.19228026846979585,0.2594875417945963
g258,2940.336264271158,-0.029775188714606292,0.2793860575632816,0.07576807612985241,0.939603614650227,0.9519793461501794
g259,586.3300572011507,0.8351275043387374,0.38977306289282937,1.1750859759968384,0.23996032070923634,0.3136653893085575
g260,628.1302634826928,-0.07799230422947752,0.23482657124517686,-1.5705707438556766,0.11628239002067635,0.16564443022888367
g261,3397.3829477331574,0.2356003078513468,0.248910857657101,1.3377203665768895,0.1809876092840168,0.24635483931559105
g262,4853.503898290187,0.9506192784589801,0.14061948155242332,4.9760682353107555,6.48887812224984e-07,3.585015537154608e-06
g263,693.3601237626517,0.41133153651243404,0.16736997064280143,0.9798134110558555,0.3271782309207869,0.402928855813777
g264,51094.0998504529,1.7628184409376642,0.14784834909483419,3.579578348523123,0.00034414905750820867,0.0009080450066179648
g265,440.95199219074766,2.2388881215768026,0.35610084091256927,1.7062683092482678,0.08795813561079023,0.12897087332960444
g266,322.9741231920542,0.48053947613867887,0.24993856104312462,1.0023754834543648,0.31616227837839694,0.39226089128833364
g267,1325.5559600651861,0.29126676553113434,0.2482062083387513,1.0354345778587233,0.30046600448032534,0.3760525713145499
g268,320.6064278943134,-0.21107773535256227,0.2488564395382605,-0.9762011550408406,0.32896479097398656,0.40463073920539555
g269,317.8499947187336,0.3413219427703125,0.23047601832568967,1.7249113045201432,0.0845434580081302,0.1245117201887043
g270,1346.0942760508792,0.3504341150606349,0.2719273205968373,1.6400747674962475,0.10098962207967734,0.1461499595943232
g271,8470.528314983614,1.0026405173698953,0.17418147008066548,5.740573203006148,9.435662193412983e-09,8.276896660888582e-08
g272,3269.775513072675,-0.19396169420503823,0.2065144055465117,-0.4598358959573698,0.6456340156414009,0.704840628429477
g273,3198.5989570224415,0.3265698701836192,0.1958012771279202,1.0940515996769995,0.2739323481797663,0.3493345186659946
g274,95250.22538138178,2.4272609487166377,0.1385626068549581,9.44917609883633,3.415081138178805e-21,1.8972672989882249e-19
g275,552.8099305705068,1.665700758566735,0.2507698018895209,5.142185884913616,2.715602315644356e-07,1.6359050094243111e-06
g276,1045.0334836909092,-0.46847115914775567,0.4122496913307143,-1.6095288854043694,0.10750074411421649,0.15423349227290745
g277,538.4905166104652,0.18479896145164273,0.32347622090518285,-0.012542412077846647,0.9899928654224405,0.9899928654224405
g278,2838.219496526358,1.2443837959762696,0.171552112903192,7.558398934764102,4.080608868362959e-14,1.316325441407406e-12
g279,252.63310399327628,0.8243143023968353,0.25096617442253394,2.400917861189147,0.01635400696139391,0.028792265777101957
g280,715.7637546881299,0.26200608940256237,0.33214628157830034,0.9532140184151724,0.34048164510241596,0.4155705996022437
g281,387.75267963511135,0.07284358086286552,0.20680090411912727,0.4278791495900144,0.6687391079984344,0.7214014110015473
g282,1611.4322596842626,0.25386129588754486,0.16063885495324529,1.6332714035130558,0.10241192834364655,0.14756762009170973
g283,869.4858768192522,-0.3242212094843737,0.22276799628343208,-1.559919888156304,0.11877881397010508,0.16848058719163841
g284,5204.6408387576985,0.7690666411602468,0.16209153297013928,5.197007113510549,2.0252261639094507e-07,1.2579044496331993e-06
g285,260.0114427974822,-0.2639934982385312,0.4314687063193555,-0.887018125455195,0.37506914203469865,0.44918460123916004
g286,913.332511831081,1.1182090936735336,0.1585193622403183,7.3742308344372525,1.6529657247506294e-13,4.238373653206742e-12
g287,1010.0085147069125,0.1639174035972432,0.2669947696216448,0.699882802965407,0.4840004979183188,0.5563224114003664
g288,595.5402587817125,1.9693522936847563,0.16436620974625382,3.9842729656941205,6.768703360616245e-05,0.00021419947343722295
g289,1236.5077148369057,0.614589587990251,0.22756524395194103,1.728035415568888,0.08398187512208626,0.12386707245145465
g290,466.51683868840655,0.24945113879953779,0.2282236463977156,0.05149865390693245,0.9589281744565779,0.9618136153024853
g291,676.930460568192,0.29538502099816183,0.23824796459987116,1.235976726617309,0.21646721475671826,0.2864977040047988
g292,523.6496750623082,-0.28234675493758044,0.334358304048003,-1.0477988586009985,0.294731288501743,0.3702654378162601
g293,39501.099408047405,1.6615143294298953,0.16486127425525046,4.436697701089634,9.134943718446621e-06,3.499978436186445e-05
g294,6102.722834950005,1.7907455789400923,0.21864860798019095,6.653313194144731,2.865674754478286e-11,4.622056055610139e-10
g295,2151.2978556683097,-0.13385373083486515,0.20891985610853983,-0.4396344563043482,0.6602018808541886,0.7162313928511991
g296,1547.8716159111339,0.3829759190228484,0.39326780312435083,0.4686726403120496,0.6393036461535316,0.6994569432751987
g297,570.6946222859731,0.4725176072343371,0.30826327787799956,1.840825552864073,0.06564712693102397,0.09916484430668274
g298,784.9515131773333,0.7085500214776884,0.20486279290382228,3.8452859535966284,0.00012041193517994798,0.0003573054456378278
g299,950.5528899588642,2.1960455865959876,0.2368403720185347,7.4866169333834955,7.067158127362167e-14,2.0191880363891906e-12
g300,962.807204906196,0.3326143313838703,0.18044518650108696,2.1686346841907858,0.030110429764640408,0.04911978754427473
g301,1102.5346723249127,1.0651603246787265,0.19637108694042724,5.710686027825062,1.1252166600098468e-08,9.616074971292927e-08
g302,928.3952787873556,0.9733408887496154,0.2346503768820575,4.486920827273201,7.225991144785731e-06,2.8448784034589492e-05
g303,355.11252170398194,-0.1427048587514288,0.23969832250435177,-0.6898788862915297,0.4902703544990602,0.5615926168374115
g304,873.1462235927604,1.4226695235427578,0.7057743007148903,2.6399563038477334,0.008291671725005285,0.015644663632085446
g305,11904.48210940301,0.9578075931738703,0.2965982269266355,1.3097731854985346,0.19027257686670485,0.2578219198735838
g306,325.3263585642204,1.2975178460195476,0.2555528805441231,4.058216575620404,4.944889923679007e-05,0.00016212753848127894
g307,4728.412797035196,0.3617762942032047,0.20100990417818065,2.2829705267337905,0.02243210453037397,0.03802051615317622
g308,268.6192905924103,-0.3775883511583766,0.21188628610914267,-1.9225155154402356,0.05454092321183264,0.08390911263358868
g309,1417.6715857557992,-0.029618944523161033,0.1995385277887465,-0.16518920931158532,0.8687950583102039,0.8919867128441518
g310,814.6004624652464,1.025090219606851,0.17285131847508464,4.674105688336776,2.952372748303397e-06,1.3121656659126211e-05
g311,1385.894543697002,0.9008430935154929,0.26252668415616964,3.8922950910320213,9.93003597681783e-05,0.00030182480172698576
g312,579.6073430033763,0.9755274025330798,0.22570136513040306,4.052925070927246,5.0581206349203785e-05,0.00016475962980196674
g313,403.8572908957781,1.5416055596574145,0.27665350270722205,4.00636710536986,6.165979152015687e-05,0.00019762753692357973
g314,816.9296926403671,1.619685400362002,0.3442479144575769,5.153175466487912,2.5611211581029314e-07,1.5521946412745038e-06
g315,478.90185220016355,0.9018625741664532,0.15795119531066557,3.656387422064918,0.0002557946714866859,0.0007125199762860332
g316,7838.3473309343435,0.9420745042493782,0.26742935412333063,3.084583122961678,0.0020383764136502427,0.004570350703251665
g317,413.00060852075205,0.1420179614581457,0.3076778536267411,0.6206162739448695,0.534852129471197,0.6029899994038297
g318,825.5484070737523,1.0620557202162992,0.2056062809923167,5.110625796570721,3.210934224583713e-07,1.8814888094094458e-06
g319,581.9984144514244,-0.06541958849666298,0.21782712746049512,-0.3236090911644173,0.7462340042982831,0.7888308713512506
g320,3481.534487639564,-0.02891739869380307,0.17392658286368573,-0.1775554517344562,0.8590721128858637,0.8838190461788721
g321,33672.5893754916,1.1218902330138532,0.07463053412324944,12.32303944781879,6.807912677556388e-35,7.564347419507098e-33
g322,1072.58117663575,0.7818260342314745,0.2222140900121341,2.3301222793027287,0.01979968921448098,0.03407863892337518
g323,827.8033656866088,1.1930153046120695,0.23714300193677257,5.367431025649516,7.986603530074817e-08,5.704716807196298e-07
g324,1064.6005613688644,0.25066126214077894,0.18083275518266084,1.5812251652597487,0.11382656332645813,0.1623774084542912
g325,2669.4896911764054,0.2045320357977017,0.18911845154819687,1.146613798191022,0.25154127120179837,0.32583066217849527
g326,1385.9490037303617,0.6086758913268133,0.3677365316081006,2.2515895659646974,0.024348221040687946,0.04092137990031588
g327,286.456694099211,0.6926597861204485,0.5246873130388647,1.992670489708575,0.0462975408460827,0.07268059787454113
g328,4166.601709764538,-0.009463947965891594,0.2524573102577101,0.479943430629398,0.6312676180812749,0.6952286542745317
g329,324.3431861042359,-0.14908980398240387,0.29980262507860606,-0.8897171588245637,0.37361777811711205,0.4485207420373494
g330,560.2072405624222,1.4602183244661848,0.20644686248776126,6.0519631169459,1.4309123624770117e-09,1.416744913343576e-08
g331,469.21010590811676,0.12041935024368218,0.2673119782148661,0.021367986415109126,0.9829521108721562,0.9839360469190753
g332,665.5197295956428,-0.42699854217880345,0.24395423457290924,-1.9746140733765147,0.048311960743464805,0.07548743866166376
g333,1703.4583100613636,1.0073224581494944,0.2253479242612552,4.130241916772124,3.6238170292859425e-05,0.00012242625098938997
g334,796.5096879480413,0.4317232174567598,0.184527816820092,1.4586579489876295,0.14465927541989193,0.20119509794143522
g335,567.7715906420754,-0.5283100721082105,0.2659569860008066,-2.2992167502387146,0.02149263432349445,0.03673954585212726
g336,666.5970574467052,-0.15035138620450803,0.17358530197599428,-0.9072364100828565,0.3642817933389382,0.4383655756184575
g337,741.7810989318523,0.6125822207775589,0.16302623683858894,3.9298880057291132,8.498543594877883e-05,0.0002614936490731656
g338,810.3366943822783,0.6076697740142425,0.23043692323375015,1.7804540599041299,0.07500168129668029,0.11194280790549298
g339,1485.9491390563558,0.8279820160409213,0.221785264461032,3.4361466605381956,0.000590051463658279,0.001471663030225518
g340,435.1406748754184,0.8829300502435268,0.17232969896455833,3.619481910472719,0.000295193445074012,0.0007978201218216541
g341,799.6046807119425,0.7813676218311628,0.21813527858436543,2.2643706698568935,0.02355132635024558,0.03978264586190132
g342,399.97307280977395,0.6800812095835264,0.23662530456728081,1.7674170131117066,0.07715841578080851,0.11467259040753032
g343,1356.4442817590038,0.6864908684626475,0.18933203674786014,-1.3686132237637318,0.17112020821630336,0.23505523106635076
g344,357.6489500565387,-0.40135981018521355,0.20740311275024526,-2.1559265521663042,0.031089400772247137,0.05046980644845314
g345,1107.7962832576015,0.44888477313936925,0.20983244694055495,2.3021092191065513,0.021329013654410672,0.0365222836548128
g346,1010.515591879069,0.326282641347683,0.4424437322006794,1.0533746483771578,0.2921693185124552,0.3679714338947798
g347,613.9647742221807,0.35688729598998237,0.19281528922837776,0.9107897833410723,0.3624061466197007,0.4371606111214725
g348,576.9808830374334,0.2915343911246183,0.2554168215466789,0.9619447679056274,0.3360773489847122,0.4113553843142132
g349,408.6871603571963,0.20638234592459265,0.45513365982109844,0.64510683696711,0.5188579535359343,0.5876081013996991
g350,1057.4179781203868,1.0035876093538494,0.2805125615832086,4.026370695299826,5.6644365494531974e-05,0.00018213622345508672
g351,632.3241323053852,-0.1598580157172314,0.2307758047864323,-0.7902449689796915,0.42938471843517734,0.5039726742196917
g352,2237.969351575908,1.2065666295718764,0.24212112282128223,4.098742110931044,4.154015636133212e-05,0.0001380071639911366
g353,1078.0559040442454,1.4786545888478253,0.2079243156830149,5.680614141636619,1.3421194991466465e-08,1.1184329159555388e-07
g354,1469.0975309761795,-0.19284302082689872,0.23785893435036734,-1.4949655076456323,0.1349234442579028,0.18923344215694643
g355,5791.623148754169,0.7897440475256798,0.20169717614297783,4.23511438946615,2.284353907322097e-05,8.015276867796831e-05
g356,1201.368324604626,-0.04368381232434187,0.3562080710781956,-0.49008349803787393,0.6240748147661177,0.6884822853036332
g357,1682.541131111641,1.802031731859206,0.17956907414286433,0.37218727323514356,0.7097534210472853,0.7590945679650111
g358,1646.2386739640842,1.2968316946576186,0.22872344671673397,5.360188299295239,8.313525247108927e-08,5.896117196531153e-07
g359,643.1188104636965,-0.12189048849661624,0.1416681506233512,-0.8354095962470672,0.4034871285770625,0.47863241824088076
g360,2651.4147989699013,0.8377753635436153,0.28936559370714987,2.588249636762968,0.009646504292182806,0.017997209500341057
g361,7675.69215068313,0.8513205496825035,0.12220858984979305,-0.06382772972610208,0.9491073981435072,0.958854290256589
g362,1710.225651028545,1.3978682105729405,0.14970554530718735,6.793619753365215,1.0935438296841916e-11,1.9527568387217709e-10
g363,1798.8803795951142,0.07614268401505896,0.1655912799386099,0.46570958532718776,0.6414233903492588,0.7010091697806108
g364,1092.1813097632798,0.3749584854243577,0.1946628644718875,1.0933786189472288,0.27422759715280576,0.3493345186659946
g365,1081.454061596395,0.6732234715468598,0.18487206091391742,2.4213337021559798,0.01546367456754491,0.027564482295088965
g366,610.865517872877,0.2862797772296694,0.5230936075015281,0.9472894747478967,0.343491292656963,0.4183332956654924
g367,2764.823511920773,0.4439548135082282,0.26758671150363034,1.3374652840084718,0.18107080689695942,0.24635483931559105
g368,810.8106128689208,-0.20119937194626403,0.34175952508174606,-0.6855469703937784,0.49299883159741764,0.5635377373051575
g369,858.2953486243575,1.6283764690145832,0.3417497318440282,5.187429613444929,2.1321647116887112e-07,1.3137634209498438e-06
g370,1053.548063376448,0.7973818151226041,0.40406012488623416,2.595491578661728,0.00944557176100174,0.01772152300375561
g371,364.46331798362627,-0.32628265389117417,0.1984077019365766,-1.7834261905429387,0.07451695300797738,0.11138557998202897
g372,37884.8653145788,2.5074746459430344,0.12443318664946895,12.624275540055132,1.5516282194385587e-36,1.9395352742981983e-34
g373,710.9834656084113,1.79708316538068,0.18477524552348387,8.660537444377523,4.6954516807920844e-18,1.956438200330035e-16
g374,1788.4052163131928,2.494548018473384,0.17611253973636493,11.860194019118003,1.9053310737088547e-32,1.587775894757379e-30
g375,286.10803289884336,0.1154476021204173,0.3276768030634854,0.49007317574968673,0.6240821187922292,0.6884822853036332
g376,4027.9142068155575,0.20511090620889363,0.16052469828577884,1.6361720114111495,0.10180359237021684,0.1471150178760359
g377,1439.7482889853434,0.7590940820506741,0.278205348267838,2.748701380303318,0.005983186845088817,0.011847894742750133
g378,7350.336985000262,0.8291261237444106,0.19423964255995718,4.350028762122328,1.3611967676874583e-05,4.967871414917731e-05
g379,758.4027400812288,-0.1824602672459373,0.3232705939605209,-0.6594774511140925,0.5095892212058157,0.5803977462480817
g380,3726.0581602884035,0.022664409670063626,0.18732713915389537,0.33161173759736656,0.7401824553449712,0.7840915840518763
g381,663.4158979631612,-0.04917700330931067,0.2561858898836182,-0.20415548612298523,0.8382319956287665,0.865834710801931
g382,321.2655095103645,-0.13336760441142542,0.26196893185681075,-1.4518640720639386,0.1465394041478643,0.20324466594710722
g383,289.3924800705977,0.9613822614034987,0.18730345623297848,5.227242603582689,1.7205667781590582e-07,1.1029274218968322e-06
g384,1016.0284863746454,0.6206253920528867,0.136698499792464,4.776698067547375,1.7819702633420097e-06,8.445356698303364e-06
g385,1607.373080312074,1.300675905923794,0.20202574425649636,6.824986439875735,8.793362100852495e-12,1.5987931092459085e-10
g386,2132.264043410455,0.33015993052650977,0.2951276852942549,0.8884496890814151,0.3742989071949854,0.4487996489148506
g387,1576.9428087826332,0.3992860989869715,0.23007123578746885,2.131474069889823,0.0330501064371703,0.05313521935236383
g388,469.4753688204185,1.3954259090656702,0.17719094154466233,6.387448751252913,1.6867610932899388e-10,2.249014791053252e-09
g389,319.0479932171035,-0.43241599427094785,0.1647190169371836,-2.749012539587908,0.005977509939288414,0.011847894742750133
g390,739.5897385153487,0.507273969733705,0.185973176305824,3.0505200029479993,0.002284454627541436,0.005009768920047009
g391,1200.0911852217087,2.4115680101132444,0.32047383467641466,6.381220383715147,1.756822645535107e-10,2.3116087441251404e-09
g392,776.5745553113729,0.28729700518388834,0.2650452412180239,0.9465463974265296,0.3438699690370347,0.4183332956654924
g393,1585.757652307409,-0.11610430277777861,0.30187828538818123,-0.32697732287811826,0.7436850370358361,0.7869682931596149
g394,2617.1460667095243,0.8645005214052083,0.35094543477582785,2.6326268311680563,0.0084727381953907,0.0159561924583629
g395,3698.842016705137,0.2474016873730117,0.19185998850091324,1.4928184614806326,0.13548471340462934,0.18975450056670773
g396,1015.4573348473143,1.5261776154091344,0.34245399413597644,4.43009667816841,9.41908522566923e-06,3.5678353127534964e-05
g397,2226.853788545002,1.7539985354810357,0.3367692371696383,4.683948334310579,2.8140096704512435e-06,1.2562543171657337e-05
g398,145.8319264165978,0.10725567181390826,0.34228157072442167,0.43187219832359436,0.665834302043927,0.7190435227256231
g399,1876.7334916256655,0.7705820046147597,0.12462937934690932,3.496177907844432,0.0004719739083699136,0.0012009514207885843
g400,974.422532341702,0.3989099086554002,0.28104508915058485,0.43229337045369626,0.6655282049092143,0.7190435227256231
g401,289.04881161343053,-0.05418976382780167,0.19469767882318972,-0.2553152396184963,0.7984796303878006,0.8315032981561333
g402,1349.5332630576472,0.4370273020193866,0.2152483213359328,0.375172328551763,0.7075323082966488,0.7575292380049774
g403,872.6277517821887,1.0196871965903813,0.2251447712156034,-1.2997541566391613,0.19368524229756956,0.2610313238511719
g404,5643.043682579986,1.0365387291089392,0.22979055586707076,3.8806870258758783,0.00010416181036651386,0.00031374039267022247
g405,1401.6616919090307,0.5270437602077817,0.27445925877099536,1.0356646299924464,0.3003586288653104,0.3760525713145499
g406,25845.39213545865,0.7632437223431195,0.12753033297883043,5.902208149812461,3.5866823819099246e-09,3.415887982771357e-08
g407,3120.2090894602397,3.080982334546637,0.5922613082821994,3.272921431423843,0.0010644206101317964,0.0025163607804534194
g408,1074.5246128918675,1.496025976377408,0.19382985577760975,8.078294853351633,6.567864791039435e-16,2.345665996799798e-14
g409,1868.508043350253,0.2712320441134544,0.4696940605080131,1.3939908961693992,0.16332035379630827,0.22526945351214936
g410,13809.372367863922,1.5899686314232133,0.19943441422893673,5.658417004740569,1.5277556450610054e-08,1.2522587254598404e-07
g411,2733.6114816750664,0.06720090971334555,0.15391563281913948,0.7737433740673669,0.4390825647847809,0.5135468593974045
g412,6008.452239305229,1.0478093801217685,0.18487498934429017,5.9632848847709345,2.4721684769813537e-09,2.3770850740205324e-08
g413,1507.521758333269,1.3772898770224824,0.2057905029456501,5.47166735945284,4.4582104810453904e-08,3.3409514006275324e-07
g414,429.1696982524023,0.0469301419008241,0.3391912972207723,0.14838463750035635,0.8820392233566114,0.9012078892207808
g415,263.5389071406786,-0.47865534301665297,0.256398368771971,-2.119957814526361,0.0340096030487402,0.0545025689883657
g416,734.7570377154805,0.9930519522969772,0.2154123693302945,3.756381386947467,0.0001723879186238166,0.0004974816434633515
g417,1112.4681811204298,-0.2897509083817249,0.26103972909973255,-1.2866114547136789,0.1982297491549153,0.2653678034202347
g418,946.1590021802349,2.9161050397554344,0.21332356280160233,12.146750775445637,5.969101527014271e-34,5.969101527014271e-32
g419,493.40680530700956,0.20936243823333797,0.18343955450351515,1.2637138594913089,0.2063327487614356,0.2743786552678665
g420,290.9615490340858,-0.05595052633974051,0.25568958455559865,-0.6351335824307154,0.5253412962179196,0.5929360002459589
g421,4361.974209669403,1.122695059606137,0.21170312403367245,3.4159836527495684,0.0006355206198205187,0.0015769742427308156
g422,473.17208913564554,0.7640830603299268,0.2656445468139402,2.1026772709869554,0.03549399021189524,0.05660923478771171
g423,2059.851480751252,0.8091676641285916,0.174583740130279,3.0835757171721654,0.0020452905623817704,0.004575594099288077
g424,899.1755636818991,1.3315396988855388,0.23225219913506362,4.62579756599024,3.7315963338642905e-06,1.622433188636648e-05
g425,508.52632964186284,1.492838767383068,0.3157261924448587,3.860056422956426,0.00011336084676032761,0.00034042296324422706
g426,532.6219414180995,0.9201325269362052,0.2208675339349179,2.417233206304245,0.015638993890910526,0.027827391264965348
g427,1584.321382461134,0.35156140039967243,0.21783506021989024,1.9451693177007527,0.05175460331652144,0.07999165891270701
g428,5928.221138273357,2.3880622489721026,0.304232982533218,5.624605057672046,1.8593286987082885e-08,1.511649348543324e-07
g429,969.5672891590926,1.5424290638622735,0.1324793732474065,2.1522359496951777,0.031378775559713516,0.05085701063162644
g430,898.5047705033564,0.8212908388357161,0.28933434098237587,3.3744271084353374,0.0007396950263488491,0.0018174324971716193
g431,677.6468708120184,2.0395221241850887,0.14598277017281072,3.062577428216107,0.0021943969694906912,0.004844143420509253
g432,466.7800378591243,0.7980004306785912,0.3784861299138196,2.6251124408154647,0.008662035713566302,0.01628202201798177
g433,421.84674479508965,1.118811136428316,0.23193824724328627,3.7997210502983094,0.00014485905121989403,0.00042356447725115214
g434,1569.2004341360177,0.273238135891399,0.1758526899445893,2.448878926997029,0.014330160844702585,0.025820109630094748
g435,841.3540052486929,1.3683202100715637,0.2765086817579599,4.489885227872137,7.126156007360632e-06,2.8278396854605682e-05
g436,3828.366482849041,0.4780262376038555,0.40084759030245865,1.8626990292250387,0.06250462255043729,0.09456069977373266
g437,2763.0172592469385,0.905770649508138,0.3411908712021771,3.2254697536776775,0.001257661239905338,0.00289783695830723
g438,11508.9507086667,0.2803426540132814,0.2926011114292432,0.9303471584443593,0.3521913683712663,0.4258662253582422
g439,366.9314834060704,1.5556748444666593,0.3360278298904581,0.9661573758659122,0.333965437858746,0.4097735433849644
g440,846.6161322355478,-0.09879018993186564,0.2189041865469188,-0.7469600970161696,0.4550876477837952,0.527689461086516
g441,1294.5419500253988,0.4650348843450893,0.24773689110268768,2.230242905184626,0.02573132129327394,0.042951642975116444
g442,13713.220735858704,0.1905392745150567,0.21548847684331116,0.7956795490751968,0.4262183165961202,0.5010863799154209
g443,1155.237351164898,1.3998021006381387,0.24145804015951422,5.2901857724890355,1.2219218385703563e-07,8.200817708525881e-07
g444,329.02901521123283,-0.17602241664678686,0.2855070922731538,-0.7193819812881742,0.4719055958853805,0.5430444141373768
g445,5170.818186537321,0.46667505003146814,0.1959620364526374,2.925866233874042,0.0034349859981826067,0.007231549469858119
g446,851.3794755694425,0.11953081067910148,0.15952092458890854,0.8116122816712418,0.41701414174132423,0.49176195960061825
g447,437.76283643081086,0.6772525918856493,0.19049193887669397,2.9185850235990736,0.0035162396985464897,0.007371571695066016
g448,21051.13187957351,2.9895998875729255,0.2152367389116195,3.0513137795274288,0.0022784233191810435,0.005007523778419876
g449,303.1084626469231,-0.13230436015933475,0.2628279140750601,-0.5756391719713485,0.5648590981082675,0.6318334430741247
g450,1777.6703521872357,2.063514009513806,0.1909914238010518,8.434718844993093,3.3199996321477124e-17,1.2769229354414277e-15
g451,1415.840635934212,0.5882183107203477,0.21029696519388472,1.9631136435580903,0.049632970567412255,0.07730992300219977
g452,261.9767059939437,1.5628559966182467,0.17757759339261575,-1.2479689969742522,0.2120424110885567,0.2815968274748429
g453,783.0362189907073,-0.16681851014297797,0.24888785279785908,-0.7630053078907083,0.44546023034246374,0.5191844176485592
g454,1022.6042919425448,1.0216284142404664,0.23371247915808024,3.7002054895242913,0.0002154249575137083,0.000605126285150866
g455,2196.7673200277213,0.3719764862082574,0.23827786368313095,0.6540535370876173,0.513077314291559,0.5830424026040444
g456,1621.7276429315987,1.0798105709579642,0.25899011976540043,3.0437103121026903,0.002336800404484234,0.005091068419355629
g457,460.4434054572769,-0.17029904148633357,0.1669055130877599,-1.0861279511042594,0.2774223876959889,0.352506210541282
g458,680.840073633246,-0.26581655963130874,0.2461209881789038,-1.2029216526353324,0.2290066404315596,0.3005336488603145
g459,39439.803229638186,2.5480957643161433,0.1193189202930524,4.711862816904212,2.454626039297601e-06,1.120833807898448e-05
g460,2116.280198976893,1.4590569407413545,0.29965965882792384,4.1745884335354,2.985252428069794e-05,0.00010365459819686786
g461,1145.4810487752231,-0.042566880918254765,0.1975668374595517,-0.1875779168351903,0.8512075387540453,0.8775335451072631
g462,12598.429080533731,0.9874119665937252,0.5097417499830136,-0.3019023509799792,0.7627265035149953,0.801705541966418
g463,1222.7699027881413,0.024186282827237223,0.198157573448245,0.09572902825815874,0.9237357855525359,0.9397108703484598
g464,2401.2560719565745,1.030157527587405,0.16143471800919543,5.540354808447508,3.018594218276914e-08,2.3399955180441193e-07
g465,2373.6354191783767,0.30798879584250316,0.1670354747123976,2.2328163846541393,0.025561055346254687,0.042744239709456
g466,631.6346662457258,0.17739185139912422,0.16673622138397104,1.1176987229785287,0.2636956883619067,0.3389404734728878
g467,355.2756997217853,0.19033586838255934,0.16015694771112893,1.2446582909458224,0.21325738368086722,0.2828347263671979
g468,524.7110271268983,0.8656021640042942,0.16173035924488796,2.824632773296041,0.004733483221199173,0.00960138584421739
g469,233.8931194058736,0.5035850067138409,0.25529594916118975,1.2106069707418528,0.2260460714079161,0.2970382015872748
g470,2059.065021632026,-0.225312944491836,0.5124495434187121,-0.8314649743360522,0.4057110069906982,0.4801313692197612
g471,421.5490652702307,0.43319146931207375,0.35974442623424263,1.562123717532423,0.11825884655031563,0.1682202653631801
g472,696.0849188832605,-0.011476781685152284,0.2578608554529445,-0.5260156132070395,0.5988773589416765,0.6632085924049573
g473,675.9208466859694,2.0822438719380254,0.13279543189587797,14.282018021625536,2.8327796020737165e-46,7.081949005184292e-44
g474,415.859064426622,0.32330020027717327,0.1624783689858839,1.1370018984658339,0.25553749202712817,0.33057890301051507
g475,1382.5133562761669,1.215471001811153,0.1708414558203984,-2.6958801268963386,0.007020292566162989,0.013558816489329738
g476,539.6712232204931,-0.06814119225905989,0.3513705794363087,-0.2413136126220851,0.80931206125109,0.8399780597760017
g477,1696.5734539614411,0.5133980042507063,0.22639488707734318,2.7084609046536623,0.006759607558686734,0.013150987468262128
g478,3021.827731385264,-0.05612698804637506,0.23163230270616267,0.05491041701929925,0.9562098328202284,0.9614636206180944
g479,749.9656413508089,1.768652050517635,0.2242632532129015,8.19591712408324,2.4868964445302364e-16,9.210727572334209e-15
g480,1184.5175826618886,0.1461851141164405,0.1858773119592234,0.25617993476736467,0.7978119015098469,0.8315032981561333
g481,3184.4842677402266,1.015943990105132,0.17056447308445485,-1.3567278224597275,0.17486770869728752,0.2398734001334534
g482,1048.651745489522,0.08310592326082399,0.2862876220786532,0.33375147043670295,0.7385671065060484,0.7832100811304862
g483,1744.0728637619534,0.5735998349975363,0.18545984492863268,2.466297808136939,0.013651777802423451,0.02477636624759247
g484,4242.60892190314,-0.019238434128924772,0.17902918550172156,-0.038820988493927705,0.9690331110480402,0.9709750611703809
g485,7954.066154143349,0.3681626350497236,0.24316269525405845,0.24384362061475853,0.8073519354299971,0.8392431761226581
g486,550.9934518584093,-0.12184577056735858,0.3847179582735916,-0.44629758716045054,0.6553822989383359,0.7123720640634086
g487,920.2639967874668,-0.1552161148278532,0.17816640337062084,-0.9526490983697559,0.3407678916738398,0.4155705996022437
g488,700.1719893035261,-0.03610998472503099,0.20785043769757672,-0.21516109393771732,0.8296417230521942,0.8588423634080685
g489,718.4599802005253,2.3713879768183994,0.2051745418917685,10.010965544563946,1.3641459067215586e-23,9.094306044810392e-22
g490,491.06664358911,1.987568578697864,0.19118812054963402,8.608517899549458,7.401120382735723e-18,2.960448153094289e-16
g491,10264.102726581623,2.238452978606572,0.4279051377502829,2.863077499780136,0.004195479304293125,0.008668345670027116
g492,2073.816707550731,0.22879685453313858,0.24885586049637934,1.0319645536759334,0.30208872301179635,0.37761090376474543
g493,1266.783923334921,-0.30822774650402307,0.452914152813607,-0.8781786338351368,0.3798467851073073,0.45289876875499696
g494,438.3475298983587,-0.0013717754968567356,0.2381942654754602,0.062424730031575136,0.9502246016442797,0.958854290256589
g495,1779.1917839141017,0.49765004989557254,0.21225922820292792,2.0334213474575864,0.042009972415024,0.06615743687405355
g496,1627.7420288525595,1.6776729615789197,0.17402652422768364,9.951329760144615,2.4883569023260824e-23,1.46373935430946e-21
g497,2218.545507819761,0.8284192641068898,0.2880272076550106,2.4940399311020935,0.012629833537223616,0.02313156325498831
g498,352.62565770806776,1.8311438092085035,0.2436627675683079,-1.4148383454924607,0.15711589838876802,0.2170109093767514
g499,281.11638099098553,-0.4148069311001569,0.4206562258400575,-1.450600845048893,0.14689103986507046,0.20345019371893416
g500,1728.8726804455553,1.3646926476792354,0.16433408531948998,6.494939792191982,8.306662458996388e-11,1.153703119305054e-09
g501,159.643829511122,-0.7981870708582414,0.23745708974403176,-3.6502012759931004,0.00026203489561645667,0.0007238533028078914
g502,270.3875039954954,0.4215385948923498,0.3107012068334041,0.07069354859927694,0.9436416554645122,0.9551028901462674
g503,859.7228384982216,-1.0771979126242608,0.1833065059216111,-6.226826777378014,4.759768716745711e-10,5.408828087211035e-09
g504,1319.735450292534,-0.5386228348412997,0.2909924593083809,-2.776055104579209,0.005502288194028681,0.011004576388057363
g505,1513.1371348118626,-0.668719363247549,0.32405969083120784,-3.128864056367734,0.0017548347551398903,0.0039882608071361144
g506,2686.368996479085,-0.7424915904357388,0.14771347880427899,-5.235920617693956,1.6416450421044922e-07,1.0660032740938261e-06
g507,968.3966029265532,-1.079040412274037,0.15983100987498097,-7.00863387151106,2.4065629174940337e-12,5.120346632966029e-11
g508,972.2538716662259,-0.9386334003937857,0.20326930652280623,-4.867516645139008,1.1300931620850607e-06,5.5945206043814886e-06
g509,315.8843031045146,-0.6522174436281076,0.23756333435811305,-3.0447471829908053,0.002328759774958972,0.005084628329604743
g510,505.11633050079365,-0.8915872303398452,0.26343004240736206,-3.975567260197478,7.021169600469497e-05,0.00022079149687010996
g511,2431.1857124383478,0.03765659321055561,0.1817390771520856,-2.041016522474267,0.041249184837238155,0.06526769752727556
g512,400.1079037390007,-0.37398206873013545,0.2490956313488002,-1.675657340460117,0.09380533027172433,0.13694208798791874
g513,861.5583770228097,-0.8680131790202634,0.20673793731884668,-4.49295411572416,7.024192331812328e-06,2.798483000722043e-05
g514,498.38707366132866,-0.6532134664885271,0.3136938463462126,-2.4515747558231245,0.014223263887513594,0.02567376152980793
g515,8000.707293173272,-1.1322279930336276,0.1825435471620092,-6.565595235399023,5.1825417428536324e-11,7.735136929632287e-10
g516,1152.9890551728356,-0.8790027391204384,0.2773839943057956,-3.545779788688918,0.0003914531822329478,0.0010220709718875922
g517,967.078418626829,-1.1888483120759759,0.28816433001184116,-4.628304571898744,3.6867154062930437e-06,1.6099193913943425e-05
g518,262.68408179769204,-1.1709810658847954,0.18690790385733774,-6.5047910557760975,7.780144246981231e-11,1.1066726002845254e-09
g519,767.9929551892594,-1.1621867111339745,0.22827371857914963,-5.470927078635293,4.4768748768408935e-08,3.3409514006275324e-07
g520,841.9418729542278,0.5992284397470624,0.14398474128813982,-5.220020113889234,1.7890369957886347e-07,1.1251805004959967e-06
g521,631.7314549173736,0.33281850281317565,0.15677780983344705,-2.4959706318627037,0.012561300077715795,0.023077619386968208
g522,231.7616979411467,0.24410709694549373,0.3876869203878228,0.40606641152631834,0.6846938044401027,0.737022394445751
g523,485.8689498138754,-0.8737449996073484,0.18621533223127068,-4.902520720798791,9.461463127076616e-07,4.877042849008565e-06
g524,721.5992485567087,-0.6845192198808406,0.295048864904055,-3.1050596931127488,0.0019024062716448717,0.004294370816354112
g525,678.0267549712956,-0.41571643772250955,0.3707537757670143,-1.5171835592290024,0.1292203460344979,0.18251461304307612
g526,3710.6511407779194,-0.6803639656203764,0.13599164088023488,-6.352066710223288,2.1244115060902062e-10,2.6555143826127576e-09
g527,223.67611803150362,0.03165959288905066,0.1665171732953643,-1.1261453373972572,0.26010400643506937,0.3356214934121483
g528,7368.319640030563,0.2093224521791699,0.1803758764116299,-0.7743217171812549,0.4387405640908435,0.5135468593974045
g529,237.63088441821,-0.4024027407535576,0.19049731152839586,-3.412580930435652,0.0006435081618076972,0.0015928419846725178
g530,468.33689441676523,-1.0624095157876015,0.15844396914622452,-6.980203545166489,2.947527053110996e-12,6.015361332879583e-11
g531,423.1334056611955,-0.6781272229238228,0.24041702713040852,-3.0824023426111493,0.0020533709316465205,0.004583417258139555
g532,598.0286882613515,-0.31342875156977223,0.24061088096923733,-2.7387483214845068,0.006167356572790799,0.012140465694470077
g533,377.00540666916567,-1.1639680236050696,0.23755247390977857,-5.2152286949269415,1.8359058690506556e-07,1.1474411681566597e-06
g534,2885.156730468569,-0.46559063906688747,0.21406886052727117,-3.807236311461376,0.00014052845012445201,0.0004121068918605631
g535,416.7514466766157,0.17463278779699987,0.19495034254775911,-1.0505837430796414,0.2934498107831105,0.36911925884667984
g536,2503.507264740296,-0.866809277147639,0.17315943612146384,-5.556609255820317,2.750655741493816e-08,2.148949798042044e-07
g537,249.5178257715241,-0.36862117184164805,0.2526518004777005,-1.6522397944705896,0.09848567708232617,0.1427328653367046
g538,669.4728470404555,-0.960262188483856,0.18323424950704081,-5.451741581073744,4.987890300174726e-08,3.694733555684982e-07
g539,972.3892769752598,-0.7390914696551011,0.17667913099100888,-4.430153514724234,9.416603040097705e-06,3.5678353127534964e-05
g540,568.3334222693529,-1.033302944409629,0.2312604440215346,-4.887364101502832,1.02194990744163e-06,5.17056057331743e-06
g541,494.3491874374805,0.6034633778668558,0.23513121002314225,0.6790049433549529,0.497134729764381,0.5675053992744076
g542,259.6351769542815,-0.8939902870408827,0.21186113001651516,-4.438272615580593,9.068371666358665e-06,3.487835256291794e-05
g543,361.26117826073676,0.12107196554798703,0.16772872400635283,-5.900098968553967,3.6328359342768128e-09,3.427203711581899e-08
g544,1692.9138889643036,-0.04155893200917397,0.21541300947905204,-2.113466630234228,0.034560848245958606,0.055209022757122375
g545,1938.9054210426627,-0.9909803634564062,0.25702223839770755,-4.13246433668761,3.5889446620984765e-05,0.00012165914108808395
g546,599.1265875924921,-0.5807731566257665,0.23526355078390251,-3.2326406748821657,0.0012265173068037242,0.0028391604324160286
g547,347.7945370948087,0.43793343536256296,0.13071059534597557,-4.411580857441821,1.0261861825894963e-05,3.872400689016967e-05
g548,163.3793913233275,-1.1436816079704861,0.19963854143128362,-6.102426731298097,1.0447000437235443e-09,1.0996842565510994e-08
g549,218.88142662060008,-0.1882276355719515,0.2574261746333058,-2.1953045632742025,0.02814175779380243,0.046306707089224186
g550,4807.0392437487,-0.376275772141183,0.1540869013069546,-4.718909889826177,2.3711181378176257e-06,1.0876688705585439e-05
g551,2158.2251033180864,-0.550127936460048,0.2963571673182667,-2.8316045449424005,0.004631509015246034,0.009452059214787825
g552,770.1317357825544,-1.2393779713770856,0.19669513199498045,-6.7766603991865635,1.2298550929632115e-11,2.1576405139705466e-10
g553,5169.688085273627,-0.9718532920932121,0.19567607775658452,-5.186621409618773,2.1414343761482454e-07,1.3137634209498438e-06
g554,523.9737257244576,-1.0558103544911575,0.23147919712789888,-4.958970703402953,7.086765222535175e-07,3.851502838334335e-06
g555,1882.4759145376033,-0.9598641421159616,0.186622583557401,-5.516740458074219,3.453448652351717e-08,2.6564989633474747e-07
g556,807.4095009649966,-0.9182259851440618,0.216059826715642,-4.548546266556552,5.401776838197713e-06,2.21190659133981e-05
g557,145.1837271012111,0.20842106981125658,0.3496272704777725,-0.3012502480466364,0.7632236759520299,0.801705541966418
g558,360.23331579004235,-0.21850387668378243,0.23634887657969503,-2.6833589221744787,0.007288671963527218,0.013962973110205399
g559,526.6778976134996,-0.9536454335814815,0.15930725564852455,-6.3137175031181565,2.724110095553024e-10,3.2470143494164527e-09
g560,1246.6701425304464,-0.6848230901816421,0.1675206579263806,-4.940573516757971,7.78931163155926e-07,4.187801952451215e-06
g561,331.96708551114864,0.31975476875639675,0.28941365084621534,-0.14807633744077972,0.8822825235471444,0.9012078892207808
g562,3268.411446484927,-0.12986751862768087,0.10318472585224081,0.6853936973279559,0.49309552014201286,0.5635377373051575
g563,862.7865636476065,-0.9466572040303322,0.1547533010971636,-6.280392038548892,3.3772033261146526e-10,3.973180383664298e-09
g564,3148.760646340099,-0.9600847526912626,0.19059864908912363,-5.350925300296129,8.750564012854174e-08,6.162369023136742e-07
g565,753.0467878813275,-0.8729388855749747,0.18134698730862525,-5.064017997544906,4.105108679263474e-07,2.3457763881505567e-06
g566,353.8312445242502,-0.22981075840416937,0.2763093942038524,-1.2843063119322489,0.19903479918058475,0.26596412690613447
g567,621.6991628553002,-0.31342060304306185,0.11979643988832764,-6.376669177875124,1.8098081190925176e-10,2.3504001546656073e-09
g568,172.36410566315007,-0.9147412823831991,0.26025492647231385,-3.8483672125152486,0.00011890772154802858,0.0003538920284167517
g569,557.9448914960388,-0.9817802672095444,0.21324871504954532,-4.84645860419531,1.2568479787057336e-06,6.173565730042277e-06
g570,5177.130471838382,-0.2588188804229188,0.24854350603212202,-1.7619496329273612,0.07807780770851297,0.11584244467138423
g571,287.58943643946753,-0.48936342156286433,0.295223664809802,-2.217010694718498,0.026622360718047147,0.04422319056154011
g572,987.1538045138288,-0.6716353107282801,0.17400452979608455,-4.70937847959372,2.484733022859598e-06,1.1282515563273026e-05
g573,745.4971881563848,-0.8500164003501833,0.15741641258574793,-6.16488662234028,7.053365942715778e-10,7.666702111647586e-09
g574,131.79640090231345,-0.5048214628234469,0.31431040541307187,-1.9444684665527727,0.05183898446056223,0.07999843280950962
g575,272.05027482373623,0.2801089972832863,0.4434157012377359,0.1564396415456056,0.8756864923807274,0.8963014251593934
g576,2901.2119935846395,-0.4848320742856097,0.21621811201442,-4.109742621712294,3.961003511701547e-05,0.0001333671216061127
g577,1098.1102911324701,-0.7886097731311412,0.14363672112545012,-5.695290705813346,1.2316188576420308e-08,1.0349738299512865e-07
g578,665.0044590330705,-1.0625669689132766,0.1689872619785061,-6.369796735110696,1.892788814537237e-10,2.4266523263297913e-09
g579,358.00856638643273,-0.8958541142767922,0.23254069853805148,-4.134320674338528,3.560061027399495e-05,0.0001215037893310408
g580,1248.0337909112968,-0.8913236878720326,0.1455795728180384,-6.419589220728558,1.3664255366965515e-10,1.8465209955358806e-09
g581,3782.363218490214,-0.8009594945172142,0.1887590017074853,-5.3135796570569385,1.0749241475181418e-07,7.46475102443154e-07
g582,199.399973668554,-0.8726782821844711,0.31520128200336417,-3.759580147606762,0.00017019874695667803,0.0004933297013237044
g583,352.5400388011054,0.3406629581532314,0.16913470056160732,-5.846159409293224,5.030519961212743e-09,4.657888852974762e-08
g584,339.7614618300031,0.5677721683435298,0.30685686738164125,0.37662191576510756,0.7064545986578947,0.7571860650138207
g585,2406.747741930109,-0.47034971326694913,0.15667468397059878,-4.983537433161045,6.243222881024182e-07,3.487834011745353e-06
g586,370.78030471512983,-1.0013352773325537,0.18160804294202804,-5.736122381318293,9.686867830380256e-09,8.42336333076544e-08
g587,3453.7427228766583,-0.32026808323474293,0.18950091405046532,-1.8651548528724602,0.06215970171430217,0.09432428181229464
g588,1724.9719242257597,0.202816385250283,0.25896561748462127,-0.8551884960556281,0.3924468038003214,0.46719857595276354
g589,433.94301048253755,-0.948592258571502,0.23492103809215456,-4.336811779320035,1.4456431579572898e-05,5.243153083680985e-05
g590,157.38043439051506,-0.05282489065103578,0.36543629844115955,-0.2578363298724052,0.7965332249977916,0.8315032981561333
g591,234.5408744537113,-0.41229390230216556,0.24770642464414266,-2.76659263599462,0.0056645488695606545,0.011306484769582145
g592,2510.992785322417,0.3950001152627575,0.6004156058930152,-0.5805861552750556,0.5615194053983307,0.6295060598635993
g593,967.9530019036602,0.04820364889326727,0.26419233797680447,-0.8779293377362785,0.37998206698544246,0.45289876875499696
g594,6930.902480596573,-0.5409754353977468,0.16202733852845302,-4.44763615175651,8.68204285423435e-06,3.3521400981599805e-05
g595,1493.6654113983573,-0.05893111922788503,0.23469100227266745,-2.401681422800653,0.0163199142849097,0.028782917610070017
g596,341.2408543301958,-0.4982271562979203,0.21466123597511655,-3.0162899650377395,0.002558884275293344,0.005514836800201173
g597,293.62283083361143,-0.7832535866057944,0.2004359428120151,-4.1551826663051825,3.2502776671432064e-05,0.00011131087901175365
g598,1148.6211634935216,-0.9093077234250774,0.2766209940537562,-3.587363860368067,0.0003340380386545784,0.0008836985149592022
g599,2947.2166509043236,-0.9341878499373225,0.20158305412312957,-4.930128864957739,8.217539234170504e-07,4.375410478628285e-06
g600,563.0874784587184,-0.2938634761044838,0.09746782411163982,-0.3353284392685311,0.7373773429342714,0.7832100811304862
g601,325.47848837523395,-0.9255742732076637,0.29382153313693327,-3.48657106195934,0.0004892553815970872,0.001241764927911389
g602,231.89052081052267,-0.2655537387926819,0.3233451257665198,-0.9619828763770225,0.3360582055838539,0.4113553843142132
g603,374.59547613958074,-0.9672760814055128,0.3373299266451909,-3.279924708861175,0.0010383479307820426,0.0024605401203365938
g604,646.3619692317687,-0.7416171151569587,0.2383647097998467,-3.4507871924232063,0.0005589541171630114,0.001404407329555305
g605,1069.713011737912,0.26726832407417933,0.3109828916928339,-0.24076294611955842,0.8097388496240656,0.8399780597760017
g606,745.5453249789596,-0.1824628305508262,0.19285959611914139,-2.654346284832552,0.007946223433588456,0.01516454853738255
g607,649.8147197490932,-0.21565786726431208,0.18908963516624033,-3.048728035660549,0.0022981242463752955,0.005028718263403272
g608,1091.4710554264916,0.23068291290214346,0.2522642870743784,-1.188414035847263,0.23467032931009468,0.3075626858585776
g609,222.77268856560903,-0.9764309060292721,0.26172601676451257,-4.073335225304369,4.6344643292491394e-05,0.000153361996328783
g610,224.91763903344736,-0.2251824859033722,0.25513747294900435,-1.0054477110882614,0.31468131572919,0.3909084667443354
g611,408.57468578411374,-0.8250851151903867,0.3883577792024305,-2.6926171539220465,0.0070893623649486,0.013633389163362692
g612,7870.563293422523,-0.8583812951293914,0.2917307932267935,-4.072712929627905,4.6468684887621256e-05,0.000153361996328783
g613,370.5480639096189,-0.9635669480619936,0.16246850108920127,-6.0960571091392595,1.0871658771124708e-09,1.1324644553254903e-08
g614,885.0035262773226,0.9201371062846208,0.265844440655034,-3.0627760714044796,0.00219294092367471,0.004844143420509253
g615,1834.8882810058924,-0.6687988683805618,0.13427169076439455,-5.025376101661839,5.024468666297786e-07,2.8548117422146515e-06
g616,6102.100687789259,-0.12535272523439392,0.14159970737210548,-2.3166592487264333,0.02052230110480543,0.03526168574708837
g617,885.6720527333042,-0.8015076942928352,0.21645270973005487,-3.9660366552601647,7.307762889681408e-05,0.0002276561647875828
g618,265.09723137982803,-0.609919823453944,0.19531167514613945,-4.039161643107837,5.36425892250747e-05,0.00017360061237888254
g619,1052.333289919862,-0.7722673784688516,0.21956518343865766,-3.7370138344219215,0.0001862186815241681,0.0005320533757833375
g620,750.1783789371559,-0.7748087740302794,0.23504353422715932,-3.6389242898380427,0.0002737792670065478,0.0007521408434245819
g621,306.6154739432683,-0.33803353545367876,0.22143586345175675,-3.2844701955449938,0.0010217430431931028,0.002426943095470553
g622,202.22606882116298,-0.7117047781446846,0.3109822380694716,-2.6865686325345224,0.007219011560446317,0.01385606825421558
g623,580.3825779731109,-0.5951264863552792,0.2509365951124338,-2.653583103585385,0.00796421566440611,0.01516993459886878
g624,1574.4400138886526,-0.5706308909608083,0.2177122952927175,-2.8712271399221128,0.004088816076476588,0.00846545771527244
g625,2587.637739150586,0.3287282645211955,0.16792259664622816,-0.45126341396682307,0.6517997101347631,0.7092488684817879
g626,1086.0702911763628,-0.49030624696120756,0.12139311762337592,-5.815364145442759,6.0502033223827305e-09,5.5001848385297556e-08
g627,358.10402426264613,-0.7884209051912424,0.23872969903524344,-3.6133406570036635,0.00030227714592200836,0.0008103944930884943
g628,236.12958388303278,-0.17376343098737937,0.357681672060002,-1.4791547327954497,0.1390989647692353,0.19454400667025917
g629,2318.41091649074,-0.4009924182884721,0.28935950954257234,-1.9012908839669989,0.05726392245052661,0.08796301451693796
g630,563.5166658447836,-0.20970219428042153,0.15615283038446143,-4.054817864506196,5.017338125461795e-05,0.00016396529821770573
g631,227.1309252610642,-0.19417706915249922,0.3267954810282011,-1.6688751540134206,0.09514212455831436,0.138287971741736
g632,4935.755999153519,-0.664566745296746,0.21651665790836574,-3.236031058688381,0.001212041954815005,0.0028187022205000117
g633,1879.782856434779,-0.2639335541512488,0.21572175081526657,-2.388731176500825,0.01690666803485608,0.029660821113782595
g634,1152.8637969087747,0.12323375390203471,0.139122720294522,-2.9014586497669135,0.0037142979635039165,0.007726454440866194
g635,289.8737486217383,0.5718115550931502,0.21915536727624077,-4.821130981776588,1.427465863056394e-06,6.829980206011455e-06
g636,9305.0665727949,0.8339118245456294,0.4459114008406144,-1.2978246008260066,0.1943476140352004,0.26121991133763495
g637,504.4853930244655,-0.6499002927154646,0.17918825769090815,-4.486967056075722,7.2244240334748976e-06,2.8448784034589492e-05
g638,224.88777569687983,-0.4270439915697494,0.30267494863504235,-1.674480340396331,0.09403623497903815,0.1370790597362072
g639,1788.8305257650532,-0.7757998018214124,0.19921929688949655,-4.171406053756133,3.0272586318362677e-05,0.00010448610913047144
g640,269.0158839325237,-0.5470959498699582,0.1654295411159037,-4.796574971943438,1.6140156511948668e-06,7.68578881521365e-06
g641,579.6037094508806,-1.4344857274835114,0.3500710740492618,-4.547869533816135,5.4191711487825344e-06,2.21190659133981e-05
g642,947.778201292341,-1.0998176001946176,0.19167516777039553,-6.063410821967991,1.3326468669872058e-09,1.3326468669872059e-08
g643,199.17619812567835,-0.5159283938306571,0.43249569866199616,-1.7908725489703712,0.07331374973757811,0.10991566677298066
g644,554.0478210591302,-0.9752115093688822,0.30041150826406593,-3.6330415799186246,0.0002800998605709734,0.0007653001654944628
g645,338.2894452465291,-0.13188633401915664,0.1539160349398141,-4.649581812089473,3.326087305571092e-06,1.4717200467128725e-05
g646,286.6848092711386,-0.06413462248484247,0.362194296144505,-1.0786247052192344,0.28075506342460355,0.3558365822872035
g647,207.3650375646759,-1.209725226409489,0.4187666354458267,-3.4551182490384815,0.0005500515226557154,0.001389018996605342
g648,353.8244025120984,-0.6120791669168477,0.2171194995566851,-3.0743022190535627,0.0021099557109386722,0.004678394037558032
g649,8373.439522425602,-0.4205121068158477,0.24488485133300755,-2.9735709624974946,0.002943563341294139,0.006276254459049337
g650,551.3323325079893,-0.995831742565619,0.13720101416197616,-7.407004450058216,1.2918412898118434e-13,3.4914629454374146e-12
g651,348.5024314151141,-0.1269931515161765,0.2676352943619126,-1.7787778325039667,0.0752761928627729,0.1121850862336407
g652,580.0907072262775,-0.4577530314506486,0.20935302979204626,-3.234172187164479,0.001219958806639385,0.002830530873873283
g653,912.8211680756355,-0.8987048963867015,0.13460637313342555,-7.066196569438188,1.592378097110929e-12,3.538617993579842e-11
g654,366.24044724548287,-1.0467217138947669,0.21958787522140472,-5.137486424609179,2.7843757479671256e-07,1.6672908670461831e-06
g655,1701.6964566489362,-0.8935650115200969,0.19529285410264816,-4.913108817830426,8.964348975770245e-07,4.644740401953495e-06
g656,4143.012526069676,-0.7648250699913445,0.2441729327070053,-4.042813254373986,5.281368347724949e-05,0.0001714729983027581
g657,1788.7426301072144,0.18657910574357753,0.20054104192368313,-0.6547497527119799,0.5126288866667303,0.5830424026040444
g658,305.5151831214715,-0.81647052166644,0.26235316312607104,-3.4361074478274376,0.0005901368751204327,0.001471663030225518
g659,202.8784391738472,-0.39523093857119973,0.22706836727399604,-2.696789070139057,0.007001160201565267,0.013558816489329738
g660,251.0263016971448,0.3393261698674283,0.19730196454172436,-4.495033468531848,6.955900562129898e-06,2.7823602248519593e-05
g661,277.77714012086824,-0.8531401248433943,0.38316660256484203,-2.781481131955225,0.00541114759996795,0.010843983166268436
g662,2070.472422474964,-0.8153247680881074,0.14475265845620736,-5.83891132068743,5.254302565119727e-09,4.82046106891718e-08
g663,2248.0706270180826,-0.2907604543652774,0.2898732969827884,-2.3793876350469403,0.01734142913690631,0.030317183805780266
g664,716.95638376256,-0.9062054160817665,0.1922637344048216,-4.96025251432024,7.040160302503286e-07,3.847082132515457e-06
g665,998.4920436207891,0.47514069477813387,0.26964151284041604,0.05736671275008573,0.9542530786945851,0.9614636206180944
g666,414.18951206892814,-1.3308351721291563,0.33905297297828735,-4.35283062870859,1.3439097531509442e-05,4.9408446807020004e-05
g667,5654.361044324619,-0.9753842028042864,0.29859433299238297,-3.750210146102148,0.00017668643556246975,0.00050771964242089
g668,339.4290948274207,0.007401592132623751,0.25733589271669,-0.9370993383184105,0.34870746177720424,0.42267571124509606
g669,970.1423811388755,-0.8875028954074078,0.21735657517328472,-5.3137666419664535,1.0738211673006741e-07,7.46475102443154e-07
g670,413.3755658912717,-0.46617955244807274,0.29368254819111217,-1.8706825158755256,0.061389099648955545,0.09343850783707083
g671,241.34333993842398,-0.5763864049226489,0.22252158251614637,-3.7560356262954118,0.00017262613028178297,0.0004974816434633515
g672,2258.8063240422134,-0.9544781765029878,0.19027356945817875,-5.267063538419044,1.386232380781989e-07,9.180346892595954e-07
g673,452.43837540147354,-0.13722737891139075,0.10148760317805562,-6.843157248970623,7.74665347910699e-12,1.434565459093887e-10
g674,277.13808173194946,-0.42014894500808997,0.20127616788082414,-2.9938995498062817,0.002754366096872198,0.005898000207435114
g675,267.3994129758409,-0.7895241645496041,0.220476462251594,-3.8442001726767394,0.0001209462550896833,0.0003578291570700689
g676,857.1166966756107,-0.29408308440910996,0.15928874095431195,-3.6528194059761216,0.0002593766565998377,0.0007184948936283594
g677,1622.2558254179098,-0.18075178965754002,0.19757585445297582,-2.5160627845271066,0.011867404010057552,0.02189557935434973
g678,452.8934809668843,-0.8519899237143821,0.24297443334675392,-3.8134224539716057,0.00013705554244526123,0.00040310453660370954
g679,952.7576045813036,-0.21557923131028695,0.41734667300808626,-1.115263531095686,0.26473750838950083,0.3394070620378216
g680,5454.877702754455,-0.7863626979443736,0.11523046212640181,-6.632888382430325,3.2918073823993576e-11,5.225091083173584e-10
g681,1640.6682298345909,0.17152128049897547,0.21889177225178202,-0.7260460645476718,0.46781053173513765,0.5408214239712574
g682,718.0317843122983,-0.1652107582976857,0.32030254627280214,-1.6142214430504356,0.10647940245489487,0.15298764720530872
g683,430.81064533919016,0.4756307392824768,0.25845499148676493,-4.108594876796881,3.980736665465959e-05,0.0001335817672975154
g684,542.6569181961238,-0.04297154732398537,0.22862887577147964,-1.8685204101072543,0.06168956794268603,0.09375314277003956
g685,844.8792576850126,-0.226725876460174,0.4158988625968733,-1.1152756693076653,0.26473230841356343,0.3394070620378216
g686,1073.2723086867386,-0.6761642340926028,0.270241296947343,-3.4413577737189565,0.0005788026658153423,0.0014506332476574995
g687,232.81617646363247,0.27240356202985455,0.23409807944471694,0.18302949797965934,0.8547748735144183,0.8803036802414195
g688,489.5348432650153,-0.2154382696052695,0.44613325189032343,-0.6453353447177642,0.5187098926400935,0.5876081013996991
g689,524.693779264621,-0.3006055916571907,0.1955369948115162,-2.035267123862518,0.041824002271537056,0.0659684578415411
g690,213.84550205130154,-0.5647160676237004,0.31700617829665273,-2.1426773255655207,0.03213901730403196,0.05175365105319156
g691,234.12556615272405,-1.0377282319967367,0.2112463841412681,-5.12565594796562,2.9650362472042604e-07,1.7544593178723434e-06
g692,275.0199179422485,-0.39658679640593747,0.17842229784849867,-3.3158067153682085,0.0009137900548773473,0.002207222354776201
g693,334.26287627534566,-0.8351311890884483,0.24275840964643003,-3.7786711801934145,0.00015766745266465685,0.00045833561821121175
g694,884.5313387889455,-0.6919968769629821,0.183192094064157,-4.8750013521575735,1.0880770982370823e-06,5.440385491185412e-06
g695,317.89210562979895,-0.43677132237443983,0.32419001904421973,-1.8062249636456027,0.07088320707806353,0.10643124185895425
g696,555.4624230752057,-0.2364272569755423,0.29350350984837303,-1.4559304242989977,0.14541185413193441,0.20196090851657558
g697,182.54331962644264,-1.1787536645130308,0.24859759363194875,-5.078510791421537,3.8040482875623534e-07,2.198871842521592e-06
g698,251.95936176758497,1.1041844963657774,0.328373272934695,-1.3485143523044176,0.17749300714661875,0.24314110568029965
g699,2108.374147717052,-1.084133432903318,0.30463264818029423,-3.94684598272465,7.91874602449042e-05,0.00024516241561889845
g700,292.7982274679802,-0.16365817842611682,0.18660454551956074,-2.430263659090402,0.015087842615042805,0.026990773908842226
g701,402.77350191308904,-0.4181657975042909,0.23090627009957443,-2.743831959698272,0.006072661467443486,0.011977636030460525
g702,903.4061321658619,-0.9270859962027906,0.20749997898613595,-5.622363800693401,1.883620626314588e-08,1.519048892189184e-07
g703,602.7804775966199,-0.30967995120503217,0.23799545550786036,-2.3647698223218625,0.018041279962713933,0.03132166660193391
g704,262.0189174804101,-0.5437385103512734,0.38582087245433505,-1.8942065201373988,0.05819760301930237,0.08898716057997305
g705,311.3070277688842,0.06915088138538987,0.2029272491607122,-1.148144566665076,0.25090888875843365,0.32583066217849527
g706,1715.1752991579901,-0.5418075889822115,0.2767275722918463,-3.2108513985385954,0.0013234235203549286,0.0030423529203561575
g707,1670.33996627228,-0.8731175971028514,0.2593935186796018,-3.9688473161943576,7.222113622150352e-05,0.00022639854614891385
g708,641.8708071023121,-0.9084112636596677,0.21787085513563084,-4.502082263365344,6.7290924702006635e-06,2.7024467751809895e-05
g709,276.47648126851436,-0.41048374880047755,0.33039712200973237,-2.2449979073245747,0.024768266907248516,0.04155749481081966
g710,220.62930291377225,-0.8987028692207363,0.2825896892731237,-3.5239741240297664,0.0004251257633776063,0.0011013620812891354
g711,3335.6466096741765,-0.685172088943988,0.26896274525756736,-2.959019054247991,0.003086200183366121,0.006566383368864088
g712,428.4424294896961,-0.0370401569857647,0.20863592949074056,-1.8999701555835293,0.057437036274453776,0.08809361391787389
g713,1409.2797733438224,-0.5919787852957169,0.15973601969425286,-4.608946785689115,4.047138922626235e-06,1.7444564321664808e-05
g714,374.3935567406433,-0.792252383208133,0.16523245642749199,-4.994775487295736,5.890425240703174e-07,3.3279238648040533e-06
g715,1422.6049111739533,-1.0787254764725744,0.17300641845604853,-6.269093229739091,3.6315665916253466e-10,4.222751850727147e-09
g716,281.1304950627951,-0.7784121083066253,0.18654905154652832,-4.380633262437359,1.1833489390148693e-05,4.399066687787618e-05
g717,647.3806622984545,-0.26049175948630554,0.14539177739088022,-2.1700385812865486,0.030003923316747356,0.049026018491417245
g718,400.2348812541322,-0.8069364265670225,0.2417924450780425,-3.6308583997758146,0.00028248014164242814,0.0007697006584262347
g719,349.56877657294183,-0.2990957052807091,0.22003280619209328,-1.952780989187256,0.050845552134098033,0.07870828503730347
g720,912.6998785457121,-0.8598870934422155,0.18540780593367792,-4.924905110080908,8.440130100186254e-07,4.4656773016858485e-06
g721,2791.6113608795777,-0.9604935103167225,0.1369390489343198,-7.318856563756496,2.500927358350121e-13,5.9545889484526696e-12
g722,1631.4602239903465,0.054038279544325954,0.11701985730203293,-6.430613837876816,1.270896578394815e-10,1.7409542169791987e-09
g723,271.1078907666889,-1.0442638001856837,0.255287655785261,-4.406275192930744,1.0516334304765767e-05,3.9535091371299876e-05
g724,249.47386089411557,-0.5901993605182746,0.2131519482580118,-2.9547899671192237,0.0031288197609353058,0.0066429294287373795
g725,1012.7382843088053,0.26726087501654155,0.16925812993051942,-4.689362942258956,2.7405692290859384e-06,1.2339603765555943e-05
g726,201.32815627462747,-0.8961790843593944,0.20452475581704874,-4.638926846468888,3.5022298190816162e-06,1.536065710123516e-05
g727,578.909160424839,-0.4934867283667016,0.1700045533377741,-4.03080305373476,5.558660692683757e-05,0.0001793116352478631
g728,602.9460305160932,-0.6355275748864271,0.3796316135495142,-2.4253255067460238,0.015294666342550754,0.027311904183126345
g729,935.3340332924478,-0.6005268938241451,0.2007235984757436,-3.2907013242460303,0.0009993796091135692,0.0023831387330468193
g730,920.2846927869554,-0.7032939770986492,0.3769248159180489,-2.410325198765131,0.015938306862928908,0.028209392677750283
g731,1320.4737710393688,-0.1631200152851838,0.21372090597104015,-2.5329451444876594,0.01131086521127976,0.02090732941086832
g732,449.5948805115131,-0.86653928098552,0.19468560079477396,-4.688531052956627,2.7517316397189755e-06,1.2339603765555943e-05
g733,451.4190542411728,1.15604771834492,0.4361153845395593,0.20318065216147793,0.838993834767071,0.865834710801931
g734,2534.692277009155,0.46210246343311395,0.17124677858751589,0.31289740739777366,0.7543586073508457,0.7965771988921284
g735,337.6228769651092,-0.6800621966712111,0.27528948373718265,-3.2902684930308377,0.0010009182678796641,0.0023831387330468193
g736,540.2694010734782,-0.10395495882274065,0.22573227646438834,-1.9670733970507623,0.04917474970597121,0.07671567816844183
g737,1125.9960288743707,-1.2277428322479134,0.2058996413238624,-6.137970323496976,8.358247113256005e-10,8.987362487372047e-09
g738,336.6353078015768,-0.9302618654208021,0.18424577715734727,-5.243534239661065,1.575295594378643e-07,1.029604963646172e-06
g739,1115.6562304093193,-1.1237952204908266,0.20253601211860353,-5.7092581311598085,1.1346968466125654e-08,9.616074971292927e-08
g740,253.3580251791981,-1.0085622896557833,0.16368084029346927,-6.360831296501615,2.006647456030678e-10,2.540060070924909e-09
g741,860.261309678679,0.03924731811491612,0.23278472552084165,-1.4710445031468935,0.14127908191752114,0.19704195525456228
g742,3348.6310497188824,-0.3283567768307465,0.11821574669329153,-5.667273942608137,1.4508728132516161e-08,1.1990684407038148e-07
g743,232.9735633774688,-0.9714718133042632,0.22683071796724474,-4.53623332430458,5.726782181554978e-06,2.3185352961761045e-05
g744,815.9161828496426,-0.9379122491131485,0.17944891176833022,-5.489554474796187,4.0294883128776414e-08,3.0526426612709405e-07
g745,434.0921451350907,-1.0435337830495912,0.3653686784050819,-3.55039042417464,0.00038466022804060375,0.0010069639477502715
g746,795.9215621849002,0.005125395238752396,0.2517586747838353,-1.3088241369542766,0.19059392887854365,0.25790788752170996
g747,333.4707902211431,-0.5265181228388276,0.43877971404274796,-1.7231313681999594,0.08486477141463336,0.12480113443328436
g748,325.62839007959826,-0.8920996669025016,0.2569107714102291,-3.8153599369044793,0.00013598457154221193,0.00040113442932805877
g749,220.046879685978,-1.0549544019378854,0.2082029678007673,-5.301261709368176,1.1500508656024154e-07,7.928545314423657e-07
g750,269.17748364052426,-0.02729705413316155,0.24037952897393372,-1.8395151785155384,0.06583944747278297,0.09930535063768171
g751,361.6244414033532,-0.7713388653237105,0.20902592133809295,-4.4712198049899525,7.777471033481104e-06,3.038074622453556e-05
g752,557.5634672190636,-1.1454653010649873,0.16378077085754006,-7.362594823348138,1.8036921406539033e-13,4.5092303516347585e-12
g753,157.12487059366111,-0.2623881795102939,0.19061393099125265,-3.33695203498487,0.0008470256460536434,0.0020558874904214645
g754,518.7120960450081,-0.27300696289724236,0.3089661627398623,-1.1020251451758485,0.2704507399987711,0.34628775928139705
g755,427.9504063075962,-0.3147086668034268,0.3230490508577952,-1.1727526305894802,0.24089501898897214,0.3136653893085575
g756,292.62470595460826,-0.9957174755427338,0.21946055771249479,-4.835582316175741,1.3275642183915154e-06,6.475923016543977e-06
g757,386.22515312837515,-0.9768898302699409,0.21867810275044566,-5.29615899881598,1.1826387261884269e-07,7.990802203975858e-07
g758,1373.8756524627959,-1.0763018718623538,0.11703991528233196,-9.262447713568868,1.9979845824140743e-20,9.989922912070372e-19
g759,1633.2931421959995,-0.9354692909717162,0.12833659883118592,-7.543127344763637,4.5883270060303684e-14,1.4338521893844901e-12
g760,9139.639046330316,0.007905962200832957,0.12520385898734412,-5.723329125300826,1.044566240620999e-08,9.004881384663786e-08
g761,261.406091459958,-0.8916737502180503,0.22320436926270185,-4.583277141366144,4.5774470415580485e-06,1.9337568901338877e-05
g762,1201.2101719886498,-0.40529672547032103,0.18917937421753608,-2.1632863286261026,0.030519163941695425,0.04962465681576492
g763,809.4184581606269,-0.6201669451822073,0.2420423318344306,-3.2706869224159725,0.001072866130610383,0.0025303446476659976
g764,523.06663410238,-1.252985436755354,0.1722051161166675,-7.516827543119847,5.612136667994059e-14,1.7006474751497148e-12
g765,2487.1933744167814,0.04893350079255954,0.17737116131534808,-1.8643585433933512,0.062271370569787654,0.09435056146937523
g766,1299.4564939708366,-0.7096470855493164,0.1932973529782161,-4.737276729233221,2.1660929161684033e-06,9.981995005384346e-06
g767,566.409104893508,-0.7268590557414963,0.18425083149912597,-4.100197856062072,4.127970622822905e-05,0.00013769853767872919
g768,297.9384658146833,-0.6050483789107867,0.4769091896097369,-1.9586183096659124,0.05015750369106841,0.07788432250165903
g769,776.26251044942,-0.6225770874946841,0.2570543695487149,-2.734363313764373,0.006250103893854414,0.01225510567422434
g770,429.6634946245855,-0.3141849395438259,0.17943255325125426,-2.9177035153405293,0.003526194552557363,0.007376976051375236
g771,2905.1446840971525,0.4465209130033059,0.14100815077789558,-0.8031944678363688,0.4218623425546081,0.4968932185566644
g772,2429.499518650934,-1.270546045316919,0.2504271694011985,-5.426913511375786,5.7336894062612555e-08,4.185174749095807e-07
g773,190.97494960382795,-0.9336221888804579,0.290160114658395,-3.6178372646760173,0.0002970750812861735,0.0008007414589923813
g774,205.4602292298971,-0.43071337515102587,0.24184512543376008,-2.855787919619623,0.004293017890711101,0.008833370145496093
g775,258.20769223364306,-1.002061219838465,0.28515628721507774,-3.9166083206954614,8.980347507407527e-05,0.000274628364140903
g776,277.0979923031623,-0.806321096816247,0.172347695883153,-4.846054803025019,1.2594074089286244e-06,6.173565730042277e-06
g777,970.4167929976142,1.3790897285362802,0.2104645460651642,3.543408436427756,0.0003949904453283828,0.0010286209513759967
g778,1254.2567405324407,-0.868153444760758,0.2449153558314245,-3.922270874163739,8.771829614574083e-05,0.0002690745280544197
g779,359.3543715739531,-0.6554666380074905,0.342482887631519,-2.3666846165560016,0.017948220175721372,0.0312142959577763
g780,5331.715466603733,-0.05741732516450429,0.12084760506867226,-3.6342430862637745,0.00027879791151544045,0.0007638298945628505
g781,546.5698840842483,-0.705002498904484,0.3992204917320051,-2.4384617653309033,0.014749918960700546,0.026433546524552952
g782,272.8337964241863,-0.3717214963437903,0.2986336540875892,-2.083890970284763,0.03717008589370135,0.05918803486258177
g783,156.59149861250052,-0.2933035335287928,0.25363588162156714,-2.649287177603702,0.008066175762165022,0.015334934909058977
g784,5427.522584418869,-0.41247111337246023,0.17866068764021067,-4.174763227382017,2.9829613397127944e-05,0.00010365459819686786
g785,1040.2563541112563,-0.43181116424749666,0.2776821759823107,-2.2296455133389217,0.025770985785069866,0.042951642975116444
g786,502.742241736904,-0.6417871966696133,0.19696239444780822,-3.512366992655286,0.00044413424798169177,0.0011446758968600304
g787,1129.7017988022085,-0.9556763455754168,0.16267024462223584,-6.2429635800116605,4.2935690270525604e-10,4.935136812704092e-09
g788,1154.2430117137367,-1.028268189219687,0.17451418598724794,-6.211968331734865,5.23249740914824e-10,5.813886010164711e-09
g789,282.493975878916,0.6295183383050379,0.3020180947658366,0.6476537816286339,0.5172089037961816,0.5870702653759154
g790,623.5397210770886,-0.8410709568618426,0.2027159026512308,-4.397860744459858,1.0932308199930134e-05,4.079219477585871e-05
g791,1681.8473084826044,-0.7139629551684366,0.17418735262293994,-4.319730477217588,1.5621987838334808e-05,5.619420085731945e-05
g792,1909.858176846088,-0.21694491004678826,0.17833023855740973,-2.7903225984458935,0.005265554738997016,0.010594677543253552
g793,430.3302502002718,-0.19183475873820546,0.22931772714779494,-2.363879940613445,0.018084672230700535,0.03134258618838914
g794,2077.5781005515078,-0.838072569298713,0.2300559965239542,-3.883748679027875,0.00010285822725687815,0.0003107499312896621
g795,163.55936695876568,-0.6219451027813825,0.41871999741523425,-2.3514500947405095,0.018700397954038647,0.032353629678267555
g796,508.3505021646073,-0.7312159295615421,0.22025896505105613,-3.5096326719457145,0.0004487261328172863,0.0011535376164968799
g797,228.01595517190532,-0.3933579606531085,0.23429618062613494,-2.5706281814088707,0.010151425170755563,0.018903957487440528
g798,643.8603253327177,0.2304822460469147,0.23042865374210156,-0.5363229928348874,0.5917353424180518,0.6567539871454515
g799,155.18719939499516,-1.0037686908373875,0.21367047838946404,-4.989016487272746,6.068746799534712e-07,3.409408314345344e-06
g800,308.69600215040754,-0.025396056149859108,0.33131963643637236,-1.0219156153823565,0.30682084107133367,0.3816179615315095
g801,245.09941795184918,-0.968165372795731,0.31680653843197076,-3.51430246024584,0.00044091046924252004,0.001139303538094367
g802,256.9396756278011,-0.7973796442619226,0.3090055423173718,-3.013902666907702,0.002579105346449446,0.005546463110643969
g803,2491.0037237539327,-1.4884134962191824,0.36979070617591836,-4.582143383627491,4.602341398518652e-06,1.9337568901338877e-05
g804,1836.4709336128556,-1.0250843004534356,0.43872481991183926,-3.0357384938292893,0.002399473742628906,0.005204932196591987
g805,376.499066176621,0.49220967596781895,0.17192123359902908,-2.2608788841449363,0.02376675803453985,0.040011377162525
g806,317.04149023533,-0.5638648339945,0.3085562685355015,-2.195127153459703,0.028154477910248308,0.046306707089224186
g807,839.3885230642585,-0.863649838865549,0.26511933594852705,-3.5915721559930933,0.0003286891429406701,0.0008718544905588067
g808,4508.2025781636075,0.09540582596399211,0.17930813143417965,-2.8106864833130514,0.004943593134965269,0.009987056838313675
g809,6016.042425432768,-0.46333097635819503,0.3579191704426682,-1.4963295604867153,0.13456779552172277,0.18923344215694643
g810,231.6095140975146,-1.0202416198790472,0.3159653814747487,-3.6541936178616465,0.0002579915316192384,0.0007166431433867733
g811,296.6584536444298,-0.7795183705886363,0.44141969680693227,-2.398421121652907,0.01646592245033334,0.028938352285295853
g812,1414.5835406997408,-0.57805143189038,0.16708634041759465,-4.8870134558759535,1.0237709935168512e-06,5.17056057331743e-06
g813,220.2532290352765,-0.9980708887309716,0.37977342253232516,-3.293034724743476,0.0009911223289349323,0.00237110605008357
g814,396.9529428894833,-0.8022842452344626,0.1775667379585563,-4.768829584084196,1.8529932418483766e-06,8.658846924525124e-06
g815,196.48496095748865,-0.01626016492245026,0.20507490572404255,-0.9954238234089429,0.3195301765795847,0.39496931592037665
g816,1259.6420106638284,-0.9466635764045553,0.20796335819608888,-4.825032281545233,1.399805930661632e-06,6.795174420687534e-06
g817,11741.566622736613,0.029754586804222667,0.2426786707521888,-2.8578648187163203,0.0042650204606027795,0.008793856619799544
g818,1070.6386136427682,-0.2875244179365239,0.15397752709617724,-3.503196299330992,0.00045971054587267795,0.0011741465375947695
g819,20620.169724205967,-0.13995429752262425,0.1498933786234968,-0.38792715913510867,0.6980699388547864,0.7498065938289865
g820,413.85471301670424,0.033402168393816975,0.20216839892364616,-1.4952657315066138,0.13484510477765072,0.18923344215694643
g821,999.640087298599,-1.2028248194638267,0.2182683353364074,-5.80758005546437,6.338224825579289e-09,5.7101124554768374e-08
g822,5728.117840846478,-1.1980379462609,0.16763498156831877,-7.6888842357362135,1.4842367988722498e-14,5.118057927145689e-13
g823,228.864909229421,-0.06044109682168743,0.4261674449482259,-0.6943446175911937,0.48746611645032123,0.5596625906433079
g824,128.98769588165504,-1.022620169180089,0.2654702722058722,-4.198231030372682,2.6900811518533863e-05,9.405878153333519e-05
g825,332.9128990028702,-0.5472526614711976,0.296257910004356,-2.176115105145842,0.029546654714836553,0.04835786369040352
g826,628.6058977339472,-0.6205642297429332,0.27157645170763417,-2.6630215783667195,0.007744244784452724,0.014807351404307311
g827,412.91829422251084,0.1993233051107872,0.3314897191180029,0.30445214465395937,0.7607834462871657,0.8008246803022796
g828,257.0998750846732,-0.1135742056993143,0.27047448560520126,-0.48954849147782525,0.6244534327703952,0.6884822853036332
g829,477.2401158563636,0.2718156967896201,0.15728013171228886,-0.7412929643907484,0.4585158266704005,0.5306896142018525
g830,4163.103824018895,-0.9619802284825772,0.20429725706944254,-5.297804310701284,1.1720347399883405e-07,7.973025442097554e-07
g831,11018.952220387819,0.4283586929035022,0.38836690980368627,-1.5188776927881922,0.12879328496316622,0.18216871989132422
g832,276.68786170177765,-0.8310439144585254,0.2339937334811465,-3.856683508040599,0.00011493582025672257,0.00034411922232551666
g833,214.87448903909208,-0.18881267668021887,0.29227548067941167,-1.2879145614428194,0.19777570604379602,0.26511488745817163
g834,695.1119097186204,-0.425407997040504,0.2855375186981219,-1.5928407193851437,0.11119592775899775,0.15930648676074177
g835,843.7313707425895,-0.6869787856191182,0.2720766244448358,-2.828886699815265,0.004671023222166309,0.00949394963854941
g836,245.03994160458365,0.2021915183059791,0.2413713162108624,-0.6711013137829461,0.5021559900790926,0.5725837971255332
g837,352.9160795104457,-0.4997182915765596,0.13996515058450168,-6.6767145408972235,2.4435825053271025e-11,4.0726375088785044e-10
g838,645.2789978008939,-0.9689933416567125,0.15362670595784406,-7.209260844569989,5.625640671005988e-13,1.3082885281409274e-11
g839,3518.8725706921005,-0.17081595699547508,0.13982717428225538,-1.439045865536652,0.1501375282136565,0.2076590984974502
g840,1239.51187059199,-1.2578712797825962,0.23978991195229685,-5.594305177934766,2.215070389046945e-08,1.7579923722594803e-07
g841,381.8557433975917,-1.0720725650148772,0.1561893072199898,-7.0192181172311585,2.2311325091128002e-12,4.8502880632886965e-11
g842,1448.9482034810312,0.5964208411549089,0.19257299492580013,-5.5638200986343875,2.639320436375798e-08,2.0782050680124393e-07
g843,395.4058643511322,-0.9054463287973941,0.29781721525118626,-3.3706665111963323,0.0007498657344289923,0.0018379062118357656
g844,591.6542186838012,-0.9606469951696965,0.15249281141202284,-6.627554740916248,3.4129308996068344e-11,5.332704530635678e-10
g845,232.51671944788586,-0.3955002603407015,0.25061864836930653,-2.29699262652941,0.021619190365378543,0.036892816323171575
g846,5937.443041005487,-0.5010542201368827,0.23842496534443522,-1.9882482988414816,0.04678423567121819,0.0733295229956398
g847,340.0911921471126,-0.7228631156672772,0.26423694594729674,-3.086193638263952,0.002027367466617789,0.004555881947455706
g848,333.50877848360926,-0.8726486726972523,0.21992926169976293,-4.284302787173826,1.8331312614122866e-05,6.47749562336497e-05
g849,245.63620484810136,-0.5477045811929062,0.2626683504963347,-2.9754307548994126,0.002925773950661092,0.006251653740728829
g850,531.4380565242711,0.01654189022001766,0.2730332768923694,-1.3375211257638706,0.1810525911487697,0.24635483931559105
g851,402.9291066846657,-0.4447199496282438,0.19981229471123785,-4.2494096414688105,2.1433464496068565e-05,7.546994540869213e-05
g852,1555.7077496063616,-0.496023571276103,0.3202896718543877,-2.6957295334122575,0.007023466941472804,0.013558816489329738
g853,4171.573452654086,-0.5986991767437672,0.23327652742047028,-3.19252334193066,0.0014103554526983444,0.0032273580153280193
g854,724.1134737617441,-1.0622722794152644,0.29045696284957634,-4.1000305442620535,4.130956130361875e-05,0.00013769853767872919
g855,379.8528698704533,-0.5491549293363231,0.36132748294019074,-2.1179507714035024,0.03417923709031951,0.054686779344511216
g856,933.813463392474,-0.950233534981856,0.2926239682341403,-3.609338110258832,0.00030697928128099364,0.00082080021732886
g857,7690.212130285722,1.0223514691024993,0.5468124794269045,-0.4563126834734316,0.6481651445752243,0.706062248992619
g858,1068.3807276905532,-1.0152447258315724,0.25237291743607065,-4.366697285955144,1.26139354819694e-05,4.654588738734096e-05
g859,352.9484428009452,-0.31750744942933384,0.14087644927103146,-3.779778383021837,0.00015696800794034422,0.00045763267621091606
g860,2873.163662041273,-0.5325360671416627,0.3577203097119252,-2.4154289514456218,0.01571668837982549,0.027915965150666945
g861,224.1213461103219,-0.1828126495204338,0.18630550230292525,-2.3781319235798053,0.017400599305535832,0.030367538055036357
g862,298.84483676373367,-0.07163731610342394,0.2837409747122864,-1.2838137508218572,0.19920713105269472,0.26596412690613447
g863,277.4711040098039,0.17134832609914752,0.23229869891611282,-1.0663196736522562,0.2862791590459536,0.36192055505177445
g864,4414.16153026534,-0.939579897739723,0.1796975805195937,-5.509381103723048,3.600975229025138e-08,2.748836052690945e-07
g865,12394.717918916398,-0.574464471821454,0.20601131227102512,-3.6863505482295955,0.00022749293798588448,0.0006354551340387835
g866,219.30844772174123,-0.4468363411002453,0.26861126121340934,-1.8728201406218292,0.06109322580324657,0.09312991738299782
g867,378.70364345972513,-0.24944112620689618,0.22411256769455107,-2.592368595151402,0.009531758679154347,0.017849735354221623
g868,210.92427584618258,-0.6927835674577207,0.24712134829107746,-3.102545183531877,0.0019186425671535933,0.004321267043138724
g869,808.0267435242604,-1.3371423139460825,0.3217481902111089,-4.5046395908511085,6.648568299094652e-06,2.6808743141510695e-05
g870,746.8399632123676,-0.11672237321186217,0.2652848174377636,-1.590998826551015,0.11160983985321983,0.15967072940374796
g871,747.105753879369,-0.14807919415117762,0.20285806716134652,-2.448155585481243,0.014358963622942544,0.025825474141982992
g872,4468.365428814413,-0.695303129969811,0.32095798939579856,-2.694821217921018,0.00704264076446461,0.013569635384324874
g873,432.5993721752664,-1.15088691062881,0.3858461509951274,-3.5087489251304564,0.00045021970337210136,0.001154409495825901
g874,808.6843221502085,-0.9297732341449634,0.2743412217988006,-4.156933715741199,3.225475237108679e-05,0.00011084107344016079
g875,605.5048228225064,-1.2471705732559555,0.21456866719561277,-6.034104937340269,1.5984617100849306e-09,1.5519045728979907e-08
g876,756.7084684149406,-0.20716261794960203,0.37557843002915126,-0.7202097019990487,0.4713958912566685,0.5430444141373768
g877,586.3604779904141,-0.39919025316997003,0.2839602267402749,-2.1486181889688,0.03166467863710387,0.051237344072983616
g878,364.58202546376754,-0.680078125633123,0.2840454684860806,-2.7335029666788953,0.006266455882751503,0.012263123058222119
g879,275.76879381563765,-0.022339930441888974,0.14659749291289367,-3.5603242065485716,0.0003703972065671237,0.0009721711458454691
g880,443.06650741066477,0.718439550573665,0.1690804994845586,0.8831488833704624,0.37715583552566345,0.4506043435193112
g881,848.4486284014667,0.37525413927466517,0.23853492753616537,-0.2876179481311373,0.7736392045501732,0.8109425624215653
g882,967.6295479364377,0.06399540209160684,0.21681109178117128,-0.638137897962936,0.5233839185427458,0.5913942582403907
g883,569.8192597205237,0.13282608037777985,0.22098240387239648,-0.9317766101113987,0.3514519848793428,0.42548666450283634
g884,286.206516075186,-0.15984101334825948,0.37503614213803804,-0.6095772904110727,0.5421418589047586,0.6091481560727625
g885,243.0821068156105,-0.43171439521807115,0.20627155856434662,-3.298989361889289,0.0009703358843346376,0.002326944566749731
g886,738.2016942329104,-0.46490821498261087,0.2725458590493381,-2.458720574682087,0.013943309411304198,0.02524638223798758
g887,407.9021171244136,-0.8541065426245946,0.29892699944813644,-3.268425434296783,0.00108147669826491,0.0025386776954575353
g888,410.85302681341443,-0.35782454767418814,0.17628341577275813,-2.819290333638184,0.004812996267793526,0.00974290742468325
g889,273.66137367905066,-0.2660075047370873,0.1668735504729849,-3.339370817636971,0.0008396839497335014,0.0020430266416873516
g890,5589.99020766878,-0.5788038763050363,0.164420524819992,-4.957261683482731,7.14936546395195e-07,3.8645218724064595e-06
g891,688.4520413118046,-0.8116853204317769,0.2822022244129793,-3.309037653544516,0.0009361724585445298,0.0022558372495048913
g892,514.656717535399,-0.10231612915846348,0.18975363309890458,-2.3734091539649698,0.017624728092039098,0.030705101205643025
g893,2312.95058248685,0.1426312430046195,0.1638471501808284,-6.5033059607685875,7.85737546202013e-11,1.1066726002845254e-09
g894,540.6080454836472,-0.42589619659224576,0.4034981326197913,-1.6704498955400278,0.09483038478295529,0.13803549458945458
g895,218.3669819564023,-0.13602872362771856,0.22822352090905046,-1.7573313744116335,0.07886134301837507,0.11683161928648157
g896,1749.5578934413256,-0.4053800859174921,0.3834128609670641,-1.3426198010193011,0.17939511535640107,0.2454105545231205
g897,5571.678896615884,-0.5152363159816962,0.1898897230018841,-3.7304962253821277,0.00019110300661545862,0.0005429062687939165
g898,704.9182224848037,-0.19959954827586546,0.15651035634818247,-2.901279307267404,0.0037164245860566393,0.007726454440866194
g899,5589.01703488686,-1.0723014805067137,0.15763872067083895,-6.887258601731608,5.687777365751581e-12,1.0731655407078456e-10
g900,9185.933966527959,-0.9400813052618416,0.160211007000524,-6.2081133789531195,5.362445865574284e-10,5.892797654477235e-09
g901,7223.08019443324,-0.7751111102108127,0.23040375253858328,-3.6146188523389404,0.000300789806200234,0.0008085747478500914
g902,497.3018520814705,-1.1999761108478904,0.24263814419308713,-5.232618641901684,1.671253143688823e-07,1.0782278346379503e-06
g903,1006.8804631729778,-0.8662769720039785,0.1349913252856859,-6.515109925124298,7.263644525916696e-11,1.0527021052053183e-09
g904,2516.935295457622,-0.4845216758707025,0.17535495190395137,-4.2938581811219505,1.755946627095627e-05,6.226761088991585e-05
g905,603.4269913310404,-1.073505177255664,0.10765267320277194,-10.001036763968076,1.5080980650350482e-23,9.425612906469051e-22
g906,16425.020731129545,0.9613030660246927,0.3189393628483387,-2.190517437574834,0.028486731570270696,0.04669955995126344
g907,179.54121028893013,0.04650573710012831,0.19111547777920415,-5.0686967139506685,4.0054887567520794e-07,2.3020050326161375e-06
g908,787.4611663759988,0.032252314009292286,0.23365706827347857,-0.8287872827886006,0.4072247856074672,0.48135317447691156
g909,2069.8291032087996,-0.04213748306483619,0.42334278211004345,-1.1514015263329287,0.24956708619923007,0.3245345724307283
g910,370.3519509235101,-0.7180773610814464,0.20952738955853292,-3.7172652489876747,0.00020139097077472322,0.0005672985092245724
g911,762.7302585473227,0.2361481755651476,0.20646471141517475,-0.3340517640960034,0.7383404978926754,0.7832100811304862
g912,256.7329900942475,-0.7735861620986928,0.2936653487008257,-3.646834897602518,0.00026549038858559557,0.0007313784809520539
g913,271.0635219392361,-0.9594866263657517,0.24552229446478682,-4.323947780384495,1.5326158880465674e-05,5.5329093431284016e-05
g914,385.6455044420644,-0.44084801611202246,0.42662865630172686,-1.5835126278686427,0.11330467075546653,0.1618638153649522
g915,553.9793331547028,-0.8822426992945923,0.23517604304875378,-4.351358902481724,1.3529637592525298e-05,4.9559112060532224e-05
g916,337.0206162743019,-0.6398067452840241,0.2487399703346461,-2.913931929362307,0.0035690772093946083,0.007451100645917763
g917,341.1785061633321,-1.0996457650545457,0.2583285468522821,-4.582948568079909,4.5846483461531e-06,1.9337568901338877e-05
g918,429.45190078768155,-0.5383985091024133,0.3145075654710862,-2.08173281241724,0.037366881745373476,0.05940680722634893
g919,620.2423989276915,-1.0163761042817174,0.3413505518755383,-3.434593730798311,0.0005934428002640999,0.001476225871303731
g920,247.16112412730794,-0.34811745159955754,0.22718708370253127,-1.6843649388806816,0.09211116235395746,0.1346654420379495
g921,287.6211012585598,-0.45890895562009204,0.13029313872851903,-4.8212424067233055,1.426668627740671e-06,6.829980206011455e-06
g922,4051.328424706661,-0.6758818614139345,0.3978696604175555,-3.2035740168301694,0.0013573314494551602,0.003113145526273303
g923,2588.4711456363075,-0.04790402482635009,0.37371874781803155,0.2743945761261536,0.7837814107417622,0.8207135191013217
g924,1964.0020706796918,-0.12653977668578362,0.1444695787544749,-2.4955189822885435,0.012577302565897673,0.023077619386968208
g925,919.8371007781523,-1.0834269732791992,0.2204394295150813,-5.2249078190512375,1.7424189174886054e-07,1.1098209665532518e-06
g926,187.57937135177045,-0.32841870662678946,0.24470490213898138,-2.1664282892470506,0.030278474166277304,0.049313475840842516
g927,308.66318638985393,-0.6860140648889241,0.17780955539817395,-4.919086673438311,8.694896459917611e-07,4.57626129469348e-06
g928,3068.2927587833437,-1.0378167381712837,0.15761279321427146,-6.65882644302556,2.7602264443946806e-11,4.5249613842535744e-10
g929,1917.0280709360281,-0.912207894844127,0.2318143889226362,-4.564850667852662,4.998500217525686e-06,2.082708423969036e-05
g930,555.6666489150999,-1.0236593324316219,0.15724517012886371,-6.703655308517478,2.0326943234867962e-11,3.5046453853220627e-10
g931,1289.4335156185093,-0.6121194625769625,0.19214180632455513,-4.553801304275103,5.268512100680205e-06,2.1703974280338303e-05
g932,238.62731129687168,-0.5831962737571377,0.37785529467471923,-2.0425844486877214,0.04109359185606921,0.06512455127744723
g933,1367.800999533401,-0.9525927142150681,0.18927865230896707,-5.260485350158552,1.4367565145523352e-07,9.452345490475889e-07
g934,5237.7761245578595,-0.4616755060337454,0.17359853453679017,-4.5932309878780755,4.364355176471962e-06,1.8651090497743425e-05
g935,631.0893586642624,-0.6876325553007627,0.2517065640383407,-3.134923436836521,0.0017189896957477279,0.003915694067762478
g936,542.0566466906848,-0.37350534149476733,0.37681846832108,-1.5013033739077677,0.13327711274215773,0.18797900245720414
g937,246.432547321565,-0.6902362709314969,0.42660520213739517,-2.191299071555034,0.0284301572130963,0.046683345177498024
g938,1622.2297638288833,0.36071669200112183,0.23584070753232775,-0.47087215776359204,0.6377320316566975,0.6989502156187898
g939,463.62934695620663,0.14858872174743423,0.21657729912676413,-0.9570392747576051,0.33854743191747705,0.4138721661582849
g940,291.49674473195336,-0.9922200389857098,0.22362572374430936,-4.8724326700757015,1.102324287850937e-06,5.484200437069338e-06
g941,239.07179854690943,-0.17356875983689599,0.17941089950208824,-2.921327452762596,0.003485432815145938,0.007322337846945248
g942,246.44984072381558,-0.8002596912806367,0.2470590235857265,-3.5696620761824986,0.0003574420156127759,0.0009406368831915156
g943,504.71756608145233,-1.0278967138114086,0.41981409448741613,-3.9454547758967973,7.964866429238692e-05,0.00024582921077897195
g944,1668.1345784209443,-0.827204161909261,0.18547260291831455,-4.752954420077518,2.004655528846531e-06,9.280812633548756e-06
g945,423.7819702789158,-0.2213841136210522,0.17046536485315925,-2.94944224992816,0.0031834806331175426,0.006730403029846813
g946,1182.7996600618649,-0.6728898544960802,0.14492435436845758,-4.894475458584019,9.856827546341489e-07,5.0289936460925965e-06
g947,2858.7185307570267,-0.7103128478604667,0.19410195352167053,-3.6937242970534885,0.00022099340286050115,0.0006190291396652693
g948,564.0089128295838,-0.5618717698718125,0.15642802774000764,-4.89825250583156,9.669272874792781e-07,4.958601474252708e-06
g949,3385.1368926395126,-0.8203514072723752,0.2424399702149212,-3.734938797079881,0.00018776084438281714,0.0005349311805778267
g950,40891.26836890967,0.43336295969498706,0.22344909042185895,-4.92993325168255,8.225771699821176e-07,4.375410478628285e-06
g951,2210.252537441077,-0.9028620210802579,0.37037546013138123,-3.042738411234148,0.002344360286070957,0.00509643540450208
g952,1072.6824969002291,-0.6242012902801888,0.24417436636822418,-2.7894494802082526,0.005279773293852151,0.010601954405325605
g953,269.77311272993484,-0.37893183912335593,0.1951093777588297,-3.225889259547773,0.0012558193685503957,0.00289783695830723
g954,241.19669314535048,-0.5005579569656402,0.2682994089309838,-2.220416568024888,0.026390503413078765,0.04391098737617099
g955,641.9001466821833,-0.8009646950708037,0.1406223617362114,-6.047394632438399,1.4720687742831248e-09,1.4432046806697304e-08
g956,2638.2253917041758,-0.7345655734858233,0.23251769428759633,-3.527065727833922,0.00042019243893111975,0.0010914089322886227
g957,196.69534262411446,-0.6384561066118574,0.18807140884997514,-4.308925998319416,1.6404924315317537e-05,5.858901541184835e-05
g958,287.03717377804577,-0.572441221383398,0.2234220706643761,-3.2698028731442563,0.001076224551585527,0.002532293062554181
g959,335.1543300301295,-1.0578097237233823,0.2035336038720663,-5.444972187504144,5.1813480801548896e-08,3.809814764819772e-07
g960,19242.64516425874,0.873980500092357,0.2647784870170345,-2.2669659762065053,0.023392304252071117,0.03958088705934199
g961,191.62079405165528,-1.1156776069281937,0.2470883896626736,-4.823547075085733,1.410274627960825e-06,6.81292090802331e-06
g962,327.2303418340056,-0.8027898052100854,0.17784630047200845,-4.7086657241132865,2.4934359394833388e-06,1.1282515563273026e-05
g963,662.8796867032117,-0.9359163421467729,0.281476665083892,-3.743824451619812,0.00018124030371113387,0.0005193131911493807
g964,383.8459548425711,-0.8857143564772951,0.19497680972474535,-4.774973092067077,1.7973128438485003e-06,8.477890772870285e-06
g965,518.3375567302539,-0.8140241904272318,0.21084824362819082,-4.063455589575623,4.835152518422994e-05,0.0001590510696849669
g966,1000.1702834722776,-0.8286236260963747,0.19691282171413252,-4.582643651301088,4.591340881616536e-06,1.9337568901338877e-05
g967,413.23549796132886,-0.9613668056436474,0.16488403876767915,-6.073064387749797,1.2549210765845833e-09,1.2675970470551345e-08
g968,239.03049434305822,-0.2335867416522784,0.37251435054506904,-0.8422196201443515,0.39966503346675986,0.4746615599367694
g969,6547.491904866271,-0.4212098643448439,0.17392918794121998,-3.5980199463999343,0.00032064903302866693,0.0008527899814592206
g970,158.3700127434678,0.05657798744433898,0.2094513408261866,-1.1200950779602032,0.26267324788296975,0.33806080808619016
g971,732.8619303044024,-0.9414029033594496,0.21997019287306377,-4.645225384634222,3.39705379042235e-06,1.4964994671464095e-05
g972,589.678356012709,-0.1505946299426911,0.2806140517135559,-1.8948908332199732,0.05810686586709167,0.08898448065404545
g973,277.94549004708796,-0.3801880674457059,0.4299900604456299,-1.3720313731265865,0.17005367142399386,0.23391151502612637
g974,306.3703662256506,-1.2939833486911458,0.32423516344304165,-4.402605547063051,1.0695852614373504e-05,4.005937308754121e-05
g975,397.1925379640501,-0.37720096398198105,0.3890264846291445,-1.3063054578987823,0.19144870179935092,0.25871446189101477
g976,435.11022753104425,-0.9294424527664097,0.5180795967923685,-2.564373763557022,0.010336217100737226,0.01921229944374949
g977,314.5859976857435,-1.3302085663792838,0.28992728054591715,-4.963581592588914,6.920494814208008e-07,3.802469678136268e-06
g978,517.8803835314843,-1.0487302926980333,0.21041878739700656,-5.166676865795664,2.3829270893324648e-07,1.4530043227636981e-06
g979,769.9203872162898,-1.1937379083622988,0.18638765940666083,-6.690748041052469,2.220326669153845e-11,3.7632655409387207e-10
g980,247.7342334419437,-0.6829237408173834,0.2001174743720078,-3.623979579420253,0.000290104520145216,0.0007861911115046503
g981,592.5846284559472,0.39674766636756065,0.15794409792560646,-4.577321195613495,4.709680436619423e-06,1.9705775885436915e-05
g982,10917.658936009257,-0.2868495045097626,0.24763034869412837,-2.9524925024903332,0.0031521972495139306,0.00667838400320748
g983,30558.55841303939,1.6768492861437139,0.3615880765783997,-0.30478469495233346,0.7605301389369804,0.8008246803022796
g984,313.90409393744227,-0.8724792835596558,0.2063668877139114,-4.45435202493327,8.414694040298946e-06,3.2615093179453274e-05
g985,334.0521418668806,-0.9270882235553546,0.1555065629619934,-6.090866965964069,1.1230084551912085e-09,1.1577406754548542e-08
g986,2247.50050377427,-1.0781607437253569,0.16447257641939603,-6.894001936302144,5.424428504443235e-12,1.0431593277775451e-10
g987,5132.81854219027,-0.9742446448702895,0.23230654018156663,-4.76927510587382,1.8489002339476949e-06,8.658846924525124e-06
g988,270.4877229391241,-1.1069569411720812,0.317294457779267,-3.908312304262243,9.294311323501737e-05,0.00028336315010676026
g989,616.0824687809938,-0.39668290968163705,0.2641691840902328,-1.7361792065745794,0.08253215270266646,0.12208898328796815
g990,888.3478254491574,-0.1114228668034371,0.20780002268737946,-2.2944249101280403,0.021766103673050385,0.03701718311743262
g991,5046.229312473254,-0.7442025648736955,0.15826931091366936,-4.560360534306392,5.106586882820929e-06,2.118915719012834e-05
g992,1506.2564651782627,-0.7716220906287994,0.1847929005684892,-4.430901354123449,9.384001291175461e-06,3.5678353127534964e-05
g993,805.964091653599,-0.9021256680240047,0.17907832249527808,-5.300072410853475,1.157567615905854e-07,7.928545314423657e-07
g994,1063.6355263055916,-0.8155011749426773,0.2994542601744007,-3.106066284262336,0.0018959421116287942,0.004289461791015372
g995,277.8077293736006,-0.9066828527728005,0.15322178330066008,-6.086133157331776,1.1567025215185818e-09,1.1803086954271243e-08
g996,878.1054550204719,-1.0120204822944339,0.15955072314158636,-6.595270503164223,4.2448119106498695e-11,6.431533197954348e-10
g997,4274.323731211691,-0.052346922322891676,0.15594440895510542,-4.767295147171956,1.8671568441765187e-06,8.68445043803032e-06
g998,764.2968492176366,-0.5467490814902666,0.18613831471811523,-4.455002075576167,8.389238314013104e-06,3.2615093179453274e-05
g999,724.6965180680384,-1.0191685076803396,0.18569716742755313,-5.745455698118317,9.16737577254567e-09,8.112721922606788e-08
g1000,200.0618639452358,-0.8278254140353853,0.19590794199436304,-4.481172289983312,7.423415239772666e-06,2.9111432312833982e-05
