,baseMean,log2FoldChange,lfcSE,stat,pvalue,padj,padj_stageR,DE_confirmed
CCL18,95077.96745115968,3.234557074060178,0.3834114206207805,4.36230591139852,1.2869874420371468e-05,4.5193789514122433e-05,2.405039733679739e-05,1.0
TMPRSS3,120378.50747338057,1.0199233826195888,0.5364304139712462,-1.6413453625429875,0.10072574467662758,0.19902196368094427,,0.0
NPC2,882429.4242341515,1.7042987416908089,0.12751870016247455,-0.848221702586652,0.39631451292896236,0.5806561935535005,,0.0
GZMH,4698.831594554574,-0.6443668387415729,0.3681967659521514,-1.9566962387790592,0.05038319237668155,0.1086129475005512,,0.0
OTOGL,3616.6297835961873,-2.171769516571898,0.36839111187973406,-6.372227851294573,1.8630182245340023e-10,1.0163211864624901e-09,3.481489180252958e-10,1.0
SLC2A10,383997.46654304746,0.9101469015030824,0.2671438415249101,-3.675371335156732,0.000237503713669002,0.0007179709964936498,0.0004438317341824993,1.0
KCNK9,1999.5198922253844,-0.8198497343163361,0.6823626144185092,-2.037085505683309,0.04164147412960766,0.0915050335205143,,0.0
PSAP,6200617.387500526,1.088614615400606,0.06691802409609483,-8.324907099839207,8.439490263014837e-17,7.372750497252648e-16,1.5771179074153007e-16,1.0
BANP,87492.32267365772,1.335063305124191,0.15081499712304652,-1.8473160162576403,0.06470135302540848,0.13573159574641738,,0.0
TRERF1,225967.81490567964,1.7490569455417881,0.21658465671884758,1.0501588903204009,0.29364506675160196,0.4656757850072215,0.5487451004329675,0.0
FAM3D,24658.389279450766,0.15314384600200032,0.518214229098735,-2.4463083331505446,0.014432751305356734,0.03431039879774862,0.026971001597931036,1.0
FOXP1-IT1,339.6920783654455,0.5707700017221652,0.4923084363031099,1.4661777315533409,0.14259987355492576,0.26678081922649344,,0.0
PRAL,373753.84478688706,1.3818579392347317,0.19237025605286362,-2.081937852628032,0.037348146704995935,0.08261562155151159,,0.0
LINC00511,40467.50393819433,1.9782630677935242,0.46252200281877087,1.564178084118285,0.11777575248808872,0.22784569693495135,0.2200917857827148,0.0
ZFP28,101612.82018095188,0.9227224317779674,0.16179120685801548,-1.8402609351611017,0.06572993767678953,0.13771593231485,0.12283189924118074,0.0
C8orf76,156736.93098736182,2.6269021009802525,0.24500153401137104,4.813570012240821,1.4825762728355367e-06,5.774305249695383e-06,2.7705436183093407e-06,1.0
RHOQ-AS1,11443.409173390903,2.3161511002716595,0.46339658032086245,3.4724020987934496,0.0005158231105089004,0.0014866518769995267,0.0009639372038941569,1.0
THUMPD3,176197.89021237945,0.25423261394616553,0.2002106752853431,-11.575570007812834,5.480577753690855e-31,1.095457881407728e-29,1.0241752817948094e-30,1.0
PLTP,805641.3215104314,0.9509836684030432,0.1848816299914377,-3.9436488076419947,8.025115584345407e-05,0.000257060913942141,0.00014996822204552728,1.0
PHAX,137256.15980868152,0.3208842710786693,0.19174823002720162,-9.887441595697265,4.7193448839135284e-23,6.15732803783705e-22,8.819209568031376e-23,1.0
LINC01108,290.12368971912184,0.3286834866884841,0.624142568598428,0.7868597983565755,0.43136394342070106,0.6114966312831895,,0.0
HOXC10,83683.09091970627,0.96749539197643,0.43022374803350605,-1.991912146001294,0.0463806980711187,0.1008548077725762,,0.0
BSND,103.63823369312846,0.9629745499210075,0.0595516390041576,-4.869762602146516,1.1173240415374133e-06,4.406683690262395e-06,2.087983633344224e-06,1.0
LTBP1,216475.7108428537,0.37863647772071307,0.29070537307806726,-7.591835149248931,3.154061346907974e-14,2.277578692268663e-13,5.894107909685545e-14,1.0
SDCBPP2,7619.047503078893,-1.055552564746962,0.21939470826617774,-5.781378528951528,7.409096937595907e-09,3.580585821776281e-08,1.3845645997444558e-08,1.0
TTBK2,141852.17481454785,1.5876258901132971,0.17205006867997716,0.3599249584693058,0.7189032519703193,0.8399620613168222,,0.0
RPL7AP31,20542.695512068778,0.5359565530482207,0.3493639753310168,-2.836197023949211,0.004565427223481432,0.011705202583754086,0.008531578098630034,1.0
PAQR5,28023.973552167277,1.158348893633841,0.40122386466739873,0.06954200232266727,0.9445582005394948,0.9687925550278849,,0.0
SH2B3,241213.7201086319,1.681924626104326,0.15922928369413064,-0.19100873210756536,0.8485187518823712,0.9175607451106274,,0.0
NRL,10262.797207580159,-0.1095211052444768,0.15031633002813388,-0.42755520542654774,0.6689749846057128,0.8055103609818667,,0.0
RBBP8,717102.2834609894,2.886608402213619,0.14298516427410488,6.069389053439562,1.2839775651904635e-09,6.560363899035528e-09,2.399415068532814e-09,1.0
SLC24A4,5884.307710994993,-0.22434524878249612,0.3365533167430019,-0.5379308049410881,0.590624820354236,0.7501635853203885,,0.0
F3,433769.39402913454,1.9222287922369234,0.2622827886727652,0.7022926981328806,0.48249664601083553,0.66019598579303,,0.0
RIPPLY3,4624.303927576574,0.19029694223145208,0.6001163760331865,-0.1741508868773863,0.861746882221354,0.9262527791912466,,0.0
TAB2,1702990.7342154956,3.566827309892935,0.0573136861055797,15.37790968584754,2.302622044262378e-53,1.2784669283532336e-51,4.302992653395326e-53,1.0
RNF212,28171.490440456175,1.1786632793938023,0.3988061150378463,0.13966126477003518,0.8889276326137676,0.9393045845149073,,0.0
P4HA2,279293.2755762298,1.5785434370736153,0.20042179553443343,-0.05996154734568923,0.9521862603305749,0.973021419810201,,0.0
SLC38A11,7696.711808908013,0.2643907130608425,0.3948941507323885,0.03547872269509803,0.9716980125219363,0.9842710298753685,,0.0
CALM2,2140668.62278312,1.1438269787325859,0.07182007126119107,-8.169546166078748,3.0955171522038536e-16,2.604090776020649e-15,5.784704266852153e-16,1.0
SYN2,306003.52690584527,2.6520252925720613,0.2796069038928574,2.282781063747705,0.022443267939491272,0.051872807536372745,0.041940542219011924,1.0
HNRNPUL1,3187722.4735762957,2.811555068376563,0.04502949284276182,8.793317518929646,1.4520735771161553e-18,1.403483881015363e-17,2.713542133451544e-18,1.0
KRT18P20,52.66847941460135,0.7168873077917077,0.02815962205712837,-6.6451988450605635,3.0280799464776126e-11,1.753338991025334e-10,5.658681934386175e-11,1.0
RREB1,624669.7174808886,1.6231850780710666,0.09232107443403685,-0.5065780597203275,0.6124509060257662,0.7660526884098988,1.0,0.0
RNF39,76773.14346536723,1.2238170739557743,0.296396236520758,-1.2983300681755272,0.19417393834383245,0.33954428030532285,,0.0
MAFF,404647.16630560334,1.897068572096241,0.24090099982793944,0.795714947340018,0.42619773691173035,0.6074297067301047,,0.0
RTL6,244964.92219123128,1.5746650655866952,0.15004312838626876,-1.1181040500009585,0.26352255691785975,0.42893231821450983,,0.0
FGF10,104768.07833943167,1.610416264471023,0.32719391457701097,-0.028434972029040446,0.9773152318249605,0.9874275537641767,,0.0
ZNF146,995201.2564131556,1.586670301961317,0.10589169019894333,-0.5259568094517276,0.5989182161644889,0.7554130295269387,1.0,0.0
GMDS,274092.2314760721,2.196501712114204,0.2100777074545606,2.0028100338751087,0.04519768246591818,0.09853962446867065,0.08446253525886058,0.0
FSBP,38005.41058325399,0.589665233932165,0.2833885798306606,-3.821982983091463,0.00013238282706927736,0.0004104336833864885,0.0002473885515576585,1.0
CTNND1,1295771.4314695764,0.8740618328832984,0.10228142558225344,-10.366609200824897,3.51786667082533e-25,5.2008224124598146e-24,6.573964006774187e-25,1.0
MYL12AP1,3993.147919689898,-1.264136465504099,0.24568191581816823,-5.450163406216981,5.032356077855439e-08,2.2634278416780944e-07,9.40414484706194e-08,1.0
CCDC190,50.977006128944254,-1.8923967608459362,0.042168044533159754,-0.6771947644462956,0.4982823891513527,0.6744087482636266,,0.0
TESMIN,100766.10616950432,1.2686632660712962,0.4107686692338001,-0.9370092381625789,0.3487538059319064,0.5290663259493462,0.6517287839348304,0.0
ZSCAN1,4122.804083136556,-0.3685541573406486,0.42776366182940745,-1.0497807143978621,0.2938189440460166,0.4658037003166069,,0.0
SSBP4,648751.8663335623,2.9995526511919466,0.09009357831544101,10.534566601169594,5.985836261370034e-26,9.347257436895644e-25,1.1185947568461504e-25,1.0
CCDC152,2252952.476950682,1.8255069427928408,0.0701546696156038,0.7139726508392318,0.4752440911641522,0.6531338623617351,0.8881057305711552,0.0
LRRC2-AS1,249.68560886406976,0.15687420030030255,0.6351949146646151,0.39517303263547027,0.6927151932813937,0.8223706426786674,,0.0
DPY19L1P2,1802.2696697806998,-0.06319319286722112,0.17148889453543759,-0.5255410963940118,0.5992070922766477,0.7554130295269387,1.0,0.0
PAXBP1,172228.43148638075,0.14200462144137696,0.18160516512026673,-12.965292536785014,1.9249461933951258e-38,5.759853969099068e-37,3.597216203588423e-38,1.0
CLPTM1L,669618.5282654546,2.857875091416369,0.1095934406016501,5.717938716356518,1.078240132847084e-08,5.097413381113414e-08,2.0149461270893338e-08,1.0
SDK1-AS1,303.64058394012835,0.12718814683011914,0.5628683277326629,0.3291117742716579,0.7420712049632929,0.8544077905994413,,0.0
NUP214,442417.4929332292,3.4480231795893532,0.11030825673427612,-3.529340087047596,0.00041659739265251656,0.001218102499171811,0.0007785105351849757,1.0
CHRND,410.3379923561627,0.19846574523007118,0.7981982736544703,0.4992117922832915,0.6176301879875996,0.7694585014644816,,0.0
A2M,4255582.11173986,0.905170332370612,0.10812627787309577,-6.750859525434331,1.469718457483288e-11,8.810024689892838e-11,2.746515756186982e-11,1.0
CDS2,679383.4102283184,1.6402432244445038,0.08984509855003217,-0.1188418856104297,0.9054006238902012,0.9497054960865537,1.0,0.0
RPL23AP80,533.3974749760011,1.1071761451818831,0.6335097189223093,2.376977096655145,0.017455171906587325,0.04094999719118162,0.03261910771025313,1.0
ZNF148,718726.5161206496,2.729788071397665,0.08739913704450754,8.31889537028336,8.87868829596067e-17,7.715966159115733e-16,1.6591924238936226e-16,1.0
FAM83A,48815.562668043036,0.182959911923315,0.601800900530503,-4.018392699753266,5.8596481894395074e-05,0.0001900107852214745,0.00010950135378694548,1.0
TSG101,264750.05936659203,0.8538779169351731,0.15366937443812956,-7.184683026427335,6.736328565972313e-13,4.391537629076125e-12,1.258841953783233e-12,1.0
ROR2,99033.49417648403,1.3182957636412571,0.27088446546476214,-1.1456288326517279,0.2519487619710463,0.41537049276453925,,0.0
GPR83,1603.942197435525,-0.25127010143858003,0.3998241656451177,-0.7235748915335456,0.46932676077036817,0.6489280087353431,,0.0
CXCR1,4089.3255755394975,0.030734459722474027,0.4214048675865146,0.42351369528804905,0.6719205085898534,0.8074756977804458,,0.0
CERNA1,23431.064517572762,-0.009254781363097235,0.18936371896455378,0.24519421278271514,0.806306057178204,0.8956764431298258,,0.0
MYL3,13206.519404118375,1.2958009502217422,0.6139644708077997,0.34525522962085964,0.729902501179758,0.847426300742391,,0.0
HINT1P1,1076.4368517398448,0.43748627941641366,0.3197839060159138,1.4993996424101017,0.13376998631545078,0.25343678981629864,,0.0
UGP2,2401342.175355058,3.1009326634743433,0.07348407512914269,8.666792855172249,4.444625305355003e-18,4.1905269152564053e-17,8.30583120824942e-18,1.0
ABRAXAS2,137183.84123227833,1.7909304896264182,0.13654088154344685,0.5967415316787263,0.5506799594910193,0.7158552959356461,,0.0
XKR6,4466.241700214253,-0.023466883177024774,0.31146373954767037,0.19459055963122585,0.8457134941089899,0.9155178358021279,,0.0
BMP2K,229997.03270129423,1.486830860970386,0.15551980850880728,-1.6119516216915997,0.10697246760796501,0.20978862662362685,,0.0
NTAN1P2,3250.2128722877233,-0.9621674526034092,0.21892024373303168,-4.520647884439449,6.165065964779563e-06,2.2404970637093437e-05,1.1520880563202497e-05,1.0
LIPG,32059.244793404832,1.7900071932681756,0.4647058160472221,1.576725273368071,0.11485875244839565,0.22306614301773534,,0.0
ZNF213,169223.55045338598,2.733084769429991,0.1716504052470302,6.224730347753882,4.823849392995588e-10,2.55617978969236e-09,9.014500903814119e-10,1.0
CCT8,543440.0086680264,0.7437201033618763,0.14882694045408534,-11.03531435482663,2.5814718977001964e-28,4.4946393981908995e-27,4.824089406435259e-28,1.0
IQCK,215382.17763912788,3.170217040736031,0.13694688749644057,9.266263906202326,1.9278040520293523e-20,2.1218583365618223e-19,3.6025567868327125e-20,1.0
UACA,570155.7895869231,1.4279167149576626,0.1562661203192527,-2.3940604065081237,0.016663004246541685,0.039313046373922945,0.031138755504849965,1.0
AKR1B1P7,692.4762784295101,-0.8632666844888786,0.39731658230515243,-2.5498990913329607,0.010775410255364827,0.026248530219634306,0.020136396801068827,1.0
DNAJB9,312329.2413330309,1.2906416298866923,0.155131802354629,-1.7291529494368199,0.08378172464685378,0.16977180781035212,0.156565922984416,0.0
SLC16A14,67790.75741211619,1.4383785893241943,0.2222813261934375,0.5802827099553869,0.5617239851755291,0.7243702590766758,,0.0
KIF17,27983.03146917924,1.3575110464742963,0.3794384206629934,0.763587608935568,0.4451130357274359,0.624783662789325,,0.0
AFMID,149582.1722372898,0.7296914585580576,0.2878285546881167,-4.185982269455139,2.8393551330985024e-05,9.560820485238017e-05,5.306005086048323e-05,1.0
FRMD4A,380119.27561550605,0.9997864915244865,0.15937257356353343,-4.15221912971999,3.292667469903437e-05,0.00010990954807687023,6.15312615823017e-05,1.0
TMEM74B,36669.040424751445,0.6733126800350555,0.4170690306623166,-2.5891169859743326,0.009622239901787434,0.023685878221296457,0.01798142587480621,1.0
HDGF,1788170.5428407923,0.7075705155950692,0.10217028156216595,-7.195340022914696,6.230529996061508e-13,4.091190327243017e-12,1.1643215553597367e-12,1.0
FAM114A1,389268.8738838967,1.3937991891492523,0.13610083559861338,-3.986064455444837,6.717826978351476e-05,0.00021643443849659783,0.00012553844955430938,1.0
CYP7B1,30428.45480774903,0.675900047661778,0.24678243741929437,-2.788478640597335,0.005295623934577376,0.01349425436057274,0.009896122962259965,1.0
DCDC2C,357.6242219951315,-0.5451354770255407,0.700978774737808,-1.2894010039898913,0.1972587125656684,0.3434495864916121,,0.0
AKR1B1,213488.4676423837,0.2484572831325325,0.2797134038382796,-12.504358247126104,7.066821453453211e-36,1.8985433765003064e-34,1.3206023486501756e-35,1.0
SPATA12,1614.9352667372136,0.920306307618246,0.3585612300899733,2.8418882464925077,0.004484720894715677,0.01151600735400526,0.008380759278569273,1.0
EPN1,374274.0584065876,2.5313871661097322,0.13794979601874696,-1.14162931906911,0.2536081317355908,0.4174176002248839,0.4739266395971381,0.0
C7orf57,596.8505173482785,-0.585845124463643,0.6259303278856206,-1.417420222918608,0.15636010355937302,0.28651684542947814,0.2921957507427775,0.0
NUP58,272035.37607303215,1.663441796496001,0.1505471477108208,-0.5010761964004388,0.616317498567662,0.7688607197464589,,0.0
SKOR1,6829.888728327581,0.20773252982004448,0.2748764819356582,0.85615822299122,0.39191026723774935,0.5768411208798332,,0.0
LY86-AS1,3637.9097021681255,2.7124410512895962,0.5184158731316154,5.458117060225072,4.812103764173014e-08,2.1682671334150182e-07,8.992551424671859e-08,1.0
SHROOM1,120910.52359321695,0.5606815416551236,0.34707818345534197,-5.874875812797915,4.2316045313393314e-09,2.0710409248876236e-08,7.907751624196948e-09,1.0
ANGPTL3,2682.4069873652306,1.3895808661447406,0.5179258327446565,3.212768023560867,0.001314624236125568,0.0036313860187503944,0.002456685605055895,1.0
TRPC6,41540.101203549,0.899722653332004,0.32935565963689534,-1.6438198251724832,0.10021342498710503,0.1980880081726914,,0.0
PTBP3,720199.4580819091,1.7716014187540496,0.13864697120340563,0.0837518563655082,0.9332537265209198,0.9617076313675724,,0.0
ZNF397,183203.0458588085,1.618187401877383,0.14570642941796408,0.5726639449050631,0.5668722543398563,0.7291275817081755,,0.0
SMURF1,602324.5763062254,1.7455360646057636,0.09093100586871063,1.1662215214897196,0.24352489333019667,0.4046870275926148,0.4550837292337296,0.0
MSH2-OT1,577.8677113065856,2.6973329601303395,0.6441966892577067,4.652842959467577,3.273895833574406e-06,1.2309749797119116e-05,6.118046926092485e-06,1.0
NUBPL,146232.6676079018,2.223773761095708,0.166311547451153,4.9672629681872245,6.790447943270379e-07,2.7364409977840392e-06,1.2689554365191505e-06,1.0
KRT14,3259983.063597248,2.9848475141058186,0.09934498032952814,2.586335725066666,0.009700239705140163,0.023866123981578235,0.018127186913457514,1.0
KCNH3,15802.02588790355,2.1750107303325668,0.3709622916326849,3.4723722878538448,0.0005158803991829456,0.0014866518769995267,0.0009640442613003663,1.0
TLE6,21554.909608030364,0.7231305154939297,0.34952752883081945,-0.8485251300040263,0.39614558328007854,0.5806561935535005,,0.0
CYRIB,351861.8541928465,0.7868286578693988,0.2019444253381084,-4.947297313318796,7.525099390792774e-07,3.017890983610874e-06,1.4062423955045434e-06,1.0
HNRNPD,1169289.661077026,2.501898551497247,0.08282070664608118,0.6958217147663603,0.4865404885031084,0.6639112018159564,,0.0
EPS8L2,536025.1387767454,1.6008842510873171,0.1891701836168702,-0.7248565997173553,0.46854000853474165,0.6480194914608647,,0.0
EFL1P1,3237.9067988619336,0.11685320730013316,0.25000249486559895,0.4409067723477521,0.6592804906132439,0.7993560744008141,,0.0
VWDE,25888.488004719296,0.7608549816179965,0.5908939895781682,-1.2011878216852658,0.2296783523587238,0.3863018265690148,,0.0
RASGRP3,409988.2071386591,3.5606646488457723,0.16791173518721184,10.218446409047733,1.6394731562376297e-24,2.3208066180508317e-23,3.063742468855436e-24,1.0
SPATA20P1,1191.1985814359293,0.12580783181019453,0.6099043967778474,0.2813593904849394,0.7784347621843789,0.8764495555492559,,0.0
IL4,527.8414222809142,1.021222683815184,0.4974336237141428,2.5489486605680614,0.010804820501548419,0.02627332751641725,0.020191356786177058,1.0
FMNL2,380454.4493208659,1.883285303458228,0.17466500814646238,1.4932690333066863,0.13536677808415912,0.2557382949287498,,0.0
ZNF408,57163.20398461502,0.9322398020322168,0.18311977208000915,-3.6366652814896967,0.00027619044882721893,0.0008259267940093435,0.0005161270279691896,1.0
CEBPA-DT,40565.40398105396,1.3928624977630772,0.27761182034674226,0.4325754532361061,0.6653232255131897,0.802660588577839,1.0,0.0
MOGS,242497.34097458664,0.41086954069155174,0.15284010679076035,-16.916464005063474,3.402551465289535e-64,2.9314740813882425e-62,6.358470333602022e-64,1.0
FAM114A2,106988.3664357503,0.6602225144722209,0.16011342193882733,-8.492708171269275,2.0187676322559975e-17,1.8442014366331296e-16,3.7725437017139935e-17,1.0
LINC00989,7678.686970159206,1.241620918977519,0.5385268878855044,2.7054646974658705,0.0068208897760015695,0.017179428533608793,0.01274644211319366,1.0
LRATD2,513927.43147083605,0.9931448770624269,0.1774606491887486,-3.805893754058783,0.0001412930310305944,0.0004363666724721139,0.0002640393702542559,1.0
EXOSC3P1,476.62564001646933,-2.098917050029259,0.4410586047014825,-5.152175029011198,2.574825485351143e-07,1.083942961272086e-06,4.811669016566815e-07,1.0
RNF20,310944.6975041799,1.746048589478926,0.13296565577397307,-0.160732248185252,0.8723042892713446,0.9298004550957572,,0.0
RIMS3,25340.595037421084,-0.1867275681093836,0.3351975534939313,-4.8800419498114165,1.0606327772369063e-06,4.189709081306578e-06,1.9820426282172105e-06,1.0
ALAS1,270743.7508198205,1.7940839349286453,0.14007440676966934,0.6159895570385052,0.5379014121443475,0.7043120527619631,,0.0
ITPK1,549458.7139081632,1.6737076632169043,0.160866987728465,-0.34769896693031793,0.7280662725870841,0.8463194402954015,,0.0
APOC4,379.838348970493,-1.114854741923338,0.5697336733855958,-2.495279084766031,0.012585809761392959,0.030294456347630356,0.023519555489035383,1.0
ASIP,2712.1043171462575,-1.5519228430563325,0.3811803001121866,-4.298495296033478,1.7196155005297978e-05,5.926150797343034e-05,3.2135073508404634e-05,1.0
PCDHB8,7070.456827561909,-2.151834999808811,0.30020372653335153,-7.701236921329649,1.3475537302065339e-14,1.0050337298271716e-13,2.5182221353186423e-14,1.0
MAP3K10,142291.52579158358,1.1531560788363713,0.17415033013129708,-1.567887155777261,0.11690746983907616,0.2263080566967544,0.21846919475911125,0.0
ZNF284,22948.87269718577,-1.2910123974890355,0.15345589665869178,-8.183851498125353,2.7491282742287893e-16,2.328371862088349e-15,5.137394908871077e-16,1.0
KCTD16,1739.1786616492238,-1.2139122062220615,0.32556915890445354,-4.100571637713305,4.121308266689099e-05,0.00013575594863971937,7.701637026419383e-05,1.0
CLCN3,373693.8419958501,1.585428156123509,0.2009511410950995,-0.47907883641756827,0.6318825450048999,0.7789797654844404,,0.0
EEF1A2,492955.32348580286,1.3953552822297266,0.2309029508414467,-1.0978077005765965,0.27228846819648755,0.4399047771024404,,0.0
UGT3A1,175.65599647448818,-0.5168514759485525,0.7903673003189315,-1.260706163322664,0.2074147325610819,0.357150730050905,,0.0
ELOVL4,63964.62810231275,2.9393247186162683,0.30935374980801483,5.761129832066008,8.35527367231939e-09,4.022283481751445e-08,1.5613800501338816e-08,1.0
PLA2G7,35763.221222215056,1.322058983782725,0.42247532850179514,-0.24155258434474597,0.809126866328818,0.8964982153093356,,0.0
MAN2A1,371467.44726408535,1.7606390419624982,0.1723295695116584,0.8545349070536349,0.39280867671825503,0.5778230666944717,,0.0
BCL9L,700661.7329168331,2.272956828632258,0.09756375359927066,-0.3771327954258207,0.7060749203134473,0.8304942820813916,,0.0
RPL34,1825930.0087317931,1.7785319122851815,0.09556851133517583,-0.6587811834364872,0.510036292058038,0.6834680679651209,,0.0
MCUR1,121067.21875015798,2.2538658926951056,0.24937183600178728,-1.44578426288697,0.14823772141184632,0.27473601381766305,0.2770171630123396,0.0
TMEM273,85899.5949687585,0.5879293499246314,0.35539371564533423,-4.605209069068866,4.120516790285264e-06,1.5218198374763831e-05,7.700157965989328e-06,1.0
UNK,256028.20801821467,3.078881089128716,0.13619537185663938,7.637263769990753,2.2188663530105124e-14,1.6210051412271243e-13,4.146475379952704e-14,1.0
OVCH1-AS1,3126.0011332859385,0.030070345964097578,0.4022149001055415,0.40007454803404824,0.689101609968129,0.819581831451669,1.0,0.0
AQP10,161.0307466569493,-1.6343154289007706,0.7523704376760073,-2.8856009270322165,0.0039066717865571515,0.01014111112593563,0.007300538114220675,1.0
FLRT1,4387.5435917732,-1.1253936912617837,0.3031991771444721,-4.273518883835924,1.924119804960958e-05,6.585497716020485e-05,3.595671901791289e-05,1.0
FAM177A1,977537.7182556862,3.3269821229099965,0.11203040129388261,9.730791071359238,2.228530506870876e-22,2.770141030555664e-21,4.1645351319498007e-22,1.0
TM9SF3,1290349.9580014602,2.061262130878068,0.08064774305083554,0.5436146806600021,0.5867066552438012,0.7477105728776523,,0.0
NKG7,24320.705213350153,-0.4092252777326145,0.38562559517713807,-5.459332876305203,4.7792696662036186e-08,2.1554161120956212e-07,8.93119316455478e-08,1.0
TCEA3,275731.3211765188,1.6148061553385564,0.3091939323166088,-0.15690981578887514,0.8753159238079132,0.9316043437964385,,0.0
CAV1,1134851.6260568441,0.9278303117704466,0.19613451267908283,-5.196489087078129,2.03087517312642e-07,8.636836800095931e-07,3.7951694989202395e-07,1.0
CFAP97D1,258.9612112493648,0.1794308946774738,0.5044177095262704,0.47985761905811825,0.6313286386043258,0.7787581355482143,,0.0
CD1A,6832.730404209348,0.6396406746862566,0.7074508504058649,1.5490831225914206,0.12136173950575241,0.23351737093193867,,0.0
RN7SL49P,531.8321696428964,-0.2764506895034038,0.4920793537305887,-0.7542349171893598,0.4507081744661491,0.6299828665195376,,0.0
PVRIG,43241.19627985223,1.4910337860122789,0.24104916956184794,1.0650027132855804,0.28687470191538533,0.4571150782752489,0.5360930760924385,0.0
DOCK7,181396.92577005178,0.612496404226968,0.23535349260939498,-7.348640035967639,2.0023361758300604e-13,1.3650305416947902e-12,3.7418376479516874e-13,1.0
TRPV5,456.08450348383394,0.5437268506884546,0.5481821791892332,1.3666325803337873,0.17174049977535577,0.30914527283049453,0.32093765047773104,0.0
HERC4,471033.3496728601,2.5095282926353057,0.1045595765236143,6.893836991017394,5.430725203662608e-12,3.362742731437677e-11,1.0148591564211686e-11,1.0
LINC00853,2227.6811700393846,-0.278391988984469,0.35404611387400414,-0.9419046810684826,0.346241443310619,0.5267455266588988,,0.0
HHLA2,307.36615683884787,-0.32366066007086614,0.7072371385854628,-0.8349590321083908,0.4037407753558738,0.5864804228061923,,0.0
F11R,1240097.1036540908,0.9437935647671541,0.12847300067298187,-4.820076864798799,1.4350292006309627e-06,5.5978461479726155e-06,2.681690693924054e-06,1.0
OAF,229372.38049601097,1.4317588746645002,0.23978383852748417,-0.8184038039392773,0.41312665037651775,0.5942411836302416,,0.0
AURKB,66198.51962705093,1.3509683123146248,0.48100750821266947,-0.4082406503266672,0.6830970068608148,0.8155516593844119,,0.0
NSD1,352818.35016946174,0.578771251906678,0.17091273875346474,-10.955494741444177,6.2535710225814065e-28,1.0665219931685764e-26,1.1686273148780586e-27,1.0
AGTRAP,228701.62285502203,1.7168429400771958,0.16318794336300096,0.16380968139634602,0.8698809699841696,0.9288023946604478,,0.0
ZBTB39,93241.03752971301,1.8864387884551272,0.17276739334190877,4.008492461431666,6.110758911663302e-05,0.00019776853809314455,0.00011419395019290023,1.0
SPINK2,1785.9484397421286,0.22862897098957835,0.513669326272463,0.562257619132816,0.5739405090237216,0.7357569839896196,,0.0
EFCAB3,270.595048791773,-0.3193531360589393,0.581935540294406,-0.8086417641461559,0.4187212345518332,0.5994931367478844,,0.0
MAP1B,837920.6301238963,1.8479879767242546,0.16062000398349993,0.3563911131093697,0.7215476837644744,0.8416372025609428,,0.0
EIF4B,6344337.522214515,3.533733072045318,0.03185763768500415,15.949514789821272,2.871189517235954e-57,1.9388289213010897e-55,5.365495144961878e-57,1.0
PDGFRA,1857820.0201866135,3.226291977869181,0.10724192292725238,6.060669668340508,1.3555597326732348e-09,6.911971412416485e-09,2.533183240152638e-09,1.0
SIRPA,913073.6590728413,1.5029820611025217,0.10144144160864062,-1.1108558834460822,0.26663038751942747,0.43273058480556975,0.4982617974699248,0.0
MAL,62666.90329900298,3.242939875888355,0.3497109172730112,4.4737357281089905,7.686473235093958e-06,2.7672411207323135e-05,1.4363989063487101e-05,1.0
SLC30A2,8289.184936692429,0.10695985601792354,0.5664099539212009,-0.27285164537215445,0.7849672579313651,0.8812584560510069,,0.0
EPM2A,167141.87831417416,2.902081254971725,0.14096515507598217,11.137215617204317,8.266345700574413e-29,1.4912248904610231e-27,1.544761760126041e-28,1.0
HK2,397810.58601464704,0.8932067752684222,0.2834356227724507,-4.360015977601921,1.3005294772174746e-05,4.5605233667759446e-05,2.4303462220103668e-05,1.0
LRR1,136804.8934048584,2.6846952471832646,0.16718669468578096,7.797375910715094,6.320774072250958e-15,4.822123364738632e-14,1.1811857905399416e-14,1.0
SNX5P2,9272.018271953371,-0.040295754365905254,0.17473290777131187,-0.8653663391346302,0.3868377501347313,0.5710570863879623,,0.0
TSNAX-DISC1,80126.56348936791,0.321159577387804,0.1703235252056175,-8.195596320134115,2.493538564613565e-16,2.1154859435269923e-15,4.659765223400892e-16,1.0
MMP10,18545.131496695525,1.2518357139854446,0.8440500326704088,0.57742432161406,0.563652848105038,0.7261080902245102,,0.0
RGS4,37436.429321192336,1.8429241469197228,0.48564349477080504,1.8901787981082776,0.058734051271897306,0.12446736819578916,,0.0
APOC1,970136.6595878799,3.2428659262577586,0.11304621242319228,5.6491896583510055,1.612059255826336e-08,7.507418547403729e-08,3.012513126912566e-08,1.0
KLF13,515840.5516921418,1.5769349503193282,0.15499651810035336,-1.0184593245569427,0.3084597216404843,0.4836439375705993,,0.0
TMCO1-AS1,1982.811216157113,-1.626487757753181,0.243923014775038,-6.9864348362777315,2.8195927167534023e-12,1.7767345278205235e-11,5.2690743476502436e-12,1.0
HOXA1,8060.748002262291,-0.32506751182453425,0.2055355187954331,-2.559235012326318,0.010490279742546276,0.025670875550197716,0.019603563153890707,1.0
MME,150639.3452798538,2.9795460644154295,0.39422418542363286,1.8249495073928468,0.06800864928466409,0.14189529038641607,0.1270902096018947,0.0
SLC9A3P3,104.12934024833014,0.9543815123563175,0.338796909054447,5.39754178764767,6.75601417024019e-08,2.995545945757784e-07,1.2625206734738308e-07,1.0
OSBPL10,135493.83502561715,1.3770824745286694,0.20570744132175312,-1.321893077264884,0.1862037579717588,0.3291334200866214,,0.0
CNOT6,455289.68633926316,2.100726066653561,0.16082449946481983,3.0248755709398876,0.0024873543557619956,0.006646689687562937,0.004648208569836459,1.0
LINC00663,37115.006004364244,2.2232460181087053,0.17210293515588387,6.993918861573847,2.6731219213474658e-12,1.6908342077181375e-11,4.995359102832194e-12,1.0
CPA1,10184.450041160913,2.1256715834236752,0.12839155757477125,-2.3902280280452035,0.016837914928908834,0.039669524233737596,,0.0
BEAN1,11753.403444990701,-0.1600172393606899,0.24627888110437787,-1.5799724340024732,0.11411317949106754,0.22187687078477217,,0.0
CEACAM8,546.5559918421393,-1.894365082620711,0.7438036468805558,-3.2501679203963145,0.0011533688335872501,0.0032097467229859084,0.002155341832997565,1.0
RPRD2,348188.7241966135,6.686593563522417,0.28532129162412756,15.782750157889991,4.089734224990588e-56,2.620051528497176e-54,7.642633478787573e-56,1.0
EIF2S3B,101344.48991285465,1.9788472030351252,0.22754906009764522,-1.2263167073200472,0.22007951652848878,0.37342524417414547,0.41127051013195903,0.0
UBA2,1271019.6528794975,1.9519382084456383,0.07258803504169334,2.2699977447848227,0.023207719876899086,0.05346656349694086,0.04336910105641912,1.0
LINC02259,402.1790420282868,0.10490203744639016,0.37520229288592283,0.3240070405906094,0.7459327039093375,0.856427396034204,,0.0
NUP205,609417.7921639842,1.6178864565741915,0.10891598410061012,-0.07802622250913331,0.9378071940297461,0.9648389023196707,1.0,0.0
UBE2E1,364201.710817747,2.2036719419525173,0.10565857591776544,-1.785078948155257,0.07424851212023693,0.15337735223845556,,0.0
ATG12,256104.30953445417,2.1387797978294136,0.11024336516968399,-0.992719208907815,0.32084681118921154,0.4982198618746085,,0.0
CD83,116133.66862411154,1.9206161149962653,0.24477565353926228,1.4405414700135937,0.1497142661254758,0.2768771975680987,0.27977643523896883,0.0
PLK5,3127.52125132512,0.07633108626286043,0.5264325562892289,0.3422411727888071,0.7321694025337806,0.8488748270211837,,0.0
SUV39H2,124296.4977061797,1.694628926486931,0.24576859601925002,1.4951809446807007,0.13486722522517847,0.2550214971114104,0.25203123577046255,0.0
PDE6A,3039.8653359403133,1.3156239514065502,0.3559824594595424,4.088385643337642,4.343855925264131e-05,0.0001428042635430583,8.117519842387757e-05,1.0
RPL5P28,484.2952163835454,0.2227475057340109,0.44622550314091547,0.6084090887008912,0.5429161850062918,0.7079729061786116,,0.0
MIR1226,357.4473109971356,-0.2353169716866743,0.25256977140932746,-1.0529480002670275,0.29236482505333994,0.4642348366036034,,0.0
GALNT2,593787.6458517509,0.8002645322277624,0.11926747040648236,-6.898952923290628,5.238722686719303e-12,3.25268070890416e-11,9.789789553304547e-12,1.0
IKZF4,155323.3314950235,2.459698811714403,0.15970828508437965,6.686824957979002,2.2806439198679344e-11,1.3360348965510045e-10,4.26192134165298e-11,1.0
SPATA3-AS1,51.34056042606068,-0.17139108697128305,0.05921047476073212,-11.941768490512784,7.1682654527822e-33,1.6281737485251209e-31,1.3395595537603837e-32,1.0
COLCA1,30485.830457779713,1.097129085852918,0.40197163683222314,-0.2427184578151916,0.8082235076939749,0.8960933809511411,,0.0
SNRPB,1068419.1907949515,1.5738376949141293,0.10082570617630124,-0.8437727902775527,0.39879638311634646,0.5823452736506088,0.745245148254444,0.0
SH3PXD2A,690747.7553779297,2.0289410223162365,0.13079081759975067,2.107584540780633,0.03506694194628254,0.07819255194358495,,0.0
ARL6IP1P3,9170.929097581671,2.708089115233037,0.5975135117315281,3.637323723469334,0.0002754856051462512,0.0008243123167160582,0.0005148098612250626,1.0
LINC01762,383.0042253240684,-1.7580713935247987,0.40455034977978976,-4.745665595804561,2.0782181034593006e-06,7.994500279435047e-06,3.883640936045672e-06,1.0
HCFC2,129587.93360472943,1.3408966825588715,0.16799017517154885,-1.1025269642950124,0.2702326425155538,0.4375737247732412,,0.0
TDRD12,27944.768954116087,1.839078206182693,0.5106025501646879,0.9273559821360331,0.35374173695802513,0.5340324651296833,0.6610499100894732,0.0
SSBP3,236604.42030939617,0.6138882757610199,0.16657130707590959,-9.684254936403374,3.5176392783198776e-22,4.288323560587756e-21,6.57353907021856e-22,1.0
ARSI,15833.220609832078,0.0018955064254611615,0.3777381629702154,-2.370422972573093,0.017767745761352403,0.041624672090706964,,0.0
PEBP1P2,60753.62660617044,2.3198839601600088,0.14189156402075434,8.425168858859701,3.602303628504674e-17,3.2201630110264505e-16,6.731754387299123e-17,1.0
TMEM263,271849.8612827855,0.7975823275465405,0.17906227439010708,-7.157006521959819,8.245777585018664e-13,5.337325206261433e-12,1.5409181223761504e-12,1.0
MAPK7,166315.1896854487,1.6306453606561835,0.16832159104633035,0.2268387841918413,0.8205491042662683,0.9033428178659383,,0.0
PSME3IP1,346856.47458668536,2.7519994037486124,0.11099036340070072,-0.3047988548763947,0.7605193537312025,0.8633865337669363,,0.0
ZNF579,116118.45522606927,1.4616131890494664,0.2004998151363744,0.7765165454614745,0.43744405548472864,0.6164433009749546,0.8174674440004447,0.0
CHST1,205831.29138816724,2.5918200588014946,0.26497350288093835,3.077515537834753,0.0020873395634095613,0.0056228764411631145,0.003900686536408967,1.0
SIM2,118366.5994427043,2.999780162973914,0.2658723225117398,5.338755961693946,9.358651255518337e-08,4.091441848103686e-07,1.7488848288640664e-07,1.0
SULF1,1317896.9686125345,0.9071511373206936,0.16566914010567363,-4.355102751475349,1.3300451432959468e-05,4.654226597373842e-05,2.485503209068753e-05,1.0
CYP4Z2P,33297.5357188381,0.9523069832901933,0.5084879314198627,-0.7762446754888531,0.4376045322440155,0.6164955871506472,,0.0
AMPD3,66532.42134199035,1.3615226431435536,0.1956568822683341,0.7077769081857226,0.4790838085539746,0.6567851279407986,,0.0
FITM2,123092.88293506885,0.666118471717547,0.2825876380513342,-3.989681680256968,6.616202590942465e-05,0.0002135734130939244,0.00012363935806634067,1.0
CAV3,2583.499678984999,1.73719282333635,0.7526434730114598,2.566969454078332,0.010259164935006039,0.025142249720561637,0.019171670598438734,1.0
ZNF69,79819.86410642434,2.982089393037072,0.19988756018558074,9.43750056538437,3.817773318633401e-21,4.3957173440578585e-20,7.134410348994431e-21,1.0
FAM182B,4598.401055641723,-1.265471351072275,0.25924818735992267,-5.231933325860833,1.6774626019469104e-07,7.213666628165844e-07,3.134734712763168e-07,1.0
SMAD9-IT1,1299.2246343699708,-0.3585675149677131,0.5675195360384054,-0.8472532839827005,0.3968539594449374,0.5810369866236016,,0.0
MED4-AS1,66870.36217358877,1.4032189263427666,0.13958197733264968,1.110590689864012,0.26674457202339485,0.4327670864938001,,0.0
TMPRSS9,14239.443048227831,0.08703404602057942,0.2293679418923957,-1.059792138652576,0.28923917403432264,0.4600025947324985,,0.0
BZW1-AS1,12650.197492010138,0.05053377230727049,0.2647598246023049,0.4813349535462849,0.6302784585553384,0.7779166306701435,,0.0
RXFP4,306.4159788995089,1.8728778612586696,0.7351890622316888,3.196259767036713,0.0013922170773465294,0.003830896880782273,0.0026016861389306684,1.0
YBX1P10,127813.35583209537,0.1720609845351453,0.245512700190956,-11.237655038455967,2.6636387072408847e-29,4.840073680030073e-28,4.9776374794624907e-29,1.0
WDR11,362815.93345962034,1.9231859014863708,0.11361944855669255,-1.505764130288951,0.13212773446856504,0.25110118236069773,,0.0
HSP90AA6P,5058.063189762923,-0.259863533140258,0.3462913473020916,-0.5788090160745422,0.5627180468540529,0.7250907890999748,,0.0
DDX50P1,4811.024441166162,-2.1263496838066014,0.12969370813479345,-17.079439238484834,2.111382159864319e-65,1.990674840158868e-63,3.945615801362005e-65,1.0
C1RL-AS1,142889.12027138364,1.5590098797309497,0.20481294169260023,0.937529078068883,0.34848647353929263,0.5290663259493462,0.6512292102751852,0.0
IGFBP7-AS1,216791.2661251721,1.5514733430834093,0.2173487464821533,0.18963398142584958,0.8495959570231839,0.9178919447068025,,0.0
GLYR1,542613.8877645681,0.6359214430973956,0.11304479845687518,-10.08753200870659,6.272675240892438e-24,8.634864512049452e-23,1.1721973888833027e-23,1.0
MDM1,152392.43887238385,1.6098776888376178,0.15898353785451969,2.072164424771135,0.03825010984996691,0.08453595706337225,0.0714793563651027,0.0
PEAK1,369467.29434860015,1.746579814016015,0.13248970220886444,-0.22546726433395609,0.8216157890311167,0.9033725605553519,,0.0
CLEC12A,11699.418535358638,1.26355389520636,0.3910798152413194,0.28224242710994124,0.7777576280261811,0.8759195103103059,1.0,0.0
ZNF514,304455.9056258794,2.5558527076306534,0.1313723395215955,6.187583491035286,6.109349125178086e-10,3.210138546636687e-09,1.1416760500566529e-09,1.0
KRT18P19,30.13002888353201,-0.611468602831621,0.10208664838525014,-7.6571046057245296,1.901717326269003e-14,1.3995407186106344e-13,3.553807583906585e-14,1.0
METAP2,895692.4997743154,2.8861701853882855,0.08148843699828542,9.88435511083316,4.867053853337259e-23,6.333507319043304e-22,9.095238633181107e-23,1.0
UBR7,252973.49512714433,1.9120796475193442,0.15050473602994602,1.4833049120262294,0.13799341788286712,0.25986618982863424,,0.0
STX3,575757.3158084716,2.857139999842104,0.094262496825904,10.413994526999478,2.1404737500834686e-25,3.1928200982588333e-24,3.9999803026054946e-25,1.0
WAPL,376935.6338000065,1.736116707504393,0.13096920159125489,-0.5304375500763344,0.5958085969967124,0.7543084771199827,,0.0
C11orf16,1507.489202268798,-0.2480636856086689,0.5471508581753386,-0.6386148374702734,0.5230735265125209,0.6941932279253267,,0.0
MCEE,147023.98060830735,2.5975939843609286,0.1286601771029582,11.67308268476119,1.7496616549215483e-31,3.5540891421312914e-30,3.269655680494756e-31,1.0
PRRX2,65103.34322077078,1.5880746081747847,0.29862574613507975,0.6819141507489462,0.49529323699338035,0.6718446018833694,,0.0
SLC26A7,10175.115037081938,-0.8899838199299456,0.46747342124769187,-3.051995053571407,0.0022732584689339917,0.006103961617014055,0.004248119883793252,1.0
GNPDA1,188082.42053555645,0.7334026726765809,0.17481515427423933,-7.43001202345916,1.0858780838825502e-13,7.505024599116326e-13,2.0292194409727388e-13,1.0
RPS21P4,22857.443778168094,0.13154858354929067,0.18388935009964053,-1.344079691468082,0.1789226184851389,0.31976978704228864,,0.0
LINC01678,867.3074234372576,-0.3963934053824181,0.2742245524536984,-1.619077553644598,0.10543057769525126,0.20708985721036577,0.19702191351651852,0.0
LINC02562,1987.6182803151573,-2.7163521201631924,1.2053377094195956,-3.1710076610812203,0.0015191113672375755,0.004161732183161275,0.0028388180636073914,1.0
LINC02568,32430.160453172233,1.418172216920043,0.6068378961522256,0.4186542031513942,0.6754688700114604,0.810136794110019,,0.0
CLDN18,7781.75202979234,1.2956744873697994,0.46203747682653085,0.7209061138978159,0.47096728097052853,0.6499374490499119,0.8801135014995255,0.0
CD302,361239.82925563335,1.4783552393473545,0.19226463840666275,-1.0767776142625531,0.281579628445646,0.4504012174593127,,0.0
EIF4ENIF1,191081.22877658493,2.6608801251010483,0.10728786807905653,-0.19001102186799307,0.8493004936720662,0.9178919447068025,,0.0
TAF10,991810.835789399,2.0002502402193936,0.09300781838403725,-0.29395228399627865,0.7687943651488163,0.8689584805810077,,0.0
PADI4,2165.547525445331,-0.3293161672892279,0.5541681771688729,-0.7889407854140141,0.43014661642005714,0.6106371142758595,,0.0
PLA2G4B,149340.7385525691,1.675514147285362,0.3108810277997169,0.7681288710609646,0.4424106260589904,0.6222176197598014,,0.0
ZCCHC14,292145.1577674908,1.6799951968670535,0.13238473001070092,-0.4526046052785708,0.6508334820201869,0.7921679537541911,,0.0
HOGA1,11252.667564784486,-0.031771153616538005,0.4233780130412475,-1.542657292652448,0.12291394913762736,0.23595889505982479,,0.0
PTPRC,204673.7630354302,0.6703532239731855,0.273306530780516,-5.1133013458527214,3.165766592941454e-07,1.3215819268946072e-06,5.91598192405701e-07,1.0
SNORD18A,480.3901909026925,0.2207970155358233,0.43376508748521897,0.6117962810310124,0.5406725505834084,0.7057838911351337,,0.0
CCDC138,24938.593637709506,1.0821877456922224,0.261651020057408,0.7919346661739382,0.4283987723527538,0.6097148007538339,,0.0
CHORDC1,182495.0227039797,1.6329691103065367,0.16960790355920127,0.026281231654481516,0.9790330247110546,0.9880379204988687,,0.0
STX2,128956.38712293797,1.4732586571696988,0.20373565725958484,-0.5940063765849158,0.5525078480628292,0.7173125731010854,,0.0
SP7,10671.97867308148,2.0682042166808703,0.8547488417161441,1.2678624077078824,0.20484709083040764,0.35358235332626836,,0.0
DSG2-AS1,23715.338354792366,0.7762718186674626,0.2982380146394405,-0.732100078097226,0.4641074861617186,0.6438492804969761,,0.0
ZNF346-IT1,1017.0312939009831,-1.2529651566651534,0.3281980622226809,-4.103453781148874,4.070277959148035e-05,0.00013434068006514354,7.606274854847692e-05,1.0
ELP1,323257.0665660229,2.0415534859290547,0.1178878656267752,0.11759987958398174,0.9063847003628437,0.9501451171285439,,0.0
VAC14,255901.57776242745,1.8096223999943852,0.12167605651968717,-1.3971706806567281,0.16236225118678704,0.29577986481238605,,0.0
ADSL,264086.4051610101,1.6830875326339445,0.1373555861522656,-0.171093829054244,0.8641499880308858,0.9270411099592821,,0.0
INSRR,4875.47937655327,-1.1199659589290962,0.4451514812216047,-3.4849849902482166,0.000492164648740639,0.0014232330727760262,0.000919725785249429,1.0
HYAL2,500105.6991756549,1.610349323491222,0.184146417127094,-0.6306881386299411,0.528244456168119,0.6972101287564952,,0.0
FBXW11P1,4740.724683277946,1.8344803270988397,0.2286004786631056,8.289252401408374,1.1396248165079447e-16,9.835414867167875e-16,2.129657893825804e-16,1.0
PF4V1,131.1537176469239,-0.5524119567429827,0.8507685750213214,-1.3443696315801978,0.17882888897601967,0.3197166219009554,,0.0
SMIM14,652969.806465926,1.6439304260173997,0.1947276324555119,-0.6183602839652608,0.5363378718188502,0.7034782396027814,,0.0
DUSP2,99723.4627723667,2.4050027451816667,0.2661734323992785,3.758600901018862,0.00017086613199895093,0.0005247806156107915,0.00031930368795765065,1.0
OGFR,369802.86648494797,0.4987621393030572,0.18954344707178442,-8.229352155482738,1.8822865511831503e-16,1.6105797767572264e-15,3.517496595460809e-16,1.0
LRRC23,28796.51989711276,0.286002776399396,0.1899073699532833,-0.7915992239466376,0.42859439957887013,0.6098195372140132,0.8009297736333636,0.0
NAP1L4,614210.7159059616,1.8804620351695782,0.10977506768682742,-0.11237782076419563,0.9105238403858904,0.9520585123264896,,0.0
REXO4,150698.1036814772,1.664223959852382,0.13585376681910746,-0.8697026054618464,0.38446294803448056,0.5687274574684131,,0.0
TMEM74,1173.9608965570374,-1.3149844264107078,0.5160379881924392,-3.0462479591413683,0.0023171665672621633,0.0062118462106271624,0.0043301725267797415,1.0
ADAMTS19-AS1,841.3118311892991,0.9101575657869412,0.9668392925526658,1.9093343050538516,0.05621897959817673,0.11969588455564088,,0.0
TMEM39B,92952.7093214015,1.3413147385600932,0.19370077034727978,-0.40388453851487766,0.6862976265533411,0.8173489790605072,,0.0
CLIC6,179166.24702267253,0.5949496627966705,0.41955395579971205,-4.856169030196803,1.1967855188573692e-06,4.701522985637007e-06,2.2364761547233634e-06,1.0
CD3D,16805.384843150572,0.7071479879530662,0.45828315149056675,-0.4478590230516227,0.654254943125989,0.7954530293918655,,0.0
DCLK1,389388.398653544,1.8634536218051845,0.25001840357294025,0.6391447018877281,0.5227288018157589,0.6941932279253267,,0.0
SPEF1,7488.405156718529,-0.2555032810107468,0.494305563434397,-0.49537052603072224,0.6203385959692379,0.7712691104879611,,0.0
TGFB3-AS1,13027.492782711986,0.08557006136214054,0.26584016172756236,0.6584186390995714,0.5102691616249693,0.6835965149168824,,0.0
RPS6KA2-IT1,491.0443971236738,0.0003766045582826063,0.34980605242213314,-0.028230135287686826,0.9774786023134354,0.9874275537641767,,0.0
MATN3,129899.73763547053,1.9961762722208871,0.26858543616102953,1.727363542572733,0.08410239386317488,0.17021452496325837,0.15716516908537204,0.0
ADCY9,260535.83193374323,5.058064748922441,0.2481545150699571,10.275004201868734,9.134045695476464e-25,1.3268263471016247e-23,1.7069119798166002e-24,1.0
TRAF3IP2-AS1,32185.216335267854,1.5223752510858715,0.2843844242505138,2.070608808885365,0.03839536829496784,0.08481947629087282,0.07175080604710332,0.0
SDR9C7,2037.6516146882695,2.997966801540895,0.49633328895941187,6.387675151264556,1.6842664794578936e-10,9.218269000932196e-10,3.1474493634446876e-10,1.0
SIRT2,626291.6084108005,1.5666300549516743,0.10355000443756839,-0.3429564707096282,0.7316312076238902,0.8488416866720639,1.0,0.0
VAV2,229788.42631069542,1.5055283880487669,0.15568305733336577,-1.421606407021092,0.15514054376861075,0.2851185352010842,,0.0
ANGPT4,131980.37011320592,2.078827643218293,0.29255280895917996,0.846327765987818,0.39736992247507563,0.5814516845118457,,0.0
ARL4A,131717.12578358376,1.3635972770669946,0.28378882321669957,-1.3807420423080479,0.1673582895069109,0.3032231227940659,0.312748456494403,0.0
FILNC1,121.98372149236619,1.1642287464669603,0.06412302312940289,-3.655464723275222,0.00025671650946856416,0.0007704578965852342,0.00047973537689394727,1.0
NUDT3,957388.07054481,1.6422854111465817,0.08223201367529538,-1.6109712352758878,0.10718599209922562,0.2101249127186467,0.20030231956612954,0.0
ZNF714,99532.26038524194,2.774793469498954,0.2048995970999674,7.33377423973106,2.2375991068343594e-13,1.521262957394734e-12,4.1814819509541114e-13,1.0
RIBC2,11903.755417594319,-0.1895263825718743,0.46152808964959713,-0.44681830562381863,0.6550062530584753,0.7955921843785126,,0.0
ZP2,4155.690297100722,0.4167365010827928,0.7846393274571515,-0.5162671481105614,0.6056678376454012,0.759923276690315,,0.0
FAM219B,362005.2983372925,1.7497003485503122,0.13456407011145766,-0.45448749034729097,0.6494779937548707,0.7917642192713074,,0.0
DENND5B-AS1,5555.81510068874,0.46446512536523377,0.2829893764266587,1.2128781452445208,0.22517641246660303,0.3802658104412353,0.4207952629377768,0.0
CAPNS1,3215242.314802331,1.6439090732839727,0.0477251177684811,-1.0553587782616949,0.2912612681572878,0.46262954767386116,0.5442904102400774,0.0
NLRC3,29986.8369249059,0.20715892528339797,0.2256845297370514,-5.619699697579297,1.9128965931634443e-08,8.875342874686845e-08,3.574698682138269e-08,1.0
WDR1,1612351.591302542,2.501400062994061,0.0697776844905573,0.710289123540439,0.47752486312888065,0.6553994274802181,,0.0
UNC13B,218523.31219323602,0.314234613242837,0.19081810334196697,-13.58051976448396,5.225430197954162e-42,1.81329685410951e-40,9.764949401337676e-42,1.0
TCF12,472642.2331751653,2.290256583188077,0.11082527592614098,0.9966634656887604,0.31892788883696477,0.49631973233208126,,0.0
TTC7A,232627.0041499696,0.8859969553814576,0.15972188579666446,-5.984270025710148,2.1736245999956006e-09,1.090522301825102e-08,4.061930488473454e-09,1.0
VCAM1,188174.39750381588,1.5355886572992503,0.2615142787025456,-0.022898655754119944,0.9817311126683465,0.9884566532346821,,0.0
SDR42E1,75860.43550570872,1.5738124615467826,0.3115903251909772,0.32276025940236663,0.7468768119000702,0.8565885157856268,,0.0
ZNF416,42567.566756342014,0.9573156135569139,0.153820136868209,-1.2633369185654402,0.2064681237913626,0.35588865629025146,0.38583441083973036,0.0
CYP51A1P1,9130.257485718997,0.03155125649421088,0.21260171987265894,0.40789199314769725,0.6833529713513173,0.8155516593844119,,0.0
KDR,322571.2107031214,0.6162246899290371,0.23705718676653098,-7.532767129116723,4.9676159720971706e-14,3.5461681446527944e-13,9.283162682337159e-14,1.0
GTPBP2,617910.4887475787,1.47997901001341,0.11093965212899874,-1.1638831161458307,0.2444713827336229,0.40572019246759006,0.4568524680328772,0.0
RPL7P50,149.3589950645183,-2.4471027962231076,0.8751441517068825,-3.520961989206074,0.00042998424859224684,0.0012521161364891942,0.0008035270344859602,1.0
MIR1825,6685.843172799607,-1.250475328119613,0.1545711590337743,-7.79535018264113,6.423010297039816e-15,4.88520280887488e-14,1.2002910416719507e-14,1.0
EPS15,467577.9649323428,2.2644480431607534,0.10849309411739161,0.7971413257775265,0.42536895779208017,0.6067852361082,,0.0
STK3,224523.1908293046,0.7733530805776085,0.1543548560307954,-5.610327811043211,2.0194371572060262e-08,9.352296083928186e-08,3.773794867074986e-08,1.0
STMP1,257245.8300274551,1.7390999385382249,0.22304839054264686,-0.6975650343924674,0.48544925481537426,0.6631465080132382,0.9071764870278328,0.0
ZNF460,40027.75594394152,1.226683242822163,0.3236680829783319,-0.47744989254284076,0.6330417936043357,0.7795429986153936,1.0,0.0
OCA2,6248.9471468515385,1.432571927102711,0.7406586478234468,1.8821943210006304,0.05980963645288912,0.126371565900671,,0.0
NDUFA3P1,361.32687650027754,0.29917900091178035,0.5277455772927352,0.7823941280311034,0.4339829836454836,0.6137386161279538,,0.0
AHSG,136.63435885990492,-0.4360859396360006,0.06673001018017823,-0.5218955276355854,0.6017430724071742,0.7575989248724236,,0.0
PCDHGA10,394486.72077961185,0.6649687289533134,0.21640917397932843,-7.98290828413599,1.429251046645938e-15,1.137255968167158e-14,2.6708928496969904e-15,1.0
ALMS1P1,1915.58784186213,-1.601854515850822,0.35811814913487566,-5.028335692602873,4.947551882028662e-07,2.0198461400733024e-06,9.245668195399111e-07,1.0
S100Z,626.5695331310494,-0.11412856882302948,0.4138588578732772,-0.3347161016843773,0.7378392540171028,0.8525831543898075,,0.0
MGMT,158691.02166924305,1.409961276312007,0.23667336490082586,-0.11076777643649358,0.9118004987450882,0.9525159463814961,,0.0
TMEM150C,343467.44372098456,0.938509389762619,0.3589958967575697,-3.6340642338340796,0.00027899135561525683,0.000833201331086489,0.000521361183249603,1.0
SOX30,1962.3059306227508,0.5314050364350572,0.4667624318986038,1.5744936086257542,0.11537337797681196,0.22380464664213096,,0.0
ZC3H7A,315982.5035602969,0.6946011944151698,0.10473833099365139,-12.680527701005259,7.581968913142462e-37,2.1048388143873823e-35,1.4168698077401975e-36,1.0
CLRN3,499.25359184168303,0.030507135374030887,0.5948443083358791,0.0635331819214105,0.949341937254448,0.971566770926441,,0.0
SLC5A4,4259.590232444598,-6.460854807702311e-05,0.39037492458989365,0.33076734658107,0.7408202274652356,0.8533606907892536,,0.0
CYP4F8,61163.13763306581,2.3912225748483866,0.6905490070902799,1.1585576294539348,0.24663654820114855,0.4087704249954028,,0.0
JAG1,1039784.0888939232,1.8092149973639173,0.09249932316638548,0.8656316981587325,0.38669216688472563,0.5710108622703824,0.7226255639203344,0.0
KDM7A,450789.35917822504,1.6027433317140598,0.12479202670246285,-0.07482718802749563,0.9403522095354214,0.9668600804626545,1.0,0.0
PRKAR2B,531415.3767753999,1.2084680124157008,0.24667687109798606,-2.000757227462363,0.04541855890392342,0.09894838464154931,,0.0
MSRB3,530351.2421950214,1.707751369594912,0.14407301544449103,0.3100267369217021,0.7565406242756725,0.861539083752401,1.0,0.0
RPL12P19,9565.279101695876,2.5202175179092703,0.27607515764656393,8.284392576570353,1.1871341241413425e-16,1.0210170771659706e-15,2.218440246198313e-16,1.0
SH2D5,2064.0052115206354,-0.004094033847977435,0.43312522890177174,-0.04354253079785025,0.9652690619832295,0.9810724006869199,,0.0
GPLD1,38580.471617935946,1.1282825424039584,0.20468992414182882,-0.4618056017170899,0.6442207334285134,0.78929858479537,1.0,0.0
ELN,1641511.6938686538,1.6582024282412025,0.10289050512283583,-0.40443224686629275,0.6858948912327155,0.8173489790605072,,0.0
SNHG5,1003397.5893999736,2.7556624037761708,0.11424072015136263,6.27052214867625,3.598393575533907e-10,1.9293103752084693e-09,6.724447530644328e-10,1.0
TMEM230,337808.7046436533,2.26426852507045,0.1746095474908449,-2.254184041362553,0.024184592325137085,0.05566577975527868,0.045194617744468965,1.0
KAT2A,591506.8035054969,1.5714840389982045,0.15854746660937394,-1.3286579127603297,0.18396085619169456,0.3259760277978361,,0.0
TICAM2,49571.71066934124,0.235781453656756,0.14102329788031628,-1.355696725197663,0.17519568181140155,0.3137823734808507,,0.0
RPL23AP65,253912.81458337372,1.8790677025505271,0.1463636496189588,1.387368955031531,0.16532928647680112,0.30013624276390855,,0.0
PSAPL1,1641.950768290872,0.007231057090798181,0.7624912929287379,-0.010816589096003503,0.9913697788473766,0.9941800690291133,,0.0
PREPL,1452922.2058002523,3.376779863752234,0.06202996545611277,14.982844134686816,9.506039275089747e-51,4.798149318951865e-49,1.7764277583254848e-50,1.0
AMPD1,2368.592014262468,-0.04334025064717469,0.47786915100449184,0.13139967373993375,0.8954591467435911,0.9436122640821857,,0.0
JAK3,80297.57222165211,0.31754959877792,0.2872327691357148,-6.742166549324679,1.5604206113410024e-11,9.304799277889008e-11,2.9160141342075505e-11,1.0
GPBP1L1,645078.6485163482,2.216434587157859,0.10025743247398841,-0.6153854423220931,0.5383002030354327,0.7043430517329293,,0.0
TPX2,419142.5275823582,2.758268746235492,0.2770364801858726,3.6392234231361242,0.00027346146645407644,0.0008187459244284121,0.0005110272804304488,1.0
LINC00112,15.794518810859364,-0.4506303679344712,0.04528719497162081,-11.680186927302081,1.609412140619731e-31,3.282543863949713e-30,3.007566367493192e-31,1.0
RANBP2,851296.3226867594,1.947352010852974,0.0993522677304484,-0.5546921045770311,0.5791052775385267,0.7408574172708698,,0.0
POU3F3,2366.5410147692755,-0.13243768209179319,0.6614411772895682,-0.13266844100332692,0.8944556026223646,0.9429524570261509,,0.0
LRRC37A7P,2755.3430387407943,-0.06837031900542799,0.28436660129053526,-0.325162795073332,0.7450578651847546,0.856427396034204,,0.0
PMAIP1,46928.088454119454,0.8726618900529471,0.4376483206082243,-1.732833054030409,0.08312534599160211,0.16871541588953523,,0.0
MEFV,5021.548608853451,-1.3833343575325097,0.2734991652908795,-5.307999860009711,1.108347273791615e-07,4.820201329100696e-07,2.0712084245088633e-07,1.0
SGCB,187078.5456888929,0.6291645893589527,0.1780574727227459,-8.011608319308593,1.1321795372904094e-15,9.095661009389351e-15,2.1157446327001406e-15,1.0
CCDC82,136906.99749219563,1.1663286312711718,0.20355858315024594,-3.014072667493861,0.0025776605770652505,0.006862317476608981,0.004816967054448413,1.0
LINC02207,2833.292187631595,0.8445631600072958,0.5897812577632858,2.028083212429317,0.04255175596670991,0.09334114335629914,0.07951799721976419,0.0
SLC35A4,326472.1256746296,0.4454830030486482,0.1321303115807824,-17.028265008660735,5.06848009656514e-65,4.604944553188365e-63,9.471651100424835e-65,1.0
SPESP1,16287.62514573423,1.0545551792145216,0.40268285201619713,-0.5114348254621438,0.6090466144256104,0.7635238164286943,,0.0
TRIP11,273173.52081493137,1.7016833808368217,0.13887979204390563,-0.21974268003061123,0.8260715631005107,0.9056339624425739,,0.0
NFE4,2202.9018653676326,1.1964740070474944,0.09066031125315324,-0.3889215131258787,0.6973342074222304,0.8251175593173603,,0.0
HPN,138205.57034949615,1.9319757873908872,0.39645360246436423,0.9538423121949957,0.34016346788208185,0.520452188918176,,0.0
TREM1,33163.49747372039,1.46351822678158,0.4620394974185876,0.4887742641027985,0.6250015201895485,0.7743943953352774,1.0,0.0
KIF5B,2008012.3837532452,1.5970594158680615,0.06353710081130523,-0.6696423783746851,0.5030857920870563,0.677971872453889,0.9401345187206508,0.0
RNASEL,82541.02471318716,0.08338641478389486,0.16210982717078123,-11.064573542117923,1.8634715087817275e-28,3.278791242740244e-27,3.4823362488340656e-28,1.0
DNASE2B,2579.361103962095,1.7406774818839734,0.6988672947407959,3.099608700259935,0.0019377645885154716,0.005245400676496106,0.0036211703997052398,1.0
LRP1,11302207.28301786,3.0248641313030546,0.03433898360820565,8.16860881084868,3.1196594665080806e-16,2.6155936835806843e-15,5.82981987813795e-16,1.0
FOXN4,3320.5280108024053,0.15053282300671295,0.5965262958778287,0.14075279574239247,0.8880652352489034,0.9390499187634417,,0.0
LDHD,62185.40583074892,1.4201066752812246,0.3430228343871915,-0.11387811202274825,0.9093344167526152,0.9514120771593002,,0.0
LRRC49,33273.146725038154,0.8138533537773807,0.2836259007634782,-1.364988013702404,0.1722568173565998,0.3097399483018817,,0.0
CASP14,9920.359817143706,4.0514986322828594,0.09942507351866708,-0.32043982138915117,0.7486349425605601,0.8574212257563876,,0.0
ZNF582,30597.528339093806,1.0885236897532398,0.19012965771461335,0.22814891695463924,0.8195304724897607,0.9028204962591125,1.0,0.0
C9orf43,11956.804308045917,-0.2505334371119394,0.1528338458449945,-1.8792957821029437,0.06020411731276937,0.1270439080286776,,0.0
FKBP8,829349.9060616223,0.7398728304614701,0.12310532549488346,-10.907816490144558,1.0576623788695338e-27,1.7855199010848178e-26,1.9764917379248544e-27,1.0
TRNT1,116065.52542493163,0.7310574254769239,0.13565342130316188,-7.492700922363561,6.747052811027019e-14,4.755292369069395e-13,1.2608460320382206e-13,1.0
ZDHHC13,114970.81016416228,0.9353292276843037,0.21303466835301255,-3.4265681411273397,0.0006112603728382309,0.0017444135254555337,0.0011422842494662076,1.0
HOPX,64980.905785977564,1.1444507199592953,0.2741849636492573,-1.308505337640756,0.19070196533680372,0.335541450981693,,0.0
SUN2,1589252.1512759067,1.8923582813452464,0.10122924658203547,0.4007695362531106,0.6885898096123022,0.8194530313485768,,0.0
ANP32AP1,12486.422119346407,-0.494473865176837,0.1281049308965418,-3.3827287072574324,0.000717694912724721,0.0020319101863373545,0.0013411823032481042,1.0
ZFYVE27,175371.31987509318,1.7437653353992735,0.11934585839998148,-3.302050157283893,0.000959809054066971,0.0026809199794145637,0.0017936297094886513,1.0
LEMD1-DT,389.59688236957936,-0.7847931988780478,0.8444106910397845,-1.7688994306575667,0.07691065923242772,0.15789752020724787,,0.0
SLC6A3,1647.7370368809982,-1.6992904800287019,0.5828092780945049,-3.508273941818349,0.00045102436147013064,0.0013095692819676018,0.0008428454503613473,1.0
TNFAIP1,805700.9906062628,1.8388057722458286,0.085296142043636,1.3034364237907787,0.19242580815604426,0.3376146305872986,0.35959303042473945,0.0
FNBP1P1,23810.376677756045,3.226581452540571,0.2846793207043521,9.213247576232792,3.1640416075798674e-20,3.437112155016652e-19,5.912758381853627e-20,1.0
LONRF1,197072.1746502992,1.0616210979522216,0.2374517966977629,-2.730926538937331,0.00631565476131982,0.015971319252183775,0.011802291264889731,1.0
ZNF787,85694.58078805332,1.986513792576897,0.2616100080504369,-1.7376959672937573,0.08226439968379157,0.16723970920256567,0.1537304432385589,0.0
PLGLA,1227.0461934329778,0.22615184522004161,0.2588767253718863,0.891936858367018,0.3724267771875721,0.5558592011966242,,0.0
MAP3K7CL,50719.70362692879,2.034598984297354,0.24397800187311416,4.1639548104490505,3.127820465047356e-05,0.00010468666352204714,5.845070629708914e-05,1.0
PARP6,400122.6489684468,1.5310642202854714,0.1335372851904464,-2.743277039853925,0.006082934135312124,0.015390593354002372,0.011367397858696593,1.0
LUZP2,3900.359313674934,-1.304254441240062,0.5858920618743266,-3.37120515631226,0.0007484010182092495,0.002112392240955083,0.0013985639072519147,1.0
MAFA,508.8754547021749,0.4801458165085673,0.67904399509546,1.137840222291927,0.25518720609327783,0.419601996988519,,0.0
CACNA1I,11477.564005754433,-0.3959008387648088,0.38908983063568836,-1.0426062622523031,0.2971306877361196,0.47045692224885605,,0.0
LOX,373329.2707267003,1.541209083714249,0.21042428758606668,-0.8292024237232603,0.4069898737249261,0.5894507255823116,,0.0
XRCC2,78776.14571859292,2.4086515265559947,0.34677027811480765,3.122844105235958,0.0017911259245512992,0.0048695627012964315,0.003347141452873165,1.0
PSMC5,709487.0207025422,0.7459871168380084,0.1587794806457435,-6.109426074579886,9.999005761749656e-10,5.172363539488927e-09,1.868550179187099e-09,1.0
BATF3,18071.52108156471,-0.7486764575349858,0.3157528030827377,-4.954750944566471,7.24229934589957e-07,2.9091454848440637e-06,1.3533945337120475e-06,1.0
MRPL30,124170.24793098953,0.4010973295003989,0.1865941730983911,-8.47239175366054,2.4040504114004593e-17,2.1841890737760173e-16,4.492535492059871e-17,1.0
BNIP3P26,322.55218758441777,-0.008308299044868248,0.48004565566603985,-0.02750003451362728,0.9780609123209949,0.9875470557421725,,0.0
PAPPA2,74735.72281394996,0.5366537456183662,0.5382218189202165,-3.438492913638414,0.000584961847697665,0.0016722278907009339,0.001093139249418561,1.0
RAB3B,25858.359452682795,0.9667568056401982,0.5937273450642546,-0.3328694349240088,0.739232842381603,0.8528374724573373,,0.0
JPH3,8287.808573641678,-0.4601857533279397,0.4172353671111266,-1.9389655827348262,0.05250552916123411,0.11265355483842286,,0.0
HROB,25367.714540307177,0.9669907341286332,0.2676635899253015,0.20585006111698925,0.8369080353812504,0.9117025386414627,,0.0
DYNC1LI1,249152.7844060446,2.1145751860430355,0.11672552104966512,1.7906840525557166,0.07334401026614405,0.1518856275590227,,0.0
PI4KB,615251.9309273247,0.706462086306888,0.10439727015039421,-10.65577974675264,1.6386562730982203e-26,2.6499564390523644e-25,3.06221592994458e-26,1.0
AACSP1,258.98097665048164,2.4207099547600905,0.04050599859077916,-0.6621459375173923,0.507877697800766,0.6820383918060811,0.9490893253217755,0.0
GLDCP1,6004.911073713454,-0.6578268079332303,0.6138443258303028,-1.7026188229273902,0.08863942521048349,0.1783136907313953,,0.0
ITGAV,2428789.9466687334,3.0587350187317033,0.07485942775267136,7.897052345979727,2.8557645864532956e-15,2.2332168448367948e-14,5.33667002188e-15,1.0
TDRD10,25319.006394340075,-0.16348900822450224,0.5007351231332072,-5.398177841021066,6.732111939780089e-08,2.987598877715906e-07,1.2580539776769298e-07,1.0
HOXD9,66158.15764940676,1.473344055996795,0.3316606161311215,0.07307364128469271,0.9417475167759397,0.9677547641452999,,0.0
TRIM6-TRIM34,64623.42124569909,1.4157535881989114,0.18723476199179695,1.4409330396050768,0.1496036008630563,0.2767749698306895,,0.0
TNS1-AS1,2116.446056902895,-0.14851625750253977,0.2655261370500629,-0.5078666376988724,0.6115468730045934,0.7653142310052474,,0.0
CCNB1IP1,299846.3335541935,2.3650479486714318,0.13424685477674844,4.972489569289886,6.609852864296745e-07,2.665813943736145e-06,1.2352069844013026e-06,1.0
XPNPEP1,317921.5988324861,1.932273578217821,0.11316512020283538,-0.7806439091702005,0.43501195894576217,0.6142285275083282,,0.0
RTCA,185154.35279310046,1.5340133923451333,0.15437890549456618,-0.5386287871319542,0.5901430200838187,0.7499859286263586,,0.0
RPL4P6,1541.8967434451456,-0.17080065583482368,0.3175706630742899,-0.5543267238319006,0.5793552643707877,0.7409875239469735,,0.0
RMI1,75915.32350502835,1.7391390351115363,0.2812761312901343,1.1812306344428587,0.23751111463473484,0.3954825191035555,,0.0
SND1-IT1,986.8407915825908,-0.5391110294534575,0.5069295080358928,-1.4031918550650007,0.16055963574844367,0.29303013142256135,,0.0
CYP3A5,95714.03574384109,1.9747824041930244,0.3383814729993733,0.7131691923766372,0.4757410674907311,0.6536370949274631,,0.0
MBLAC1,20155.887284173998,0.3507214641247544,0.20889160890659647,-0.11881408405902204,0.9054226502614252,0.9497054960865537,1.0,0.0
C11orf71,61389.87429565952,1.477080980431862,0.16294473538007684,0.3769944255704596,0.7061777475613034,0.8304942820813916,,0.0
ATL2,742599.9600549028,2.558526485649102,0.14179468756040706,4.787211373508672,1.6911469394078062e-06,6.571276249005294e-06,3.1603071264849694e-06,1.0
KRT78,5722.064739967512,2.7772918269237503,0.6389913631146991,3.378772118221736,0.0007281033458193698,0.00205788032752228,0.0013606329166265486,1.0
JAKMIP3,16223.631799478995,0.21481956896611426,0.33811708213345176,0.04268504680048309,0.9659525996301631,0.9812695955177729,,0.0
RAB1A,784520.8588989595,1.4034706375352064,0.09765987845582084,-9.214999908391754,3.11278571259818e-20,3.3887996091183234e-19,5.816974646915896e-20,1.0
MIR8075,231.82180013922456,-2.1553904034177647,0.47555750819771614,-4.951395281518298,7.368326587756935e-07,2.9573918039374625e-06,1.376945697794368e-06,1.0
CPSF2,285204.50872102083,1.492448885501703,0.1479905898657747,-2.168281882004257,0.03013724608110449,0.06798908291976485,,0.0
CA3,30201.37437722839,1.0802404550706706,0.5041356699347576,-0.636724477137602,0.5243043269577294,0.6948859412323978,,0.0
SGCD,52634.19966308363,0.3450528000403426,0.3241143351729292,-4.866296846946087,1.1370869016701254e-06,4.481090889310423e-06,2.1249152010641794e-06,1.0
SNORA63B,8100.635202149645,0.457680980547463,0.38083976433503286,-0.21010763238898067,0.833583668653522,0.90995682764516,1.0,0.0
RPS3AP29,1174.4305859380586,-0.09471784344835966,0.22587893923633842,-0.4272217548490692,0.6692178173346421,0.8056086324310303,1.0,0.0
SNX9,1040245.9515349732,2.5083940413237076,0.0796591993671209,5.992649383722709,2.0644964416092757e-09,1.037856007919673e-08,3.8579987728951195e-09,1.0
RPL7P17,428.7640481989971,0.24093319917958836,0.5452597124729495,0.6054708574635336,0.5448661825931091,0.7103303716195583,,0.0
HOXA10,98722.62427550345,1.243092581408612,0.3300499632943829,-0.7979107212931237,0.4249223012571042,0.6064943557217222,,0.0
PALLD,1367041.774941021,2.013956166956548,0.1056182274352703,1.2985869784527742,0.19408570911603606,0.33954428030532285,,0.0
CAPN2,1740105.3406217373,0.6795228386576393,0.07570248851658629,-9.602545731355045,7.799383236616123e-22,9.368634142637204e-21,1.4574988045389217e-21,1.0
COG6,141026.38275307193,1.8751201132605124,0.13495671298824058,1.2397400493460677,0.21507155878030038,0.3667961021246283,,0.0
PHC1,319678.8150072618,1.5291206339173047,0.10960726302557681,0.11908949288253282,0.905204454967616,0.9497054960865537,1.0,0.0
CYP3A4,4508.0703300901605,0.19050015177199217,0.5537362923840691,0.2395924381283931,0.810646227554987,0.8971226778033226,,0.0
MEP1B,313.26352326726834,-0.19612563670716876,0.4781854658313817,-0.5444984394467275,0.5860985219969963,0.7473167426432739,,0.0
EFNA1,553312.6582999246,0.7001762718808783,0.15167351673758947,-6.930387245175333,4.196901672502079e-12,2.621489707186611e-11,7.84290114341544e-12,1.0
PLAG1,16887.460557560065,-0.5270187288618007,0.34918577014409286,-3.8762082921153693,0.0001060968695363926,0.00033343777174424773,0.0001982670370506185,1.0
HACD1,45349.37844319098,1.3488802121821681,0.37856440576375966,-0.21244967842422768,0.8317562324273788,0.9095931579091509,1.0,0.0
SLC22A4,19037.480714135927,0.2543577871437417,0.18805903624991704,1.7883576304148388,0.07371832745161377,0.15247122610749753,,0.0
TGFBR2,1733846.5404230456,1.5966903800154766,0.13249443024225227,-1.1229466920653304,0.2614601353797368,0.4267853832986215,,0.0
NLRC4,23248.23881654785,1.815186233317825,0.2271821035781741,3.7271577045969835,0.00019365129645201645,0.00059148870927306,0.0003618831444916702,1.0
NAGK,829240.8945511722,2.562358913921948,0.11305085693614877,6.604049730702943,4.0007521964692245e-11,2.2952650661029525e-10,7.476349560866385e-11,1.0
GPATCH11,176232.79616937222,2.4675284733130547,0.17356225421175286,5.335237059045111,9.541981087100087e-08,4.1679440115593653e-07,1.7831443340403567e-07,1.0
BAZ2A,1864744.338756273,2.9338718461750863,0.06183420435778775,9.90985508374286,3.771928772695857e-23,4.960086336095053e-22,7.048738996694539e-23,1.0
PTGER4,128077.68627355779,1.3148107467134384,0.2706072954022613,-0.852280617902939,0.39405836091407165,0.5789796029072672,,0.0
ATP5PBP3,292.1084863667972,-1.9236316704979262,0.32550468944077704,-6.210298224101121,5.288414144876347e-10,2.793467809930984e-09,9.882649768865785e-10,1.0
MN1,80568.17096081254,1.489905143171423,0.26871359788905436,0.023667910172387018,0.9811175028047603,0.9880379204988687,,0.0
LACC1,59351.913998125005,1.5158290542563027,0.168237876519931,0.5341256911591465,0.5932545761017023,0.7522185021010419,,0.0
TBRG1,275772.82850197004,1.6004228537902787,0.14456254247479858,-1.074222750590538,0.2827228580389496,0.4517960094725395,,0.0
PTPN23,446424.6594033569,2.131399658889603,0.11061746530277222,-0.41595324434562636,0.6774442168958882,0.8116012351543402,,0.0
CPM,1235580.8359917146,2.4140843831396546,0.12384813530978743,1.7004046424229085,0.08905483919866827,0.17893326557126873,0.16641998185330792,0.0
TCTA,249212.9178325547,1.8369770117045896,0.14978792674752128,1.0986929709875284,0.27190200953684807,0.43956465275174045,,0.0
TBC1D1,359993.2627648299,1.860081995537355,0.1317790195189007,0.6506111608192775,0.5152975239353368,0.6879352730710333,,0.0
RRP15,148289.04702104742,0.23114154154789268,0.16017186404960498,-9.296234156605232,1.4550816820900854e-20,1.6193860056579413e-19,2.71916348743611e-20,1.0
PLPP7,23731.23255770271,0.3037503627940143,0.32260888288467976,-2.766559011421082,0.005665133073531763,0.014377181294280457,0.010586637983709133,1.0
GPALPP1,120514.4433231528,1.5114052948145942,0.1410598830892134,-1.436482902007332,0.15086497818181865,0.2787989260260902,,0.0
SEPSECS,94152.4512313627,1.5000667826640388,0.15355053578143382,-0.9634999584499342,0.33529668500052956,0.5158489947498911,,0.0
RNASEH2A,92126.90831058647,0.5407173113649756,0.314325907901292,-5.275294162461065,1.3254330669980027e-07,5.739331920094471e-07,2.4768844561664246e-07,1.0
PRMT7,209567.65915319597,1.528146267659192,0.14891857404051279,-0.9451716441532085,0.34457125346577155,0.5252661847371752,,0.0
CLPP,532985.3104925564,2.8605302469051335,0.14201845499619992,7.585914652699719,3.3014969940805213e-14,2.3771729797435684e-13,6.16962620771143e-14,1.0
ADCK2,309761.61326110654,1.5187000129023882,0.15640365361647043,-0.16689031564402915,0.8674563532792003,0.9279981582822017,1.0,0.0
KIFAP3,270796.70055530156,0.22618534292865336,0.1310234487793606,-11.86004039515481,1.9088301332047596e-32,4.22054167063017e-31,3.5670995421182437e-32,1.0
PPM1L,182253.16458609267,1.2759291965593555,0.23601947792857286,-1.361270132841421,0.1734283379427991,0.3111949826986145,,0.0
LINC02148,3.1222270555085934,-0.8093834846266025,0.09893315794969308,-4.239269570882415,2.2424824468772094e-05,7.617732690037672e-05,4.190607624175548e-05,1.0
PTPRJ,276736.00276702555,1.8628757501685653,0.19475111718105068,1.9739708690382525,0.04838505543749446,0.1046789194678954,0.09041889379998498,0.0
TMEM170B,100330.54505580637,1.1134608275299518,0.2250273190263261,-1.3141431943260546,0.18879802060598605,0.3328947455780213,0.35281365331642195,0.0
CD55,423454.25273636077,1.0300314612157138,0.16525243439604193,-3.907843936671466,9.31234237047554e-05,0.0002956402466662406,0.0001740230920914969,1.0
CNNM3,103370.40335826561,0.19057848324002322,0.15464418388292261,-18.514098293595637,1.5893561165065047e-76,2.0900032932060537e-74,2.970086953695963e-76,1.0
SMIM35,811.271110741244,-0.9460446112571624,0.524806566497744,-2.29710347672673,0.02161286749366557,0.05006930869997536,0.040388743031356346,1.0
ACTR6,139279.4447780515,1.4608763371774731,0.18128028790538248,-0.6660481326282907,0.5053803354868605,0.6801469260511289,,0.0
CBX7,365521.1366414091,1.485258927934051,0.1969878789455437,-1.1157950695923098,0.26450986473998317,0.4301190348537897,,0.0
COL9A2,68339.02568642795,0.3626159117148561,0.4081703765708736,-5.024985502731325,5.034705674472661e-07,2.052073756553009e-06,9.408535622789785e-07,1.0
TAT-AS1,31707.696183704084,0.558761687891609,0.7237979344261581,-1.0220045278163101,0.3067787574151716,0.4819155771152506,,0.0
RHBDL1,17305.03962780803,1.7037278228636397,0.4489648220385481,2.6895055243285553,0.007155796263926552,0.017977633952157356,0.013372293915796925,1.0
SH3BGRL2,405170.3637864645,2.2848665400956683,0.16156778891246532,2.6443594258532883,0.008184569526751886,0.020377824576571585,0.015294799523253244,1.0
MCM3AP,997823.313467913,1.634603904687032,0.08648434867963933,-0.38030092334838805,0.7037220501899901,0.8295586423211561,1.0,0.0
AJUBA,79733.32070272542,0.7304935207453952,0.25370055451983214,-4.11129878128939,3.934396720965641e-05,0.00013019987029579675,7.352348696583885e-05,1.0
GAPDHP40,6891.983444487769,-2.209647787190697,0.22959299873023942,-9.879216405030528,5.123194962271112e-23,6.649507851030844e-22,9.573898738395193e-23,1.0
TDRD3,114935.74682046912,1.543179277802546,0.13533708187931337,-0.5023541990024041,0.6154183905345805,0.7688607197464589,,0.0
SRP14P1,1261.7437388767717,-0.005533213326338315,0.3045050139770267,-0.05139052891207733,0.9590143316356334,0.9774004925929555,1.0,0.0
PA2G4P5,15765.681587940786,-2.0135475632640776,0.1420453573790695,-14.884330918627079,4.166335417041907e-50,2.021279425141593e-48,7.785780882183399e-50,1.0
SERPINE2,257928.49242401653,2.2370646762707986,0.25746225321742466,2.4967404649633713,0.012534065510949354,0.03018444595576575,0.02342285914667686,1.0
TMEM120A,430568.03620136017,1.5438245632000922,0.14056640994127081,-0.3280295685272118,0.7428893060068346,0.8549557489903621,1.0,0.0
LASTR,1048.8336022849894,-0.6894493798988081,0.5709119396844274,-1.8833830300830383,0.059648478430137514,0.12608436832292605,,0.0
E2F4,365450.21843891544,1.8129651289785336,0.13093390508153,-0.06297570014181406,0.9497858543808508,0.971566770926441,,0.0
FRS3,65373.7844441608,1.3032192233463962,0.14671050811253417,0.31607518389499706,0.7519454422863275,0.8596365534442412,1.0,0.0
PCDHGA1,2097879.6994428798,3.5520155373941824,0.07596209417932497,11.685356283881628,1.5144318489155783e-31,3.10148194632424e-30,2.830073279368416e-31,1.0
DCAF6,562237.0039490531,0.6630120363273784,0.12503061522193581,-8.341458463099391,7.337980355449259e-17,6.444268512509657e-16,1.3712747881892276e-16,1.0
PAX9,68797.35131574779,2.8456116325944225,0.44013450927156406,3.564520485759152,0.00036452198220799547,0.0010733743931015634,0.0006811953422189056,1.0
AKAP6,17283.332485112227,-1.438414830496394,0.2693588254411879,-5.360775829037073,8.286529552341144e-08,3.6354511126469446e-07,1.5485335891192482e-07,1.0
ARID5A,342676.42891299597,0.5865626307948639,0.4031511156891788,-5.236860831907223,1.6333075387228914e-07,7.029834428077768e-07,3.052220557590983e-07,1.0
SRPK2,429778.8479056371,1.1835074139680335,0.13666491856224522,-2.9089790124434183,0.003626112018555339,0.009466918368192806,0.0067762459823190084,1.0
CLEC2B,267940.2028189119,1.8222180191132686,0.18190951211153966,0.6785272872575199,0.49743742846842653,0.6738868424636675,0.9295792184206161,0.0
PCDHA6,43745.661462022894,0.38393432178218584,0.3393288706655438,-3.9284837727192237,8.548311767506054e-05,0.00027259677027586317,0.00015974537734565354,1.0
RPAP1,163181.36196136047,1.9299177463564507,0.1184379595550023,-1.2382907719570253,0.21560826424388224,0.3674606058754023,,0.0
HCRTR1,6731.4079116687235,-0.10744696642672937,0.19798428576220603,-0.43530847329290545,0.663338535322652,0.8012484791071244,,0.0
DGKI,28184.522411867743,0.8146764101403116,0.32562887259370066,-1.5570785214179206,0.11945184383448787,0.23073090979549124,0.22322395798090347,0.0
CAPZA3,70.34175305614532,-1.4415825767885908,0.10863130455066962,-8.842125600210863,9.39145633485193e-19,9.256234182496073e-18,1.755015232058904e-18,1.0
TFG,1040651.957175502,2.26763894950114,0.10686309903268787,4.208316689479473,2.5728012140927076e-05,8.692554203395038e-05,4.80788618804086e-05,1.0
HTT-AS,253.05992602914884,-0.02549280807452241,0.6001340385865959,-0.07248881773357217,0.9422129042141935,0.9679765383138003,,0.0
MFSD1,760734.7332065592,1.7671026683208249,0.08971805380816811,1.0849229811745558,0.2779557685838572,0.44689349279714746,0.5194259445076792,0.0
GUCY1B1,110044.28562998497,1.5489528598146536,0.2110602874021078,0.1677535399782367,0.866777174148891,0.9279981582822017,,0.0
MYO1A,3143.8844510470703,1.7140248123293147,0.28036675281145423,6.407872452489851,1.4756427327070782e-10,8.111976606531649e-10,2.757586662429794e-10,1.0
GLRX5P2,150.76476028715496,-0.9008789805791491,0.6799006454779648,-1.9449117467941328,0.05178560099663746,0.11125221331908745,,0.0
ZBTB7A,293724.419266747,1.9574437472499098,0.1172215320902867,-0.41121961912168686,0.6809115035576712,0.8141170490560177,,0.0
CUEDC1,464505.9582596527,1.2605625719475033,0.1236838740714993,-2.5289707215458908,0.01143975697620095,0.02768254993224027,0.021377885418876644,1.0
AGBL3,11768.961357330852,-1.1190133242130003,0.19315542581294184,-5.472048439619944,4.4486318985463384e-08,2.0117478368358418e-07,8.313318473087528e-08,1.0
ANKRD54,139081.26208214895,1.6278530753007274,0.13757410089078198,-0.9328337188272221,0.3509058286794675,0.5311955243596787,,0.0
AMOTL1,389577.36985736137,1.6740771203610987,0.16777033794484086,0.15091144909196563,0.880045568857349,0.934595955616998,,0.0
LHFPL5,22996.68745782076,-2.0451143271667873,0.2008718394693341,-9.14270255103955,6.091074683226565e-20,6.462229340145041e-19,1.1382610393449193e-19,1.0
HLTF-AS1,4061.288193776612,-0.10164101788940433,0.3710858812675611,-0.36739412077220596,0.7133250563909778,0.8356743277735234,,0.0
IGFL4,1248.0580476833802,-0.10265385015413898,0.4091193789487776,-0.3258582383221763,0.7445316135499562,0.856427396034204,,0.0
KRT33A,37.54958070290096,2.2377653654343272,0.027282252955022464,16.45587999918537,7.61076624634203e-61,5.850922912764788e-59,1.4222512689966763e-60,1.0
UGDH,658843.94122422,1.8521388615935976,0.24112156666045292,0.30425737244882745,0.7609318184058054,0.8633915296489122,,0.0
LINC00839,21880.197382552287,1.9885925034068168,0.45536462488939045,1.9527956888831237,0.05084380959325422,0.10951142954202213,0.09501365614715458,0.0
AFTPH,264894.5939390763,0.5123932989860662,0.1787888287164054,-10.509256305646636,7.830862175070697e-26,1.2114804423785842e-24,1.4633813870167641e-25,1.0
PHYH,255416.64417832563,2.5944082126365555,0.20279872876397761,4.6627061252500015,3.1207824930232495e-06,1.1769471786895983e-05,5.831918518188922e-06,1.0
CAB39L,209428.07042826264,1.6087166243376338,0.16928424006728138,-0.5008447459657699,0.6164803915922268,0.7688607197464589,,0.0
TBC1D16,698632.2095880354,2.6426198751693755,0.11042187511209564,3.8452354002402847,0.00012043676333840828,0.00037473381469615573,0.00022506451249140844,1.0
MRRF,237552.66046755295,1.4520889116156486,0.1483303393306181,-2.0140088479381073,0.044008604552230074,0.09615697286729062,,0.0
NOTCH1,467561.11342026386,1.9224342572475062,0.17715099544074106,1.25146814070149,0.21076373022328443,0.3611043186154646,,0.0
POLR1C,220829.69587663878,1.4091374445370977,0.17617205677887585,-0.4812552628392766,0.630335088569824,0.7779166306701435,1.0,0.0
MIR3650,1176.563539478469,-0.3721608219998667,0.30373156690349457,-1.320852571266701,0.18655052668358352,0.3296297672694013,0.34861368056763903,0.0
RAB3GAP1,419639.43932329584,2.4816450476954035,0.10426528652477966,0.4579545433372646,0.6469850994837771,0.7906540822011334,,0.0
TIMM10B,204626.70738316135,1.5947250575105483,0.1300750857012556,-2.5891480923867225,0.009621370700909921,0.023685878221296457,0.017979801567855974,1.0
RNF25,106198.65194487979,1.4424807176250658,0.14789234168697363,-1.6920893575018825,0.09062893732680931,0.18143942300563548,,0.0
DIXDC1,243877.455986063,1.679605248757725,0.16131067515579256,-0.14128681529605255,0.8876433650004806,0.9390499187634417,,0.0
TSGA13,6225.056857902274,2.10721956340482,0.262082192721758,7.989924250318868,1.3502169119413063e-15,1.0760819631532229e-14,2.523198918837213e-15,1.0
EHMT1,418297.0682652602,2.1912139217461224,0.10553781401349623,0.8235332181150329,0.4102048350835107,0.5920836397782504,,0.0
STAU2,307067.82849165995,0.5890533726757436,0.180108545344034,-6.908378858374835,4.9022334811412585e-12,3.0544215343220535e-11,9.160980069283048e-12,1.0
KCNA1,8399.385335906178,1.1383835593560314,0.5333734662899291,0.1765772274791347,0.8598404828244905,0.9251987279659732,,0.0
NIFKP6,474.75317044479544,-2.5977472946032014,0.28513005633338373,-9.38728564982439,6.15663715803177e-21,6.991980881519263e-20,1.1505129348797591e-20,1.0
TAFA2,19765.21008254119,1.9270021287897339,0.29121487200908364,3.2833839490811196,0.0010256886550594406,0.002861734343568969,0.0019167412899521407,1.0
KIF9,43995.25680216786,1.0576282583806464,0.22214392393691326,-0.27887479511255775,0.7803409120600517,0.8778396077361725,,0.0
WNT5A-AS1,1325.4125286965004,-0.8137200807742251,0.46988333438594654,-2.2096734855314186,0.027127831187640172,0.061955106236123374,,0.0
C1QTNF2,17575.31473479547,-0.08016257823579613,0.34712982759674893,-3.019270932335785,0.0025338382447338587,0.006752847844765382,0.004735074685465628,1.0
NKX3-1,43734.8830831213,0.956996704837427,0.39680994390995605,-1.3933013153438984,0.16352869306402307,0.29768775200033637,,0.0
MTCO3P43,556.5486940497681,0.16481798765374853,0.4740335141897128,0.45858820897384023,0.6465299054685072,0.7904775357144541,,0.0
ACSS3,286170.4980283116,2.4723291246338315,0.18966455094106247,5.223931816270596,1.7516330116222107e-07,7.513227604357243e-07,3.273339625682942e-07,1.0
MDH1B,9358.763188307832,0.2673998540970622,0.27024502912420484,0.2900987388511507,0.7717407005853355,0.8705224815659696,,0.0
TTC39A,425256.6497444219,1.7441486479127488,0.30059605540764206,0.07069503127941174,0.9436404754093819,0.9685478720028977,,0.0
SYNGR4,101.72401465022799,0.7103769952608123,0.059102286160537004,-5.742525255162924,9.327496203403096e-09,4.46879180521623e-08,1.7430627721916707e-08,1.0
GGA1,363226.1721034724,1.9843825864906077,0.11358245298013621,-0.9729688537897475,0.33056878214534136,0.5103034304542078,,0.0
HOXC5,32451.48603847744,2.1021877130928583,0.262934556597906,4.90950183927442,9.130804353801135e-07,3.626918072809561e-06,1.7063062586366593e-06,1.0
MFHAS1,120006.9542544519,1.3790639865108207,0.1923593005139781,-0.928444889506415,0.3531768423998296,0.533986287888638,,0.0
EPB41L1,424129.31652839074,6.06596594527182,0.2387950223280808,13.827084093856017,1.7497052372642733e-43,6.524833634783265e-42,3.269737124386527e-43,1.0
WBP2NL,9781.973489252443,-0.029594670726091645,0.19242594461077722,0.2924701472023273,0.7699271816169992,0.8694522319864735,,0.0
KIT,658465.1620206492,2.231374522635272,0.16949654766528882,1.5400428034321425,0.12354992021372303,0.2369067349608496,,0.0
ACAP2-IT1,2875.535478997633,-0.5245732839828969,0.30877811925402,-1.7690744345432552,0.07688145366244753,0.15789752020724787,,0.0
RBL2,616321.6072870654,1.9823610354036314,0.09794675846673712,-2.381524487925396,0.01724114440963314,0.04052398805970686,0.03221914682682752,1.0
SPATA6,85742.23935575769,1.596602067248838,0.1927190957275132,1.4639315847630903,0.1432126424154788,0.26752656977575606,,0.0
THORLNC,1039.7388069520337,-0.045829557939013006,0.40326807709514084,-0.16768639954832043,0.8668299962691806,0.9279981582822017,,0.0
MINDY3,77562.00750819211,1.4789339447704954,0.16954158186843543,-2.12809846401598,0.03332892065109227,0.07475072553568585,0.06228295306413915,0.0
C14orf93,122482.68502299087,2.7370029590976874,0.120937292802653,11.247003743797157,2.3959336830683033e-29,4.3695184723694565e-28,4.4773674698176186e-29,1.0
HACL1,75891.44135114783,-0.2059669737210226,0.15734667217178358,-14.555372708877973,5.3990871918803963e-48,2.442518931981806e-46,1.0089468473383074e-47,1.0
ENTR1P2,3118.608985032487,-1.169489208612224,0.21680939784574632,-5.72797612080466,1.0163586844513161e-08,4.8185430229632137e-08,1.899306038221102e-08,1.0
SNORD33,2146.787376426755,-0.097329548724239,0.43524907884531727,-0.3066515327605863,0.7591086246239676,0.8629957329090057,,0.0
PDE1B,103612.58210504902,0.6144340257806542,0.4060514284269443,-4.27017440706101,1.953201691697535e-05,6.68045780521053e-05,3.650018269787802e-05,1.0
SARS2,84014.4933615617,1.765077162652827,0.1735190894989804,-0.4352912956135235,0.6633510022145634,0.8012484791071244,1.0,0.0
GABRA4,86.14917380479486,-1.994494891497234,0.05388395017806691,-6.3724624693497995,1.8601694985732546e-10,1.0158761731552518e-09,3.476165663564156e-10,1.0
GPR45,273.8286931137758,-0.1941351360235026,0.4608697032230135,-0.5478990803654239,0.5837612003326254,0.7452873577062159,,0.0
LACTB2-AS1,13024.721312417949,-1.6260775879236153,0.21507325004960398,-7.483411023813596,7.241793851979658e-14,5.096794912442585e-13,1.3533000702446655e-13,1.0
HMGB3P4,1020.2704601977428,1.0185206093556012,0.5751778082653288,2.340103569963346,0.019278392895133892,0.04489008820921904,0.03602622636386838,1.0
ITGA11,274307.89515157836,1.624330155579264,0.30245206870875535,-0.13747541502693839,0.890655024189622,0.9405332113008329,,0.0
ERCC8-AS1,1144.6682314627976,-1.7479916647457212,0.15011634489098452,-11.833425495991957,2.622179477475501e-32,5.696969934323947e-31,4.90016112525994e-32,1.0
GREM2,23068.837605733133,3.168887432765391,0.46179810968506024,7.061212478512617,1.6505597810439547e-12,1.0533649075193669e-11,3.084460443484159e-12,1.0
ZKSCAN5,130110.08475967073,1.2255252890661885,0.14169315795447934,-0.2428122712200338,0.808150828955184,0.8960933809511411,1.0,0.0
NOP53-AS1,13043.653118717393,2.3148622393478226,0.23609271000817056,8.429085306975958,3.483775572715553e-17,3.1197897019461675e-16,6.510256745272855e-17,1.0
SPRY2,359257.07061337226,1.6844033489119348,0.23891340508565903,-0.011396649443605224,0.9909069862034134,0.994089983950704,,0.0
SNORD93,79.94538075481981,-0.6947765261842117,0.12918946621051372,-4.694669269841237,2.6703841119159276e-06,1.0155182197293675e-05,4.990242859851867e-06,1.0
KCNQ1-AS1,334.52501248220744,-0.01003194849784931,0.5576808170675562,-0.034779315964184515,0.9722557141214367,0.9842710298753685,,0.0
H2BC7,10637.439997814776,0.3927231374949516,0.5780713141347651,-1.825903054116646,0.06786486608477989,0.14177288287025297,,0.0
DNAJC24,35550.07349858169,-1.7834568165544118,0.1344722412019019,-12.244381736529993,1.8004385545857863e-34,4.543834069325846e-33,3.3645442996504017e-34,1.0
BCAR4,55.70004179946854,1.0373718763944373,0.019663339392599077,-5.448308221447984,5.085118135429007e-08,2.283048995753706e-07,9.502743202220923e-08,1.0
SMIM15-AS1,12454.89042259114,0.10533464089075886,0.20393321004422818,0.15041872062687087,0.8804342723779294,0.934595955616998,,0.0
IRAK1BP1,204828.6966448181,3.4672829023978813,0.1423803726102251,12.862973884128424,7.272393576431036e-38,2.1251550117792914e-36,1.3590183508386644e-37,1.0
USP1,387602.97343074623,1.8051673843916705,0.20474727879345173,0.6531721067474056,0.5136453303799153,0.6865751511329278,,0.0
PDIA3,2105787.6264632465,1.550361886385922,0.10430448504378147,-2.0530474404658876,0.04006797670339243,0.08820250202063964,,0.0
DSTNP3,11335.558547069475,-1.6732183158072746,0.18861812516623505,-8.395423607997667,4.642175390552288e-17,4.1275712502828796e-16,8.675000159532454e-17,1.0
LINC01213,1665.7908380363485,-0.0013182744169503182,0.6941145320200319,-0.19270013862916147,0.8471938148779798,0.9169217008761675,,0.0
DSCAM,947.2631676556059,-1.1712180882643537,0.7457546724621686,-2.349457061819325,0.018800812414247782,0.043839318541295455,,0.0
MAP4,1875138.5375613007,2.348710029401942,0.063176547646044,-0.4999208528902187,0.6171308084607806,0.7693761517378123,,0.0
STAM2,211643.26236615237,1.7358024391577263,0.12432382460770662,-0.8988683407857897,0.3687227930051359,0.5509891736383565,,0.0
DHDDS-AS1,1014.6729095714348,-0.44695721307376923,0.2579155197862987,-1.854669636286005,0.06364341727386105,0.13368060366434792,,0.0
COMMD8,61653.80822878226,0.9745077301906019,0.1300290156792627,-0.0942052584211867,0.9249461077373126,0.9589119710297409,,0.0
NKX6-1,6632.050273166979,0.02572744016936593,0.5189092434454327,-0.10364816788311444,0.9174485610440786,0.9554334266465556,,0.0
SHC4,36846.25394443386,1.690244452613953,0.5409900828358787,0.9715716189918735,0.33126370744319045,0.5110604341134988,,0.0
MYOT,5289.129318141035,-0.442243527519968,0.4105817761551485,-1.1649668096780472,0.2440324279802335,0.4053956258700887,,0.0
ID4,224236.88143744267,1.8379888414760621,0.27161866811103086,0.45375835612898124,0.650002759856723,0.7918244249156617,,0.0
EXOG,39170.91933096375,0.622833675128522,0.1729439560905515,-0.7191791293138806,0.47203055703804175,0.6506171748815137,,0.0
COL6A5,907.3208200534664,-0.826440004523358,0.931510311116123,-1.9211305222061212,0.05471525451644047,0.11679287775252159,,0.0
WNT9B,1607.453882903028,-0.3483034957558679,0.5638481674147094,-0.9112524569227868,0.3621623703923368,0.5434610705256777,,0.0
SUSD4,156636.80441354107,1.1805048112582786,0.30696691232573897,-1.8000482988705078,0.07185301215041243,0.14904504014761763,,0.0
ADAMTSL1,55671.812656870155,0.49687428549754165,0.41885950439801634,-3.6980344090772963,0.00021727544139656669,0.0006608188561525525,0.00040603043405334474,1.0
SLC10A6,11550.62103542539,-0.23615038930323917,0.37118446029060004,-0.5531725205845444,0.5801452816697216,0.7418080789415555,,0.0
PGLYRP3,108.96549561740525,-3.3413996799177057,0.02396040310803348,-25.226318292994506,2.060814383936058e-140,7.355635340377488e-138,3.851117979255229e-140,1.0
TMEM200C,14795.66443522775,0.2574328032728673,0.4050800920612792,-1.5024607917618196,0.13297814650820416,0.25227479047133494,,0.0
SC5D,199588.44482953582,1.7267209952977738,0.2199151871129063,1.2566565386294928,0.20887803215765977,0.359175336094916,,0.0
FAM13A-AS1,97431.52180548938,1.3624755146970533,0.28725168328321776,-0.9019424303658896,0.36708745023200473,0.5490467545307188,,0.0
PRPF4,218776.18233912624,1.633569388749814,0.15755145689027805,-0.3305248018250147,0.7410034555032354,0.8533750327609282,,0.0
ABCA13,16315.193125119327,0.36842846092764436,0.626244166494805,-2.253514896099369,0.02422670257522108,0.05573703166131663,,0.0
CCT7P2,160.74079205365152,0.38794678433013335,0.8251864631893869,0.9485257760925486,0.3428618570081521,0.5231391448762552,,0.0
SNX27,358375.4709143198,2.763591281147062,0.1421130461594861,5.709548166652175,1.1327649632402529e-08,5.340025020105229e-08,2.1168386392339353e-08,1.0
KCNK15,77143.31644704952,1.9750333236788769,0.4211141695034735,1.6349034218119618,0.10206929505544474,0.20148762450750135,,0.0
PRPF38AP2,3740.931482533872,0.05662624926139834,0.15494596637745786,0.48364726667519703,0.6286362237198091,0.7769776268179776,1.0,0.0
HNRNPCP7,7026.32649884421,-0.15174010311055822,0.208652672593267,-1.2881912986482351,0.19767938018432218,0.34382313358199024,0.3694105694768354,0.0
CUZD1,15036.67124517619,-0.08756221126806317,0.21390019436324054,-0.03971382131869591,0.9683212825515417,0.9823344714940009,,0.0
FCAR,5106.209494487765,-0.37789629547021897,0.49078036830614385,-1.224388821900905,0.22080558408943363,0.3744029534085171,,0.0
YWHAZP4,27119.27726825408,-0.11540070481480912,0.2879833888959978,-4.84670618700752,1.255281189167033e-06,4.9229236000320364e-06,2.3457891182751173e-06,1.0
PPP1R10,617574.2130204585,1.3542172763875882,0.11094532132576694,-2.0047490499752296,0.04498988188963934,0.09812939319184975,0.08407421084612109,0.0
SNORD86,3432.923530477006,0.03093869928405146,0.2534039243816769,-0.023900636509442238,0.9809318665678122,0.9880379204988687,1.0,0.0
FZD4-DT,8169.6800831064365,0.7497362496667335,0.2622376500586479,2.634881479006595,0.008416666648368834,0.020934834864061256,0.015728527764360158,1.0
ZIC5,1428.4363182098828,-0.4984625956372505,0.7342248991793364,-1.2481483595483582,0.21197673120273441,0.3625350531589027,,0.0
NUS1,181522.07426044616,0.7095559643721564,0.19924227277291984,-6.7470790698695104,1.5085107829712725e-11,9.016780361851015e-11,2.8190083704216338e-11,1.0
AIF1L,697854.6972502733,2.0304868705692867,0.15720497407894293,1.4938679042120189,0.1352101488669728,0.2555389992013098,,0.0
RN7SL574P,480.2566582345353,-0.5140924967520393,0.31653486608703224,-1.7629447975337897,0.07790980051481737,0.1598174356209123,,0.0
VDAC1P7,362.97947216488336,-0.3067324489442659,0.6195019926303482,-0.7703265757884203,0.44110619571170184,0.6210785178842981,,0.0
SLC25A48,13322.151345702936,1.2161071541017738,0.5822258350708731,0.17857499081351566,0.8582714332476471,0.9241073802927154,,0.0
XPOT,951746.2605508793,1.6884908412645316,0.09264070976316767,-0.01224705055579657,0.9902285117180923,0.9938083697640705,1.0,0.0
GJB3,7327.990783458532,0.1555668458603012,0.06455295407702302,-4.764847283142275,1.8899673915403504e-06,7.292793093071143e-06,3.531850058162727e-06,1.0
TOR1AIP2,366395.1361627247,0.45533645903103176,0.13626405855584223,-9.55780265859923,1.2028331722079724e-21,1.4142487909466442e-20,2.2477776221104105e-21,1.0
LINC00665,259856.01210132055,1.6627229237321575,0.25248541588498535,0.0872425238142598,0.930478739076648,0.9598535407391015,1.0,0.0
CNN1,269915.8813538025,0.7544766560686923,0.37568109006136646,-4.070241424642235,4.696444255768835e-05,0.00015409147699328214,8.776414340342883e-05,1.0
CCNQP3,2011.5369748218777,-0.297988982197494,0.17832963496639617,-1.5478062768321523,0.12166894482406741,0.23392832523503843,,0.0
PGLYRP4,165.861626516728,-1.0757708333721794,0.0536574899661373,-0.5839098008823919,0.5592809988640157,0.7225251166813564,,0.0
DNAJB6P1,185770.82202074133,1.1755265424633086,0.15534892290505892,-3.6695027389170423,0.00024302273424852794,0.0007324394469480664,0.000454145326492107,1.0
PECR,94362.83597754271,1.3982285688300735,0.21264523051522705,-0.4038390729101748,0.6863310618646965,0.8173489790605072,,0.0
CNPY3,244047.07767010518,1.9293715490056678,0.21091619520215252,0.8617394508343896,0.3888309110333845,0.573334163831633,0.7266223120545334,0.0
KLRC1,2485.171711586075,0.15397169954938644,0.44342936217420686,0.5396409715774374,0.589444655355547,0.7497430600861361,,0.0
IL27RA,357933.7440305852,3.250013978006903,0.14191817799789813,7.9904226106461325,1.3447696229445261e-15,1.0734526846411815e-14,2.5130193739169023e-15,1.0
CA12,1316181.357669811,1.6677709055977639,0.17752028168628647,-0.5355717537169057,0.5922545547088415,0.7511411192589037,,0.0
CASC18,543.7142158145429,-0.27092494763665875,0.4176480472620273,-0.8126284519347284,0.41643111381639075,0.5969323797304947,,0.0
ABHD14B,452575.3471114662,1.9048083281091646,0.12079547383389759,0.32468281199955795,0.7454211445229172,0.856427396034204,,0.0
TFEC,84150.59106991111,2.2960496606624377,0.22818529103768723,4.582983757707457,4.583876580343571e-06,1.686718061264862e-05,8.566055075533592e-06,1.0
UQCC1,226245.50069125387,0.2379494828912597,0.14800515415573529,-10.623891928294663,2.3073599380139682e-26,3.671935544667452e-25,4.3118465258997e-26,1.0
LDHAP7,10402.97836856225,-2.022065219680882,0.19357387852042995,-10.025331139969566,1.1796350936825643e-23,1.594999295835255e-22,2.2044265381943806e-23,1.0
COL4A2,8826190.40433014,2.614989494617991,0.0439029805295043,4.732599289141762,2.2166281466957278e-06,8.481233421928447e-06,4.142292763290409e-06,1.0
ISG20L2,297250.4472915942,0.6911797250280658,0.16130482738299032,-6.408330454309378,1.4712176202736445e-10,8.09655776267335e-10,2.749317295627301e-10,1.0
TIPARP,302699.1616512289,1.3961376344465746,0.1552160057565155,-1.124206560777728,0.2609254068243674,0.4262321863031592,0.48760069480230506,0.0
MTCO1P2,250.88729966748093,-0.8533090544428267,0.5812801035672439,-1.9851596581119764,0.047126711077773456,0.10225452681529915,,0.0
TEF,188519.7314598795,1.6110345979247505,0.16851515044896057,-0.16821775128620375,0.8664119764295571,0.9279981582822017,,0.0
ZNF44,363935.19194598385,3.3436504314741002,0.12421520483404205,10.418848825362586,2.0340013471083552e-25,3.0430852489522308e-24,3.8010114927077226e-25,1.0
MUSK,660.8674938200754,-0.7333209612351858,0.5098347200586577,-1.9587729968982905,0.050139377289208045,0.1081339958196688,,0.0
HID1,613761.1322725108,0.8357291518360757,0.17722825905842493,-5.361859830511175,8.236944690782936e-08,3.6168728136944056e-07,1.5392674876530415e-07,1.0
MIR4647,23863.84870296017,0.6987499686535957,0.2475016831148959,-1.7058695632179153,0.08803236779096581,0.17752128404013565,0.16450925274923567,0.0
UBASH3A,9859.642772301679,0.4029034242049167,0.41931471445749313,0.09089276602874467,0.9275777982730317,0.9591499426041799,,0.0
RPUSD1,145867.6209016127,0.7546953994137052,0.26114701737808355,-4.169655790410889,3.050600259893883e-05,0.00010230771475630695,5.700766454259437e-05,1.0
PARD6B,166660.47534089984,1.6333394539564037,0.28123393852899925,-0.17956645662595527,0.8574929403155318,0.9235813477634515,,0.0
ZNF860,13433.164097839104,-0.13908481933817565,0.39495006235700875,-0.5254779174533378,0.5992510004092025,0.7554130295269387,,0.0
BRCA2,43302.17129282461,1.359577378196337,0.35053141567602836,0.21041555227802694,0.8333433553931922,0.90995682764516,,0.0
SIN3B,1621829.1457145505,3.2805146733333848,0.08485141696474653,10.391300038815876,2.716251955686968e-25,4.03961637576422e-24,5.075957749651376e-25,1.0
ETV7-AS1,760.395109807167,0.9734138667995667,0.6238275288620323,2.204361002410685,0.027498965964902478,0.06271671972917284,,0.0
NRAP,5602.552296493479,-0.8758651605245361,0.5400648909293878,-2.249789376853846,0.02446231868923124,0.05622732589240502,0.045713614992553664,1.0
BRWD1P2,254.09104800206654,-2.331684258886329,0.6289796474427837,-4.234406654419599,2.291559450699074e-05,7.779159358113637e-05,4.282319586814986e-05,1.0
PGDP1,9120.328629660773,0.15082247867615517,0.28198628533049985,0.8396456485425411,0.40110709656473653,0.5841039045720524,,0.0
ZBTB47,225214.16745322835,1.4038408629859094,0.2185008550258645,-0.8692475305972777,0.38471175494632814,0.5689270906974849,,0.0
SNX14,233208.3750204696,0.2212593086873799,0.16702722352288926,-13.746111918480288,5.3741004547979114e-43,1.9181699980446544e-41,1.0042774858872537e-42,1.0
NPW,5128.566370645437,1.513065292952973,0.6041629558507222,3.0836508164431056,0.0020447743907191823,0.005514159541513089,0.0038211434668750013,1.0
VIRMA,601171.9845089342,0.9759386698914017,0.1442210764928571,-4.542930326852591,5.547759176622731e-06,2.0235147887287433e-05,1.0367297159904182e-05,1.0
ACTR3C,33082.709507652486,1.7923891904015317,0.2862709416394089,3.162457421930252,0.001564436114733177,0.004276524762210987,0.002923518049858521,1.0
PCDHGB7,401631.8284367335,0.8500469891778222,0.20820840393558535,-5.7599354526237985,8.414610787037558e-09,4.046949961773501e-08,1.57246859023286e-08,1.0
SNTA1,150766.5296401869,4.341497406960166,0.3130887934758578,8.437918352174826,3.2303914887042366e-17,2.898072938789061e-16,6.036748791718426e-17,1.0
MIR6516,986.7663166794533,-0.6864623096829696,0.3739226413967752,-2.248564185388228,0.024540237174071552,0.05638048972820025,,0.0
HYI,139437.03378001665,0.425111128970536,0.22702088453931482,-9.137478573605527,6.392534186603474e-20,6.739133614020582e-19,1.1945958612736558e-19,1.0
TPI1P3,216.92591249891558,-1.864246843179954,0.39074069810137957,-5.120742260161173,3.0433536555766315e-07,1.2747391631950066e-06,5.687224464067475e-07,1.0
RAD23BP1,12660.258580865217,1.1840073533120727,0.23171251466048043,3.906569742943009,9.361563157838476e-05,0.0002968257049474547,0.00017494289865265094,1.0
VTN,16619.342068173202,1.1188586408448977,0.4518333263712233,-0.5589478089156474,0.5761973397247744,0.7377038448897508,,0.0
FOLR3,5219.6963423345305,3.199701561716206,0.7597908271781811,3.647096285779396,0.00026522055875101164,0.000794548640335015,0.0004956271997302936,1.0
IGF2,802120.9765314512,1.672299894640398,0.15026962436218233,-0.5747438560191444,0.5654645424643617,0.7282542058490762,,0.0
TNR,4069.8866652237207,-1.5082533540951202,0.6570378325511387,-3.344747669414807,0.0008235746099554907,0.002314624480285482,0.0015390435025982,1.0
SPATS1,421.96579678919227,0.217996631271965,0.659891830912406,0.509223921084399,0.6105952776371366,0.7648842587308244,,0.0
FSIP1,58783.52791093368,1.9403529378332458,0.46013924463936434,1.2947263033137921,0.19541466279219144,0.3408331832365028,,0.0
ZNF404,15175.524142089538,-1.2003591137852423,0.16057798771009457,-6.910825392512561,4.8184183930501245e-12,3.005947154815415e-11,9.004351798830019e-12,1.0
MEGF8,254278.1782516959,0.7511806114199929,0.15280810033757003,-7.6265617256238265,2.4109751409308406e-14,1.7511108690743328e-13,4.505475983257819e-14,1.0
FYN,1169627.578907996,2.889160701356709,0.09220280632431363,5.3202411093335495,1.0362982015217663e-07,4.518658039270738e-07,1.936567731116031e-07,1.0
STKLD1,8032.279463047647,-0.3603208914602366,0.21036983016536517,-1.3663646557701443,0.1718245365818416,0.30918516719462097,,0.0
EIF2AK1,1974326.5630605891,1.4581824215042418,0.07115332884154038,-1.6473710890588351,0.09948179406352023,0.19699121940478703,0.18590520753007128,0.0
ANKRD45,1972.6326785710705,-0.4511090371200281,0.38784030709582784,-1.4459158083494035,0.14820081740989277,0.27473601381766305,,0.0
RAB40C,182371.33700925234,0.5592421727178751,0.18057092291707208,-6.697135102937017,2.1254510640897936e-11,1.2495151726184351e-10,3.971906868831974e-11,1.0
HES2,28571.31643098339,1.0826359759011928,0.6242728164426321,-0.18506836700543935,0.8531754124620504,0.9206040889814007,,0.0
NKPD1,3848.9138423326103,-1.390303519583511,0.3759827073869313,-4.314365146595714,1.600622019093706e-05,5.542833145815141e-05,2.9911399511635185e-05,1.0
CENPN,58334.85018658043,1.6303603201632402,0.31597712751699,0.9252670428908206,0.35482701749326706,0.5353474053181931,,0.0
ZG16B,241682.16337811574,1.505807036728325,0.27145360195709634,-0.6881451176502451,0.4913614009219647,0.6682408365260263,,0.0
PNPLA7,243181.07136480667,1.2444179030257179,0.2538215161615348,-1.9335270887232536,0.053171299360157166,0.11398411964938024,,0.0
MTHFD2,462970.4646384063,0.6840666641474561,0.2088112363948164,-7.263669677221251,3.767273431131894e-13,2.5053669379112006e-12,7.040039392433087e-13,1.0
BANK1,18202.105068525147,0.5986784145793395,0.3778324093685096,-0.9436894223176607,0.34532838091686757,0.5259197080002558,,0.0
QSER1,205609.87975428044,0.712597409763436,0.19421671078563219,-7.844078852874974,4.361429986411535e-15,3.378924905751696e-14,8.150361122699491e-15,1.0
ACYP2,100917.31235819885,1.924973920458549,0.16949284062271855,4.2866347102705085,1.8140021728232656e-05,6.225665424174354e-05,3.389891121016402e-05,1.0
HNRNPA1P51,232.42703835508163,0.0586098267192856,0.45999471724368035,0.16258034753281567,0.8708488614965287,0.9293214220223966,,0.0
PNPLA1,1289.3840678653294,1.2844409746885632,0.4079821884074163,3.5712008997192055,0.0003553481901294939,0.0010482142302698236,0.000664051946924862,1.0
TRMU,198764.87069110954,1.6571186642846671,0.16416512973647004,0.07968513625826362,0.93648768140532,0.9636797660589752,,0.0
OSBPL8,348074.3036888383,0.7965915935590708,0.22233341627747236,-5.741186354143643,9.401555936683028e-09,4.491355164015783e-08,1.756902580987475e-08,1.0
SLC12A2,515157.8333223194,1.6571885072066734,0.19950679341955196,-0.35411802097829703,0.723250437240219,0.8423151156397484,,0.0
LINC01600,489.74760863999836,-0.1431220206178402,0.5010283706502332,-0.39125381549738303,0.6956096332139551,0.8244690078676787,,0.0
ATP6V1G1,551702.732991863,1.861658902963343,0.14843296878943882,0.962791339523828,0.3356522477615045,0.5160782406351502,,0.0
LINC01630,287.3064577847266,-0.4795198684417151,0.8525130418034559,-1.2283801936376897,0.21930427948413844,0.3724892877573895,,0.0
GGCX,1301081.4477482045,2.7971843757179267,0.067817965651162,9.20700728838689,3.3534393321171117e-20,3.62973194162327e-19,6.266692723481379e-20,1.0
HEPACAM,51529.54210224161,0.15528530149764252,0.5994113198742473,-3.339990699606782,0.0008378119558441633,0.0023533144144762697,0.0015656493430640556,1.0
STRADB,96387.54351735635,1.3814246975877158,0.1954956631406326,-0.23805222167268195,0.8118405911221399,0.8975149189905605,,0.0
LINC02576,412.4553249814482,-2.467223469265843,0.6076481966675804,-4.562502739585021,5.05474338590306e-06,1.8491422638536676e-05,9.445980815017798e-06,1.0
LINC02881,11491.984121168285,1.9756544729923666,0.4942663078435453,2.424758005616621,0.015318594064303293,0.036295407557763656,0.028626407830711877,1.0
CAVIN2-AS1,29600.087880074407,1.0281550860773914,0.48513087434881647,-0.4407627288677741,0.659384778603193,0.7993560744008141,,0.0
CCSAP,88111.51744125108,0.45590861668489224,0.25166679823226296,-5.058020485417427,4.2363093573360787e-07,1.7408583765302948e-06,7.9165437017982e-07,1.0
ZNF385D,53475.326235022556,0.6326120985555508,0.4204252456288082,-2.880875010627811,0.003965728700942649,0.010283729277950399,0.0074108998947682945,1.0
EDN1,103870.70197884571,2.1775725890563127,0.35695386382083344,2.2118919279913563,0.026974133133507612,0.06163225572388548,,0.0
ATXN1,204067.6738446548,2.3184913611062465,0.15206591453957766,0.6296408455804439,0.5289295933216908,0.6976735282516384,0.9884297598461065,0.0
SMARCE1P1,842.8336465755607,-0.005593954611493147,0.27672669732442207,0.010785361249567001,0.9913946936105806,0.9941800690291133,,0.0
PCDHGA11,1294494.9384662055,2.7977078226570855,0.0955555157654516,7.549358171401365,4.3740842864616674e-14,3.1269383661586484e-13,8.174008668455106e-14,1.0
ANKRD18A,22127.655857165828,3.0390995370421865,0.4779362006057334,4.196678948165142,2.7085746455112534e-05,9.145099664607928e-05,5.0616108839266014e-05,1.0
RAB4B-EGLN2,274961.01460083545,2.703659478689197,0.1926441474159148,0.10115768893443493,0.9194252837070672,0.9555674173636055,1.0,0.0
MIR6717,3982.917346662063,-1.0914554557831406,0.41026998551650673,-3.555223098542638,0.00037765849771216506,0.0011094412187346789,0.0007057440213416936,1.0
RPS20P12,749.5683032200579,-0.22847372856995787,0.3840744656426494,-0.6780540494194621,0.49773742401144183,0.674036289372676,,0.0
PRSS3,5062.660366722338,-0.2302570549932211,0.5446446301869158,-0.3904463062122445,0.6962065521346603,0.8245897466264275,,0.0
MIR196B,493.65495188313224,0.5225068072615365,0.5794434231902353,1.2715543833433822,0.2035314932350446,0.3516759584009398,0.3803466236707247,0.0
OTUD7B,305208.8980328891,0.8089318675205043,0.15673615438891111,-5.673958811611601,1.395346947115804e-08,6.516400649287544e-08,2.6075350391689127e-08,1.0
HBG1,868.3422598947321,-0.020474646254259984,0.7013070935405344,-0.06695143054322729,0.9466203692012747,0.9703101507484656,,0.0
ATIC,438458.3951763259,1.430110618707043,0.1702163568126195,-2.0422724923740203,0.04112450912180142,0.09040878666152295,,0.0
CXCL14,1661080.429478986,2.1725746672723383,0.15212993629487856,1.1907476959745233,0.2337526476019165,0.3907868785770414,,0.0
NR2F1,181632.24095209988,1.9278764423429224,0.29817321879680325,1.4968729387545638,0.13442632282878325,0.25444255120281434,,0.0
LINC02712,24.281569151370615,0.7223322356189613,0.040991653284146966,-5.391996061473465,6.967929562584102e-08,3.0813047809055537e-07,1.3021220652293478e-07,1.0
ACADL,32593.22345365784,1.084156191264845,0.11674853665936087,-12.079548080708118,1.3546218900835278e-33,3.2543488388208595e-32,2.5314306599653656e-33,1.0
LCP1,814228.2724138008,1.9175635399798103,0.18719005541205289,0.5692388066946695,0.5691940883742121,0.7317372934411984,,0.0
TRARG1,612915.5763005132,1.6682772881120778,0.2944220965989824,-0.2918844826032787,0.7703749482157651,0.8697613231437366,,0.0
PHF5A,120130.03555421326,1.3794496487272605,0.14790673772987742,-2.8907852890068644,0.00384280565389447,0.010001302006515972,0.00718118917446173,1.0
ADGRG1,927345.7901311079,1.703739085360118,0.12642277745955827,-0.6035493980224663,0.5461432640022341,0.7118095696972259,,0.0
PLA2G4A,59770.369482812996,1.2000162159118526,0.326620145200114,-1.1931804603097311,0.2327987054372168,0.38958309814794795,,0.0
ZFP62,549606.5452239821,3.0884448184241773,0.13379294269259817,9.784004754752806,1.3188637965566947e-22,1.676936995265599e-21,2.4646082241562464e-22,1.0
FBXO45,177724.16015790417,2.4745096833367874,0.24343317050586458,3.8250671046879563,0.0001307364711257026,0.00040577027715225835,0.00024431194697649064,1.0
AIDA,224165.3614520797,0.8189839399290005,0.10772397483241318,-8.922174848788293,4.572196413374698e-19,4.606303523716404e-18,8.544227927312403e-19,1.0
TMX4,692794.7676396889,1.6229621111613735,0.11826904210978491,-0.1064342191797038,0.9152378442839565,0.9543913831149688,1.0,0.0
GSS,279319.76003291894,0.6065551582248966,0.16604189660400734,-7.002566595602755,2.513153580054103e-12,1.5916639340342652e-11,4.6964205084257116e-12,1.0
CPZ,122621.96674272511,1.5462965209798911,0.3482206112930931,0.38301658473354033,0.701707467221621,0.8277696444066196,,0.0
CUL9,444033.07383859716,1.4669244214466985,0.10629493014011492,-0.9410118737036868,0.3466987744124572,0.5267455266588988,0.6478884726024865,0.0
DEFB124,5055.533891562567,-0.9821636936228253,0.4130490399937831,-3.5209872933834876,0.00042994321864537574,0.0012521161364891942,0.0008034503603481461,1.0
INO80-AS1,4346.503700091615,-0.2915551632633932,0.1631822139848542,-1.7307110202565044,0.08350331872654199,0.16934500149209833,,0.0
TMEM54,192095.7227070022,1.5030374902184698,0.2670076553502316,-0.20212401119041928,0.8398197770364422,0.9125541523865093,,0.0
WWTR1-AS1,23455.788612519296,1.0111378781823108,0.3107662776889188,1.5837971933257964,0.1132398782124724,0.22052208551353256,,0.0
CXCL9,2530146.1118086018,4.435034185246557,0.09231014327872801,4.779708207830647,1.7554978941150778e-06,6.81073212491696e-06,3.2805620706406295e-06,1.0
POLRMT,223926.20525277313,1.5773266934163768,0.1520725336589466,-0.8327958739345002,0.40495986215848734,0.5877387252994369,,0.0
ZNF738,25000.649855081625,-1.74910093812748,0.24221468313734873,-7.690324344437405,1.4676249454674113e-14,1.0864773114815784e-13,2.7426035349665872e-14,1.0
TMED7,501716.06597409537,2.0005535770032306,0.1129838859873961,1.363298297123341,0.172788518496665,0.31047257350875046,,0.0
REXO2,268673.34455234045,1.591339245623321,0.14298374088398078,-1.2039436164621806,0.22861137204667603,0.38489589828747983,,0.0
ATP8B1,361171.5053720508,1.815313976311066,0.21772080191630283,0.6598622979233079,0.5093422005822994,0.6830872185479737,,0.0
LUARIS,1309.7967078186064,-0.1986924348441069,0.46942077310659014,-0.42506414175677093,0.6707899170799875,0.8067237582788682,,0.0
SLC26A11,142657.25533055805,0.5742743998905736,0.16601298587791385,-6.065698401477552,1.3138147221378464e-09,6.7059572691755035e-09,2.4551728371439113e-09,1.0
NFKB2,290332.057194769,1.6817393061617631,0.14205325866318858,-0.6677586885672392,0.5042876406982534,0.6790781574450211,,0.0
OXSM,56415.98093331731,1.2095590845153203,0.17691809098356467,-1.804461193351706,0.07115903746421204,0.14791252504520283,,0.0
RNU6-343P,2133.7263821210086,1.4416490869140919,0.595969362408452,3.0039034400815567,0.002665399034599086,0.007080807536359188,0.004980927066526415,1.0
KRT18P2,471.15528401230074,1.8197009429111546,1.2220027505322086,2.5509159083327093,0.010744024563514814,0.02621479040228688,0.020077745229574992,1.0
RPL19P5,20447.23870462816,0.6025744693820392,0.41044138975221295,-1.1602185566242873,0.2459598336314225,0.4077841037346444,,0.0
IER3,589421.2071214045,1.32132779143701,0.19506692160915406,-1.6795826330816777,0.09303854900309928,0.18559426322095296,,0.0
FGFBP1,19601.345854236395,1.5346673282793086,0.8132480917551141,0.9511046279480534,0.34155126566298466,0.5220959542728463,,0.0
TSC22D2,362722.516223695,1.5629552400773434,0.10479502858540399,0.17468357308347424,0.8613282760846013,0.9260020214274425,1.0,0.0
LINC01979,1566.3433345132178,-0.9627548412914936,0.5033868604752731,-2.4672788734457667,0.013614428078377249,0.032597650746358946,,0.0
GRIK5,14980.153758723158,-0.4800217452111777,0.3626756350753931,-3.6339423276227474,0.0002791232796155258,0.000833201331086489,0.0005216077143750122,1.0
MYH14,393283.2708895566,0.7840913567817428,0.2842409698103389,-4.990691734922252,6.016344730670169e-07,2.438254227020181e-06,1.1242959842617366e-06,1.0
NXPE3,116869.10946067749,0.780617379593515,0.2700028879908607,-4.577813297350618,4.6986176307680785e-06,1.7225966471715397e-05,8.780475804393451e-06,1.0
ALOX15P1,1690.236818688651,-0.8007079080170716,0.3563533121721387,-2.6687984285545734,0.007612311954527596,0.019047933318364747,0.01422540121046163,1.0
RNA5SP352,5076.565190538588,-0.15759253121085737,0.27918015700176335,-0.3377167711609105,0.7355766350187785,0.8510491822962776,,0.0
RPL9P29,3108.5685820654567,-1.1236146874092867,0.2558548595362837,-4.519782505288722,6.190319333568048e-06,2.248039659145315e-05,1.1568072441974396e-05,1.0
SMAD2,507565.60960980493,2.0385112516687474,0.09851532632640891,-0.9097713976626831,0.36294308172878686,0.5443056960980636,,0.0
PRSS29P,246.16962997342108,-0.07374235269381842,0.7211439701394299,-0.20142086445919144,0.8403695020406343,0.9125541523865093,,0.0
NDRG2,3770668.9526546346,2.8658284088694175,0.07382877505989749,4.960287440976094,7.038894558352548e-07,2.829714892042452e-06,1.315383549292733e-06,1.0
TIRAP,51852.29703364249,0.21600182180907063,0.13361454817256774,-0.7879128964321965,0.4307476571092913,0.6111155427910535,,0.0
FCAMR,331.3717035686979,-0.22143540299348546,0.7480714362180267,-0.5875890359023245,0.5568081720834758,0.7209942381364057,,0.0
TBCD,640894.8711236122,0.6605191607038547,0.11150205880912653,-9.128136877155892,6.968823335578074e-20,7.331202149028134e-19,1.3022890878041747e-19,1.0
CDIP1,173495.84189845904,0.42751919723207454,0.15903208400767097,-7.829072584580772,4.914818498963541e-15,3.7725573025070374e-14,9.184498144846976e-15,1.0
TBC1D4,338201.786866997,1.7496577796866404,0.13727012428681493,-0.20464666437497836,0.8378481939957085,0.9121410512846526,,0.0
TLE2,317464.0587946562,1.7245175691440942,0.14307553922757124,-0.29015926333185,0.7716943993264058,0.8705224815659696,,0.0
RPS6KC1,179579.20518125538,0.4549013396660458,0.15563798919605212,-7.640854781574185,2.1578433191065477e-14,1.5787325132614084e-13,4.0324394411276814e-14,1.0
SPCS2,500315.14276507625,2.5831775250436464,0.16266899353872655,5.105594032611168,3.297569574529305e-07,1.3743081871495361e-06,6.162286897502968e-07,1.0
VILL,65224.45696432848,1.4517483953258223,0.23278891931057724,0.6281053892163159,0.529934902899352,0.6983671137444237,,0.0
KIAA1614,45532.19811868503,0.29197127922405974,0.26164756417925167,-5.9918746486143615,2.0743579507951563e-09,1.0417654954897886e-08,3.876427329889079e-09,1.0
NLE1,239949.52710937266,2.5825304010250765,0.14807706281198124,6.21990734232758,4.974485568386569e-10,2.6304237444685383e-09,9.296000144064205e-10,1.0
LINC00926,26751.241246759455,0.7392454679806539,0.3339042272563159,-1.3004272840991655,0.19345456369236025,0.33897826574945833,,0.0
LINC00862,4027.215805910583,1.0665964554681342,0.366180649749582,3.1127002250442115,0.0018538421544630394,0.005029125540636161,0.0034643415279924485,1.0
LY75,109632.42215602347,1.4729150920200076,0.3387979544989716,0.29908053756367864,0.7648785958009774,0.8664806088811666,,0.0
CSNK2A1,626192.7586865204,1.455484674739743,0.10213826930606312,-1.6080610453873907,0.10782180969140392,0.21128846393252762,0.2014904947748487,0.0
NRP2,378254.9211274608,1.5969962986505966,0.20477616952774022,-0.5091972316529446,0.6106139833429898,0.7648842587308244,,0.0
LINC01226,58608.84324335485,1.341735989971921,0.31816389723673244,-0.2647322627680535,0.7912157218403918,0.8841353361561387,,0.0
APOBEC3D,21462.168941710857,0.012602534845022419,0.21722512833967236,-0.02789618125402461,0.9777449541775358,0.9874275537641767,,0.0
PNMA2,27153.091340694635,0.8397930201919739,0.357792437865375,-0.9410070854652361,0.34670122817312754,0.5267455266588988,,0.0
HTR2A,6309.534199380197,0.18961497809718017,0.47914969223132636,0.22527052076082812,0.8217688313226665,0.9033725605553519,,0.0
EP300,637510.3597639666,2.420492200152075,0.09706933194523255,-1.749289081724103,0.08024106230314351,0.1637927239905262,,0.0
WFDC13,38.09466641823919,-0.426129799056764,0.037198126833104986,-0.667716779519937,0.504314397093951,0.6790781574450211,,0.0
USP45,135891.78364423674,2.4447632269001724,0.1182507838621128,8.16146714512876,3.309794236545476e-16,2.761108814694114e-15,6.185131563207832e-16,1.0
MTMR10,328820.5062827353,1.7474902755259105,0.13396774703217432,-0.210729611027458,0.8330982671539531,0.90995682764516,,0.0
RN7SKP150,854.755839312054,1.0778772945672268,0.44220772034770117,2.87393617746203,0.0040539087452349225,0.010485187370568793,0.007575685115908342,1.0
ZHX2,277379.4738786578,0.6710270939765999,0.165431374886201,-6.443247884661962,1.1694345809733856e-10,6.478563859339255e-10,2.1853644731204218e-10,1.0
SOCS2-AS1,34019.11058100586,0.5933684826839067,0.42735990789427153,-2.016322008829137,0.04376631495410506,0.09575318556289973,,0.0
PLAAT2,20846.666350650125,2.7594343869506393,0.4300467829332169,4.117604717749113,3.828305914807274e-05,0.00012677299308344565,7.154092990385919e-05,1.0
ZNF205,82373.82950841836,4.83075443392897,0.26858026563713566,11.091860319055586,1.3740022196954457e-28,2.4433769010028975e-27,2.5676473791391707e-28,1.0
CCND3,818433.6778441282,1.620569536096971,0.15207502828891212,-0.39858769027435004,0.6901970333137804,0.8203888143360991,1.0,0.0
LYPD6,40308.91097237414,1.734818625636887,0.37035575147668687,1.5401062997147998,0.12353444444954603,0.2369067349608496,,0.0
TNPO3,219882.43567423467,0.14555084147200112,0.17239362277766657,-14.34316609877125,1.1756713346490513e-46,5.0212219309754784e-45,2.197019319087999e-46,1.0
KDELR3,154418.43868788023,1.7748423301879483,0.3552759908904715,0.8799868015026119,0.37886645958979526,0.5629829118521165,,0.0
CDH16,229.65859679948784,-0.14505256698060826,0.6522420923781329,-0.3760103505730696,0.7069092010972851,0.8307679392951866,,0.0
POC1B,319539.01594917016,3.039099266304943,0.12522114312596871,9.501793584424114,2.0630580280049537e-21,2.3919027763203606e-20,3.855310757644261e-21,1.0
RAB11B-AS1,83379.94371579008,2.0140529427616483,0.15199512528947204,6.70638055452649,1.9951101048686095e-11,1.1770442968156367e-10,3.7283340291804196e-11,1.0
PSMD5,258954.881419322,1.6269745070037285,0.15455034982518645,-0.633707088986723,0.5262719977061993,0.6960846630992689,,0.0
VMO1,10530.240675765006,-0.2126338555349875,0.35232526868485864,-0.3999049625481497,0.6892265170212207,0.819581831451669,,0.0
AIMP1,297172.57027539663,2.0154794450536326,0.11657042593042777,0.08802445910189702,0.929857236042819,0.9598535407391015,,0.0
RPL12P28,7137.51298003463,-0.9041556059997093,0.16560930494375017,-5.784462896016711,7.274437644766875e-09,3.518912382468545e-08,1.3594003332423364e-08,1.0
GYG1P1,520.9819891411531,-1.6466052010843044,0.28502643724393084,-6.156961594976125,7.415382201608201e-10,3.859860923066269e-09,1.3857391496423403e-09,1.0
TBC1D8-AS1,3682.6553372078793,-0.34634519139587344,0.18818941178367934,-1.8184413752570239,0.06899669935058952,0.1437766916826088,,0.0
SP3,554180.9870094593,2.1369132190350557,0.10895144323409833,-1.2548167396471404,0.20954529435704083,0.35958165693432476,,0.0
PPP1R12B,519377.2887389261,5.323166501563717,0.20188421718170074,10.62497137233299,2.2808213803929648e-26,3.641298542435669e-25,4.2622529685204357e-26,1.0
CEP250-AS1,4653.015129140471,-0.7883870941773536,0.21539807661610655,-3.941341101693777,8.102730377363935e-05,0.0002593808052254169,0.00015141863760541357,1.0
MYEF2,137189.77042862022,1.5329005408393503,0.1868880829072521,-0.1553035381397539,0.8765820264269745,0.9322009753743697,,0.0
ASH1L,633047.0906816784,0.9333226400543444,0.12024999280316243,-5.962674615947945,2.4814224737702553e-09,1.2350267033296778e-08,4.637123448552717e-09,1.0
RSU1P2,116.01857289838543,-0.7742752840480784,0.7962088981120026,-1.6675607170014763,0.0954029618894521,0.189780493854137,,0.0
CCDC126,74225.24205086038,0.7358435082198842,0.15789389928193068,-4.676095683022743,2.923882228186585e-06,1.1085462438731688e-05,5.463963909591759e-06,1.0
SLC25A38P1,3241.636705145169,-1.0716062887347917,0.16628436635390348,-6.778711402922612,1.2125245790014825e-11,7.291197739194234e-11,2.2658883026441317e-11,1.0
HECW2-AS1,5983.023626322507,0.2698859876024809,0.3691488666835774,0.8290375834073139,0.40708314068132023,0.5894507255823116,,0.0
PYGL,1467949.5262331583,3.7012550207170007,0.10473250395272622,9.022034453301925,1.8462813583367329e-19,1.898326738191081e-18,3.4502123962635205e-19,1.0
ANXA13,2681.284381893697,1.153714818347925,0.41224453876164163,3.2389571034199895,0.0011996761506259323,0.003326737916025407,0.002241877982302836,1.0
UBXN11,394467.9298332925,1.654319652928487,0.1364298107053135,-1.202536796011288,0.229155618740302,0.3855964263369594,,0.0
RCN2,314732.36356469337,1.6432319462047285,0.19164092361276405,0.15254706289625772,0.8787554739280643,0.9336893691725574,,0.0
FANCD2P2,1476.2172971659845,-0.20393579152330493,0.5508495732597487,-0.3878711435046812,0.6981113937733873,0.8252400438121128,,0.0
IER3-AS1,104733.18090572313,1.3818049140314683,0.3767613222688976,-0.6497977610833215,0.5158228653578296,0.6883739221142744,0.9639367457715312,0.0
HMGN2P40,132.76227457465245,0.3461739360858606,0.6590779833225212,0.8448214317675489,0.3982105466899605,0.5819262094392632,,0.0
RANBP9,668728.7434755054,1.7990148034004414,0.09587882715042759,1.6287677205587998,0.10336220049615474,0.20374789581036892,0.19315666263249262,0.0
RIOX1,65404.27580905294,1.4291364484161497,0.2092618248936732,0.9355933924647275,0.34948257788271986,0.5297525663739864,,0.0
GPR22,398.8305648350341,1.7004489448445752,0.31211471823496634,3.682779693729744,0.00023070452581398375,0.0006982619718306946,0.0004311258472297968,1.0
RIC3,56013.57140784657,1.0912723627879273,0.4091173168076539,-1.2475141584189253,0.21220903207024822,0.3627808871895417,,0.0
PRSS50,6418.962632144608,-0.6778528717259842,0.5319700390549523,-1.8908718670880447,0.05864145070955765,0.12437662529527148,,0.0
RPL23P2,5650.473920229635,0.6757664081296756,0.21887304506447397,3.417818102526406,0.0006312527953454548,0.0017973619477727849,0.001179644808654165,1.0
KRT8P24,2631.506575209753,-0.09307155267629325,0.7369763099104953,-0.08716071327730793,0.930543766731251,0.9598535407391015,,0.0
SSR1,1444093.607620603,1.5663824278957699,0.08195378632690586,-0.7084649328317054,0.4786565814725726,0.6563795108722408,0.8944827739784762,0.0
FGL1,578.8250316763226,-0.3006866450423841,0.04299784973434705,1.29970015581255,0.19370375695406072,0.33927012740954837,,0.0
SSC5D,223205.7510955749,1.3857567616494162,0.20199271353407064,-1.0322308138644751,0.3019640031874655,0.47629865022972384,,0.0
LMOD1,946991.0195936188,3.1509105450181276,0.1857111930107545,4.964841798384539,6.875709421908e-07,2.7685672829391035e-06,1.2848885557694194e-06,1.0
SYS1,228877.29715972394,0.4784284944091935,0.16971257482820457,-7.632970660620383,2.2940510541643526e-14,1.673485126665587e-13,4.2869757358486426e-14,1.0
C8orf48,6514.36908624159,-0.07675149331649267,0.28290125672497496,-0.03915085302044017,0.9687701171747921,0.9823344714940009,,0.0
ADAMTS19,6421.173965646857,-0.6964613059677262,0.6509791207330321,-1.8115110432729287,0.07006178118469304,0.14581371119529826,,0.0
ABHD13,63715.28707402134,-0.07964875336338895,0.16927009778671023,-12.70810691518183,5.3309380665893635e-37,1.4965560403790476e-35,9.962115751214305e-37,1.0
FBXO17,206068.01290000026,1.7464229538710638,0.22071133896628622,0.912862607350931,0.36131480580510755,0.5423520830904544,0.6752019762932395,0.0
DPF3,9366.502952101564,0.06758321906871803,0.30176387326136145,-0.5949788822452109,0.5518575870929131,0.717199574175107,,0.0
C11orf24,395107.97571306076,1.6730407051743357,0.13642627686362044,0.5891416537006093,0.5557662531923816,0.7199464962130476,1.0,0.0
AURKA,107500.64258621579,1.1381223414469792,0.3511909887406286,-1.7532086581577533,0.07956619738978342,0.1626144328657455,,0.0
VWA5B1,1043.002876702944,0.18544927818151657,0.6806841974522686,0.41521391396296736,0.6779853139504044,0.8116404336822888,,0.0
FAIM2,33768.05990400647,0.3058456432568264,0.41644198126704823,-3.156656282528428,0.001595893416213444,0.0043577483064582406,0.0029823034408446446,1.0
UGT8,62828.00957248032,0.8751587339555595,0.5592855753784395,-1.66672167009063,0.09556976188073328,0.19003664946996587,,0.0
C1orf122,205338.25952346265,1.5340130662224605,0.23922855050865757,0.0017520271251171395,0.9986020853219342,0.9988019656432556,,0.0
ERVFRD-1,4022.1666555694187,-0.10102458280635958,0.4561734494919957,-0.280518524817347,0.7790797150187351,0.8766181796776895,,0.0
MRPL34,158847.2420279511,0.3326430150945351,0.21126683111209058,-10.654559579290808,1.6602865898777797e-26,2.676274867619118e-25,3.102637281084242e-26,1.0
IGBP1P1,4849.396402060958,-1.6234907347453944,0.1605882972772607,-10.652413176185584,1.6990257170191337e-26,2.729913668149393e-25,3.175030481654679e-26,1.0
EIF4A1P7,12555.365581947846,-0.06827118884817898,0.17345908184434197,0.0899116205294776,0.9283574467091569,0.9595829280074345,,0.0
EMILIN3,82711.80164561306,0.5517904067382235,0.34559216689245886,-3.5908545853809546,0.0003295954958923762,0.0009757042019989361,0.0006159269607233373,1.0
LYG2,190.03442654187108,-2.2434434766589644,0.39579324384085884,-5.997205935150485,2.0074142629593166e-09,1.0101761401820448e-08,3.7513272520597245e-09,1.0
MYRFL,7791.243517083039,-0.047208775122415246,0.5191557735828959,-2.750483941988628,0.00595073081111874,0.01507136435030935,0.011120344750620922,1.0
FGD6,329096.6394283936,2.5016151017513413,0.21740566368099543,4.06092183135159,4.887933628539738e-05,0.00015974495972408812,9.134257420274147e-05,1.0
CLASP2,279298.281195633,1.7931115046679904,0.12033074425984497,-1.9491419351966923,0.051278476880239114,0.11030501462357074,,0.0
MAN1A1,430700.6622430481,1.137621284817732,0.19663126769689881,-3.437873039587539,0.0005863025238043171,0.001675102179216794,0.0010956446190913136,1.0
SNORD88C,945.9269888221577,1.6100236344769312,0.5155163411844293,3.6172053674422404,0.00029780101642290903,0.0008873653423168016,0.0005565114730984579,1.0
SDR16C5,64688.132358694194,0.47759355473111886,0.5105615459419002,-3.8679666122992815,0.00010974668677555818,0.00034404278156679064,0.00020508758183151242,1.0
ZNF609,365265.7186827433,1.9679439707292075,0.12719143499979943,1.5533383826174922,0.12034231507984575,0.2320920681026589,,0.0
SPTSSA,656824.6115390153,2.4997525635356137,0.16752598989954876,3.6195824791044426,0.00029507874763754036,0.0008797783424491581,0.0005514242714827185,1.0
PLEC,2535301.8498233,0.905515371544299,0.06199360481933527,-10.140936409237083,3.6359728430121104e-24,5.046932304592088e-23,6.794673259735048e-24,1.0
TMEM139,104268.29458438834,1.9903917259066986,0.33475466682709004,1.3152422068703522,0.18842851437478003,0.3325952971850144,0.3521231437287868,0.0
INSM2,13.623922259071147,1.1259491100323546,0.04720526523082069,-0.1921650142827855,0.8476129496964588,0.9171766803016902,,0.0
LINC02542,1986.3431215261426,-1.376838066095662,0.5045279356485057,-3.204406626830913,0.0013534118194224042,0.0037344002549164843,0.0025291693573873423,1.0
GUF1,183792.59172460096,1.4113728223431712,0.15298364177879634,-1.4418490714058525,0.14934495606646975,0.2763987946163516,,0.0
HNRNPA1P39,1299.3299927838318,-0.6697780159676883,0.2586881608162081,-2.6864572256111967,0.007221419381630046,0.018133383241208712,0.013494926196711046,1.0
RPL7P22,10888.67979531651,-0.04913765036238778,0.278000231106885,-1.2654432983499098,0.20571246223755568,0.3547084795724864,,0.0
SNHG21,16387.660750740477,-0.03682007437838484,0.1922640981924007,-1.1975985861287526,0.23107332680480885,0.3879950988049832,,0.0
FAM21EP,4462.460628963405,-1.4610043084372737,0.18992165980587367,-8.304361790790518,1.0035741049702649e-16,8.691264822420127e-16,1.8754150346059887e-16,1.0
GDE1,553061.5262153503,2.946746659383489,0.14627505052609127,6.69224702609517,2.197694611335316e-11,1.2889530484557012e-10,4.1069109846082927e-11,1.0
VTI1B,531434.2081585585,1.8346256982643028,0.1151106388048604,-0.3607777904853115,0.7182655668246998,0.8395726403328713,,0.0
JAKMIP1,6093.051203256403,-0.17815130958043882,0.5136138541511036,-0.43885870204498195,0.6607639223271167,0.7998636918286343,,0.0
MUC5B,313323.23730991996,1.761187531305148,0.33847703694327314,0.015609942682437209,0.9875455735363804,0.9919778296580504,,0.0
CLOCK,1003564.6277283017,3.4205021028079168,0.10158004997622096,12.303664688464279,8.655605719959959e-35,2.2294877207546347e-33,1.6175041803530262e-34,1.0
IPP,66997.9835607186,1.0747780405883107,0.20935169844675902,-1.3401104474522878,0.1802094400025882,0.32115070317151684,,0.0
TMEM184C,170068.49925217908,1.421010685785836,0.15535043025134357,-1.1110701701141739,0.26653814659356134,0.43273058480556975,,0.0
MUSTN1,67327.243176294,1.6760864919918035,0.4122093705086429,0.573026483162419,0.5666267627154173,0.7291045691802407,,0.0
SGSM1,25342.13897433538,1.2332546261939514,0.30870273760005,0.9352983342479186,0.3496345735243961,0.5297525663739864,,0.0
SGO1-AS1,15240.83315597109,2.5259240962949416,0.30654061866831905,5.717100202994274,1.0835722649199251e-08,5.117779402462066e-08,2.0249104741229865e-08,1.0
LINC01122,41049.29995788545,2.2921199652719886,0.12034636601241552,17.01670934746952,6.174459347360251e-65,5.509602385492711e-63,1.1538434315167979e-64,1.0
CATSPERG,13782.950560435569,0.2678308140191787,0.23870861094402318,0.8468658434881596,0.39706990276537246,0.5811828658812438,0.7420188123106081,0.0
EXOC3L1,31745.243917277083,0.9950035033035567,0.25518349801608076,-0.14044199468229535,0.8883107796667579,0.9390499187634417,,0.0
PKDREJ,3264.6892432445493,-0.4034128797146281,0.27827237343734657,-1.3404202924155304,0.18010874208970495,0.32108575962263847,,0.0
MAPRE1P2,890.0026629493126,-0.18117254564735638,0.411249191402364,-0.5481065853196517,0.5836187190973328,0.7452873577062159,,0.0
PCDHGA8,476177.24768347124,1.0501067528654768,0.19532982049957068,-4.252803817634178,2.111105119780068e-05,7.190796609705697e-05,3.945098086589753e-05,1.0
EN1,62396.67402697566,0.8900192893752553,0.5167233509472475,-1.7891046924524352,0.07359795660747444,0.1522852957215527,,0.0
PMS2P12,794.2579655010735,0.4623001351543241,0.4206726620078781,1.4122168084288076,0.15788613281486474,0.2888894198739946,0.2950474965130438,0.0
MRPL15,220502.51551955385,1.2882737271159956,0.23772519418492097,-1.3423473265543795,0.17948340497167004,0.3203137766583697,,0.0
IGFBP1,368.7593812535007,-0.02883247597679284,0.059656523434013044,-0.5373028884722775,0.5910584105527286,0.7502129933885991,,0.0
POGLUT3,268568.67123097,1.6738489096164628,0.15397721325303215,-0.4396239115134933,0.6602095193730482,0.7995799729295011,,0.0
AFF1,644511.1562553025,1.6366464791529534,0.14156680457870294,-0.938702361718744,0.3478835805460453,0.5283812316074736,,0.0
PLEKHO1,304309.3567108309,0.9413350592900686,0.19159498057453317,-3.8476846456335627,0.0001192394023068039,0.0003717026159245784,0.00022282696085531008,1.0
ARHGAP28,53156.71250957412,1.1913538061082836,0.27748610431067244,-0.6545447555094001,0.5127609027114084,0.6859305955684688,,0.0
PPP1R14C,66791.59892452469,1.7262640302364183,0.49766124791662564,0.7044088553359059,0.4811781928530432,0.6587527204620978,,0.0
KIF5A,12786.540459201442,-0.7033329693863543,0.4398894051610438,-3.6703295122308237,0.00024223799409540508,0.0007305149405520454,0.00045267885433610287,1.0
COQ7,114290.91424255022,0.21327859292780083,0.18604585984957916,-7.647090360970126,2.0557786976529842e-14,1.5084766743277478e-13,3.841707611133868e-14,1.0
TRIM4,452829.1070859879,1.6626046152386609,0.09886865127315268,0.34934219294556107,0.7268324259417422,0.8454333408824223,1.0,0.0
SIPA1L3,476178.02447603067,1.9239230780399563,0.1637682982522058,1.2186867919388311,0.22296309295327366,0.37754882259827466,0.4166591531366898,0.0
CLDN24,381.8933602592585,-0.006930330615033789,0.5025917449275676,-0.01823824653392928,0.9854487913825066,0.9908023361244237,,0.0
ITPK1-AS1,196.1464733612538,0.2669572283629156,0.7323474680139345,0.6698402391588835,0.5029596390677054,0.677971872453889,,0.0
CRYM,11514.347314001418,0.23548119995652422,0.47432821243682105,-3.1128771044520938,0.001852731499151403,0.005028842640553808,0.0034622660064545854,1.0
ATP8B2,268648.8800930645,0.305385737326991,0.16656514611556691,-9.777597662339039,1.405058784530304e-22,1.7819996818015048e-21,2.625683899139091e-22,1.0
MRPL43,268828.9091341196,2.056542237760224,0.11585493434528812,1.0207573041364346,0.30736943744516865,0.4823885298095188,,0.0
CERS1,6950.527090068802,-1.9341998033523564,0.346268437614999,-5.509574745002626,3.597016321808695e-08,1.6399900146056613e-07,6.721873807059855e-08,1.0
FCF1P2,22955.9446700842,-0.5130538534851168,0.21124543129233675,-2.4175683555221115,0.015624599030004424,0.03696786048907771,0.029198250318972364,1.0
LCN15,513.326432827734,0.3336222746185024,0.7103155138551768,0.8150251556866501,0.41505791092270194,0.5963324844395461,,0.0
RPRM,3164.144776738229,0.19476467547653173,0.5082829074972142,0.7839351390155814,0.4330781698687687,0.612709970224869,,0.0
RPS28,103652.4505152936,0.04162176895805912,0.24432825561399424,-11.332270770384202,9.081920667085192e-30,1.6933715512471907e-28,1.697171188235778e-29,1.0
LEO1,150066.48380861938,1.618886861570255,0.20295655814731733,0.004694762269707388,0.9962541354286698,0.9980043432623379,,0.0
EAF1-AS1,43490.48372441685,-0.15426298142676487,0.27827262340386527,-7.331561564174419,2.2748627740631616e-13,1.5444958263578286e-12,4.2511179065047187e-13,1.0
EIF4H,2297131.9686251148,2.4566656914734852,0.05178112068668575,-0.6315945043420054,0.5276518785750426,0.6968726919726513,0.9860420483318952,0.0
SIRT4,10577.725615386775,0.996524546887841,0.2149812211659652,4.18856317328218,2.8072616837999046e-05,9.45912787184634e-05,5.246030902747989e-05,1.0
ARHGAP35,1977246.4418612241,3.068541684803203,0.07765215282340837,9.361815924995547,7.837784956547073e-21,8.781482382929535e-20,1.4646750720966987e-20,1.0
RPL36AP15,581.1722698837317,1.590017791216916,0.5594249578300088,3.38024286377005,0.0007242180509799901,0.0020492172144660308,0.0013533723263825768,1.0
DDX11-AS1,3751.6859687497067,-0.41309228252050556,0.2674894324924796,-1.3911923116126308,0.16416711804509887,0.2985236859066081,0.3067849995779204,0.0
PTS,86473.5397866089,1.2178459794937162,0.1821829232434024,-0.7822785594970427,0.4340508844098836,0.6137386161279538,,0.0
PMCH,6692.680278856695,0.010105805169383766,0.3092674746419532,0.024946294977560474,0.9800978006578419,0.9880379204988687,,0.0
BTF3P10,35803.380282611935,-1.0300174169546423,0.17740685210613064,-9.903317651725734,4.026901468088267e-23,5.281476807358811e-22,7.525215645488806e-23,1.0
H4C5,13800.275814800145,1.1619386578074244,0.4987636311728359,-0.2620275902075435,0.7933001712038579,0.8854413570483979,,0.0
BDP1P,164.4580738031055,-0.08343518436179138,0.6510145603557288,-0.2227470209743336,0.823732403144445,0.9044585406532172,,0.0
USE1,284023.65418452007,3.1609729683486485,0.13469149336176872,9.792922341426005,1.2075435805087168e-22,1.5432468725836464e-21,2.256580131563971e-22,1.0
PCDHA3,263771.3358403839,3.3287198781102365,0.17744080170713877,7.088282205668635,1.3578686278950624e-12,8.732650622383047e-12,2.5374979557186337e-12,1.0
MFAP5,579175.4706137415,1.2265057698026434,0.18485970272406443,-2.337426795391855,0.019417003212318665,0.04519178623752043,,0.0
THEMIS3P,380.643572500231,-0.9638793759431313,0.9473819621632323,-1.9451053806578056,0.051762296447803786,0.1112499764944841,,0.0
CDH4,10659.746976431477,-1.1939090364342855,0.40093938213594066,-4.125762579006772,3.695083179158374e-05,0.00012260511717300396,6.905134871448914e-05,1.0
COA1,356519.6727976738,1.8003937330984852,0.08521093482317277,-1.042747123406046,0.29706542664670144,0.47045692224885605,0.5551368500200325,0.0
DOK1,159463.54939879768,2.3285165594996458,0.20183066362718696,3.795889116081763,0.0001471152469894017,0.00045378696864570387,0.0002749195546769036,1.0
CEACAM7,1895.7802421267538,-0.8496005160130939,0.9549588424339354,-2.0541109066315557,0.03996495868508609,0.08805330623870157,,0.0
UTS2R,433.7771400357411,-1.494557258120715,0.7887822270371588,-2.66843753979551,0.007620494616089852,0.01904933046353226,0.014240692444502987,1.0
HPR,8612.337336244334,1.565734174666704,0.6929062501611811,1.1892078527580574,0.23435788514819889,0.39137716985871435,,0.0
MGAT4C,1005.2298599836531,-0.8716233494853493,0.7520674590517121,-1.9017407640460506,0.05720505381110531,0.12153641747197841,,0.0
SH3BP5,468315.0382473979,0.4860626829729397,0.25283814065828625,-9.718243520737879,2.5209243197577254e-22,3.0951004486067208e-21,4.710941969270514e-22,1.0
TENT5C,339750.72117891617,2.8902408333605796,0.2525589367331004,4.367828649045584,1.2548788209582353e-05,4.415936245301621e-05,2.3450371983277122e-05,1.0
ZNF209P,2296.903988263855,-0.8363576890100265,0.7298587413451654,-1.8808236392260942,0.0599959133695418,0.12668407292801348,,0.0
CLN5,273712.64696563483,1.8551902253658064,0.11932287108223467,-1.2362598210386035,0.2163620009071191,0.3686194744401207,,0.0
AKR1B1P3,351.5050526736141,0.23587620145332255,0.4555133297445168,0.6544296425202533,0.5128350420339803,0.6859305955684688,,0.0
ACOX2,108462.09129574853,1.3489434402401062,0.41534416337760244,-0.2438981192731948,0.8073097258068311,0.8956764431298258,,0.0
ATP1B2,42498.45434920054,1.1702864218626337,0.42810279236486526,-0.5464205198215276,0.584776908091757,0.7462028114745938,,0.0
MRC2,956136.1487860329,2.8685199370391925,0.11975111976195044,5.3941057473792755,6.886565421610385e-08,3.0480219142415496e-07,1.28691725548942e-07,1.0
TLN2,391672.5880800317,1.4620200453444585,0.21972579570783032,-1.3043832659510957,0.19210293787442723,0.3372938793248464,,0.0
MYL7,4538.615993730182,-0.19986680009971303,0.5557251491143416,-0.26384973388596794,0.7918957099193815,0.8841353361561387,,0.0
ANKRD61,4056.601454311739,-0.627606284665923,0.2386691505303584,-2.878239175988412,0.003999018179686839,0.010359302148208988,0.007473109141322041,1.0
CCN5,427184.69460518454,0.9739551643390365,0.29205854886812266,-3.0681086369305266,0.0021541828951783383,0.00579668924459136,0.004025599075245384,1.0
MKI67,374949.9792876025,1.1729395649397272,0.3469409255674717,-2.0590834842789967,0.039486241694711606,0.08709061378311783,,0.0
VSIR,281903.73380367836,0.8054164278538882,0.2840709726545173,-4.664296282466695,3.0967493811255585e-06,1.1696490292883156e-05,5.787006977368891e-06,1.0
PPP3CC,128901.11839803177,1.5015928877704081,0.1974629611910081,-0.3186641977364425,0.7499811663780844,0.8587030504763206,,0.0
ZNF542P,146480.30946770016,1.4246719644127284,0.1693887465581901,0.6016725291186161,0.5473921394178831,0.7128794685095549,1.0,0.0
VDAC1P5,2452.2822085303133,1.40780539696043,0.25297348991417434,5.84535545100272,5.054877161926029e-09,2.4667208181781607e-08,9.446230807084655e-09,1.0
ANKRD53,22680.346904701713,0.7277090725753673,0.4833756121558619,-1.7780529459428063,0.07539515951514132,0.1552326378645081,,0.0
SERINC3,1136787.4559299024,0.5696919744640581,0.09045066510351538,-11.37761874925603,5.405559147347421e-30,1.0231658734581464e-28,1.01015628493998e-29,1.0
ATP1A4,11826.652860737551,0.28345209914858255,0.4389562975979785,1.087111817755901,0.27698739569635633,0.4456233149693151,,0.0
GOLGA7B,32669.194987700263,1.103941960317076,0.28475862701914995,0.01441334382449432,0.9885002136637937,0.9926719388420373,,0.0
SYBU,167079.4400334972,0.3334268578887982,0.21362957358713824,-7.920707396042499,2.3616310194026078e-15,1.858436252591312e-14,4.4132648481506475e-15,1.0
OMA1,70306.77826760281,-0.2399986692253589,0.23035469322707855,-11.344694080707507,7.880134346716855e-30,1.4747951809192556e-28,1.4725890549941707e-29,1.0
TNKS1BP1,3114572.9079561243,2.770874954158165,0.045810312683838825,8.025418044961096,1.0118078646015664e-15,8.16801922360909e-15,1.8908017574472804e-15,1.0
RGS7,2364.142636237871,-0.986919695649107,0.7730336029949839,-2.579949727366128,0.009881469919835559,0.02426422859430874,0.01846585833560893,1.0
PRSS12,20887.217037831007,0.5269134671328124,0.4696483501607214,-1.3615594338515342,0.17333696483153216,0.3111949826986145,,0.0
DLEU2L,7294.986253327477,-0.47676343896806844,0.2616931507298762,-1.6752737248112355,0.09388053825755535,0.18712447134942325,,0.0
PRR7,11733.032546045155,-2.609246155129363,0.329555459610829,-7.225313241258257,4.999481033402932e-13,3.3001858287865848e-12,9.342710068778777e-13,1.0
PDCL3P2,268.2691531007764,-1.969791802442089,0.5941935734448485,-3.87475435658407,0.00010673230893869926,0.00033522397722607176,0.0001994545055223187,1.0
MIR1244-2,231837.4568054156,1.497070740676164,0.21626958810198457,-0.31130871626022544,0.7555659416673576,0.8612141903539657,,0.0
FDPSP8,1435.7438335268562,-0.9504371546686207,0.7062120983810516,-2.1041134212301014,0.03536855438091262,0.07879476872109689,,0.0
RBM45,62830.13040733382,-0.23905092870034128,0.07889399711444024,0.4987376497252948,0.6179642173117448,0.7694909528798377,,0.0
CD22,59591.42923112675,1.683080823963338,0.30933525657332084,0.8802788351936599,0.378708275270092,0.5629829118521165,0.7077057784310582,0.0
COPA,1656333.0863086283,0.6357309494641218,0.09855192705823462,-8.720973415213864,2.758201975121697e-18,2.6353222312969638e-17,5.154351260165714e-18,1.0
EPHA10,20538.430673651852,0.523745301147453,0.48714866069312285,-1.235774870597696,0.21654225832254048,0.3686751839310851,,0.0
SLC23A3,12090.663516527358,-0.041868209904815774,0.3215132249479308,0.05488244225175791,0.9562321198477337,0.9753606660296236,,0.0
RN7SL403P,418.32292204239167,0.08235428369019453,0.4118571054765685,0.250561067243753,0.8021534854568465,0.8927307275785884,1.0,0.0
CIP2A,30355.721098652477,-0.387530682881411,0.3753276676145913,-6.373425318630987,1.8485231141669323e-10,1.0106203502726653e-09,3.4544016460329696e-10,1.0
HEXD,201982.97174385638,0.7104898993600973,0.2295359059106313,-5.09433965452373,3.49958874517135e-07,1.4560736852307441e-06,6.539807389536738e-07,1.0
MIDEAS,401695.6572094429,1.700439825800838,0.13352535775369076,-0.8127449494255954,0.41636430409861924,0.5969323797304947,,0.0
HECA,999897.6412989484,3.318921415230406,0.07273672204789758,13.788174510439442,3.002621095794007e-43,1.0872534504117865e-41,5.611106064204432e-43,1.0
HSPA8P18,127.35874880914199,-1.691673833124141,0.773814640877242,-2.9174822178023625,0.003528697684482151,0.009231886036312727,0.0065942043116519475,1.0
LUCAT1,1984.6176172403211,-0.14397403320550797,0.40062234052040685,-0.45617289393926524,0.6482656556451236,0.7909152857608833,,0.0
TTLL3,1083023.600876787,2.7146622498992796,0.12203502300737239,5.108459882725853,3.247953456624769e-07,1.3547598850378941e-06,6.069567472982039e-07,1.0
MIR6084,3165.9830180539416,0.16291732705666334,0.4647048647267857,0.67080690389396,0.5023435487886205,0.677971872453889,,0.0
ZNF783,356750.1434192495,2.1559224162156414,0.1305477669764099,3.418816097531407,0.000628942185565073,0.0017918039345887515,0.0011753268890309161,1.0
RAB14,732302.8634332302,2.563433075549025,0.08664131617520075,-0.2166155437303012,0.8285079711957348,0.9075086216714351,,0.0
CEP89,338423.4922287543,1.4603938253101967,0.13489816353517442,-0.5815691941463565,0.5608568980487083,0.7237386432777273,1.0,0.0
NAALADL2,84879.84613178058,0.49063151056524074,0.3156044650339904,-4.611360843667113,4.0004141650247845e-06,1.4826247318571286e-05,7.475717869345118e-06,1.0
DUT,326849.67089135916,1.7962173722323826,0.1345527488272838,0.14183913657669667,0.8872070700511442,0.9390499187634417,,0.0
RHBG,4902.888636720003,0.815089800689121,0.6386380638969775,1.77020537725588,0.07669293389178389,0.1576448336722518,,0.0
ELOC,231129.0816916356,0.5806669090595697,0.2062518274122504,-6.420754359616228,1.3560068682348572e-10,7.478991523807485e-10,2.5340188184628204e-10,1.0
SLC22A5,168602.99154199744,1.2929781824317985,0.18840928630503243,-2.388053661808812,0.016937868431308446,0.03986741806464828,0.03165240409545561,1.0
SLC39A2,1613.3437185746197,-0.7600826175704091,0.6076526180590328,-1.9844771318788266,0.04720267493292338,0.10237489871519882,,0.0
TIMELESS,511867.6606314316,2.9660249186840275,0.12626463332816298,6.1218233302211305,9.251056571520826e-10,4.810356887397458e-09,1.728778223182108e-09,1.0
AGBL5,706729.9427858222,2.9486698656273367,0.0861271886018813,11.029959049076608,2.739897801865856e-28,4.753912956917945e-27,5.120145593090383e-28,1.0
HOXA2,12598.082402069407,0.17033851323485832,0.353630660131849,-0.6311457402861015,0.5279452360124167,0.6969992983762342,,0.0
ST7-OT4,1365.6209101379795,-1.6197386602670025,0.24046018534621255,-7.010197057428214,2.3798269948020752e-12,1.511054065187544e-11,4.4472683219992405e-12,1.0
GPHN,116933.7135375316,1.7125639982708891,0.19561858591440578,1.251184969844329,0.21086700054431173,0.3611043186154646,,0.0
COX15,207477.48567680217,1.6515636914668805,0.12970955403606654,-2.123145487775749,0.0337416622740551,0.07560855891634678,,0.0
C3orf49,625.9791276736336,-0.1486545866576961,0.32752084734955456,-0.5439149628773454,0.5864999918586503,0.7476378722749173,,0.0
HCK,79426.14263281962,0.47519831679900787,0.2517866833633121,-4.448688760344237,8.63961025539495e-06,3.092559630817233e-05,1.614515050344374e-05,1.0
SGCE,143729.46565889992,1.8493361076415453,0.19890420382618276,0.03238892363544548,0.9741618955136311,0.9853958907713378,1.0,0.0
DHX57,578731.1421655387,3.5671214957631436,0.09113662407799036,15.162846094236528,6.230965914596908e-52,3.347971685509758e-50,1.16440301702471e-51,1.0
GLTP,509055.69197507686,2.6889025494037178,0.09986659718642057,8.030883517318154,9.677320115100043e-16,7.837531380089937e-15,1.8084356250992863e-15,1.0
SLC15A4,127297.20559571772,0.7353477450788524,0.1196992066599933,-14.94154045594126,1.7683947426020336e-50,8.749176761170655e-49,3.3046628753860737e-50,1.0
RNF157-AS1,10892.905150316034,-1.2101148512695397,0.31203469556513636,-4.890539853638434,1.0055979500695398e-06,3.984911147103482e-06,1.8791970667529882e-06,1.0
MIR100HG,148757.07904501888,1.2935063657631636,0.3226984264767336,-0.8816332365988729,0.37797517555471405,0.5624603788704307,,0.0
DUSP19,13650.648347435064,-0.0877118436020423,0.23032652571212722,-0.019996964995227476,0.9840457936654512,0.9899892955398146,,0.0
RNF26,200805.57417824867,1.6348038086961783,0.1550466736207024,-0.00652552511239463,0.9947934212132196,0.996988111873738,,0.0
ANKS6,97490.92828819029,1.3316396573937685,0.2337897900670046,-0.9874467068764264,0.32342369672069415,0.5010763907032696,,0.0
CYSLTR2,6458.4514550372605,-0.2649546694114259,0.34027337805362345,-0.8256609664415621,0.40899644048379824,0.5910212478424323,,0.0
MKLN1,1295880.5892336078,2.9859915780190778,0.06818701642923876,11.772094417837293,5.435796783779927e-32,1.165780108521386e-30,1.015806900843242e-31,1.0
CMBL,259873.7870308982,0.7646023083572555,0.33297301284073233,-3.8714480077228504,0.0001081907359094577,0.00033937797070907733,0.0002021799204710397,1.0
STMN2,7877.872829334767,-1.0598139778598072,0.33729883246792763,-3.388992130998739,0.0007015002358373745,0.0019871863256685713,0.001310918727927958,1.0
LPCAT3,831875.5605349771,1.6800823904104085,0.0834479721225505,-0.00450370225286675,0.996406577653753,0.9980043432623379,1.0,0.0
FIBIN,451930.1284128426,3.0834988178903506,0.13726149480974156,6.3606653598384115,2.008816639607782e-10,1.0922803860848842e-09,3.753947923754707e-10,1.0
LIPT1,60544.226504717444,2.0191657629520794,0.14609257081680976,5.670058428286544,1.4274882884821111e-08,6.660279157371717e-08,2.667598720099143e-08,1.0
SLC25A44,241931.37870523566,0.6763604245973435,0.1501137673946402,-6.989093655424746,2.766676948651985e-12,1.745591504092673e-11,5.170188748097969e-12,1.0
HOXA11-AS,3401.0993523707293,-0.12684104750098296,0.462356580247745,-0.11756517230595184,0.9064122019915487,0.9501451171285439,1.0,0.0
LINC02345,1659.9745401335592,0.15421808822412658,0.4387970358940354,0.4236415611742111,0.6718272401678977,0.8074756977804458,,0.0
PINK1-AS,502422.9488087613,2.027128819391973,0.10876473127723646,-1.983855037730636,0.04727200249952812,0.10243816265669921,,0.0
DNAJB6,1795813.9920308173,3.299405070593124,0.05615828418739099,14.636993477235887,1.6312353083434967e-48,7.618021341862106e-47,3.0483481061303115e-48,1.0
PI16,161954.23183431776,1.4210799034719028,0.41672661120160787,-0.8793612844110009,0.37920541687157594,0.5631172267777905,0.7086348048269503,0.0
SERAC1,42481.082147581554,-1.1455668173201108,0.18061326356802718,-12.121367755905085,8.138939330129656e-34,1.983916089397946e-32,1.5209528733230326e-33,1.0
STIM1-AS1,1838.1542038338048,0.23549789406649163,0.19925431379828726,1.1543821452959901,0.24834353192670977,0.4109180890853539,,0.0
IGSF9,141796.99900811515,0.7786999255475854,0.3247813043405942,-3.6917857318130607,0.00022268503569943473,0.0006764480993252738,0.00041613953754303487,1.0
FAUP1,190177.07097976754,1.6036371629444746,0.15723543208253957,-0.20833963871279831,0.8349637834000458,0.9107867333879129,,0.0
SLC27A2,36233.75348750537,0.33478684815737964,0.5313627368776375,-2.632005779381544,0.008488241894500847,0.021102360570557577,0.01586228300180282,1.0
OSBPL9P2,1102.4010797720366,0.04937348680649173,0.2157079125615951,0.2650552787572429,0.7909668778606859,0.8841353361561387,,0.0
RACGAP1,110510.2563036527,0.47960285893470483,0.3952093070142267,-5.675362266967139,1.3839545850013513e-08,6.469243275258889e-08,2.5862457222332656e-08,1.0
MMP3,173355.34428309597,1.6230443568295387,0.3528193087325098,-0.23351222452153272,0.8153636781170539,0.9000938762461954,,0.0
CEP250,211596.01254140362,0.5760752661270571,0.22217540111714396,-6.259094747273576,3.8721857508295995e-10,2.0716608347853863e-09,7.236092818584709e-10,1.0
SRRM1,700472.7251351613,1.598257130018923,0.1416208021679686,-1.6262598400581219,0.10389439114107153,0.20455487491407975,,0.0
ATP2B2,29505.000017715724,3.3267775757474953,0.41958897150867897,6.078901516061741,1.2100864835529049e-09,6.2082157682893895e-09,2.261332145966292e-09,1.0
IL17RE,246406.76557475212,2.3888478055504687,0.20448133999788623,3.0279239096366113,0.0024624008045802275,0.00658705397242366,0.00460157697101249,1.0
SPOCD1,50874.32447253918,1.152168742675194,0.4197523215474747,-0.8366420609379703,0.4027937956539127,0.5854451997913327,,0.0
DNAJC18,161020.96972171444,2.4389035374225556,0.16547887575239473,6.021191135400203,1.731381546629575e-09,8.756795130068812e-09,3.235494984483166e-09,1.0
MYO10,385827.6035371591,1.2086341869510717,0.21923170127241456,-2.169271430028247,0.030062082937130922,0.06788080815040362,,0.0
SNRPEP11,847.1742491324574,-1.2216024838112893,0.20479968436672294,-6.10731225774719,1.0132288755658646e-09,5.230480052895274e-09,1.893457251758648e-09,1.0
AKAP1,1007215.751620689,1.6245078918067668,0.08267825862416649,-0.2995830713489325,0.7644951985175126,0.8663135684988493,1.0,0.0
ARL6IP1P2,6566.377636392387,1.2795649384825447,0.4774438223264659,0.9677972360378255,0.333145644472006,0.5131716354582657,0.6225612510944705,0.0
ZBTB2,321043.8876323701,2.796071064661166,0.12857229135892947,7.698363113829203,1.3782026573103938e-14,1.0233103534294261e-13,2.575496888025444e-14,1.0
CCDC40,56980.89864944178,0.6546007713651497,0.27550590090128096,-2.507617290869896,0.012154823424065356,0.02929939828753236,0.022714155815278452,1.0
CYREN,300487.01717668894,1.8905948805252641,0.09263907576861279,-0.13070140932877677,0.896011517426961,0.943644755983249,1.0,0.0
RNU6-853P,176.5690583336947,-0.40517277150656245,0.5967268268456322,-1.0106143191262307,0.3122010597077878,0.4876738653828745,,0.0
PIF1,17049.519229906236,0.18543692137860113,0.28593920882020946,0.254154410845814,0.7993762692434689,0.8900363675155113,,0.0
INO80D,215847.7000353321,1.308626917998382,0.14826902383032484,-2.9996206251220374,0.0027031606413717903,0.00717349640198345,0.005051493539616618,1.0
MTUS2-AS1,200.55308407058715,0.5429474939740284,0.6968489228386457,1.2663137334210057,0.20540078204874035,0.3542933061434434,,0.0
ATP6V1E2,27233.744927904685,-1.3458219230936788,0.2115733702191854,-6.569185913554986,5.0591086920630874e-11,2.8858865450044804e-10,9.454138419685582e-11,1.0
NUDCD1,161408.17260178452,0.23435184501311862,0.21825907658521046,-8.460618692249142,2.659626978127589e-17,2.3989451281053363e-16,4.970140616942244e-17,1.0
ITPR3,1312750.858559433,1.7328305005509386,0.08295156305104469,0.4336723452407754,0.6645263914463309,0.8020865647481439,1.0,0.0
POU4F3,2402.310181787303,2.699093844640201,0.6712089396301072,4.507040514733158,6.573808509739851e-06,2.3855716138830817e-05,1.2284712461918488e-05,1.0
SRSF3,4271689.864885266,3.1733135323205284,0.03815443275291413,12.825204717898995,1.1847323719006421e-37,3.402360725510062e-36,2.213952005380519e-37,1.0
TEX2,466494.56327791075,0.8300064320394677,0.16334446908058234,-5.557540656466306,2.7360226766648208e-08,1.2554550335439954e-07,5.112904007215449e-08,1.0
PTPN11,467870.4523733247,0.6238678659523907,0.16970839820332606,-12.020229196275707,2.7819872738592812e-33,6.496070283866742e-32,5.19879970361811e-33,1.0
ELOVL6,186110.38358741446,1.4469558632190465,0.33007611434684636,-0.5394440336483162,0.5895805043845981,0.7497430600861361,,0.0
ARMC10,335528.6589605581,1.2658625934765517,0.14406139337490845,-2.025951411222295,0.042769764059123125,0.09377819701774386,0.07992539678513023,0.0
THAP5,190618.1452394787,1.4221349578053086,0.15601510895240048,-0.07028770231475322,0.9439646704299426,0.9685478720028977,1.0,0.0
COX5A,416581.65362643,1.7396041656709051,0.1268884833886467,-0.4473450053211514,0.6546259767231677,0.7955333329589397,,0.0
C2CD4D,6245.711002101562,-1.4812151168401477,0.39019091266145095,-4.0100047910997985,6.071751582188982e-05,0.00019663345856252979,0.00011346500619371108,1.0
PCTP,262679.41606662713,1.334619296245949,0.19163854757116927,-1.2073312471280822,0.2273046015624618,0.38283237658296876,0.42477228646507914,0.0
NRBF2,206357.74155668635,2.2749899621101304,0.1503065002704474,4.777646892752782,1.7735847896556963e-06,6.875564929332439e-06,3.3143617030327277e-06,1.0
CACTIN,195643.4727463739,1.9324142723301918,0.12563325582687473,0.7485899209129968,0.4541044088900882,0.6336664985266045,,0.0
CDC123,323087.2056894919,0.588427728964738,0.19056574076046104,-6.893030373874011,5.461620715160506e-12,3.377687959611021e-11,1.0206327118046766e-11,1.0
UNC79,3280.038853075075,-0.38091280142582273,0.2178160821747316,-1.63180130514399,0.1027213503057395,0.2026445272316543,,0.0
GJD4,203.68960592608266,0.10626796889074117,0.6142977031148558,0.2687190339269528,0.7881459034107829,0.882583604363565,,0.0
PRR7-AS1,1340.1274796729188,-1.5932143323872652,0.31659909931430885,-5.368402889291152,7.943694406071377e-08,3.4942465622481225e-07,1.4844667519498383e-07,1.0
PRDX6,1623003.5814758711,5.808287930178768,0.14608239719682367,11.890124734145394,1.3320749863748443e-32,2.9715976370156687e-31,2.489296449856057e-32,1.0
AGBL5-AS1,138.46876263773862,-1.955188702131794,0.49618687533684236,-4.383827020326673,1.1661238051530859e-05,4.1239353533970066e-05,2.179177507236339e-05,1.0
ZNF106,455652.0039452583,2.0186933590099785,0.11729275710139105,1.7562726544574943,0.07904186416970332,0.1618738505147572,,0.0
DCTN5,456472.88042694813,0.5267694223257255,0.13394991131231626,-9.729135115654733,2.2651060136463834e-22,2.802176956880437e-21,4.2328850973040304e-22,1.0
GABARAPL1-AS1,3944.3343657716223,0.08805035955991841,0.4695012949153552,0.1332739589081885,0.8939767216401016,0.9427498431882327,1.0,0.0
TOGARAM2,29541.239785256905,2.9710836919633676,0.39421895318118516,5.5622172199172315,2.6636844089255202e-08,1.2245106707820448e-07,4.977722883844736e-08,1.0
LINC02068,1012.2387094646128,-0.0622144979078014,0.5257790565368646,-0.14177869389112607,0.8872548138567542,0.9390499187634417,,0.0
POLN,35086.27640417403,0.7601523701107759,0.2442581460826595,-1.4912098107500755,0.1359064187090922,0.2565637983714899,,0.0
IGFL1,168.77221136312886,-0.737424918492235,0.12773978418313756,0.8511677335972088,0.39467618390571946,0.5795423268850682,,0.0
CDHR3,46437.0129022575,1.419669500880841,0.3154812563441409,0.27086729246041613,0.7864931017518457,0.8817828201601915,1.0,0.0
CORO7-PAM16,212647.71867748568,0.6333393002546843,0.1417624091183779,-7.434153397389427,1.0523978742545126e-13,7.283701077077285e-13,1.9666537687545997e-13,1.0
PROK2,914.4310093275228,-0.2954384161611285,0.5765257790689656,-0.740749171020463,0.4588455394369604,0.6381274425016458,,0.0
ZNF607,99801.08569314356,1.1655929323719525,0.1978879493798221,-0.7098281517950792,0.47781070928765945,0.6553994274802181,0.8929020621953756,0.0
PART1,15274.363573357003,1.169105971802901,0.6568835973019215,-0.047165089666958725,0.9623816509519872,0.9794340345839266,,0.0
S100A5,863.7568631688162,2.7781681432884717,0.3727312826274897,7.698898103131311,1.3724455479999975e-14,1.0205521433565457e-13,2.564738370738963e-14,1.0
SLC2A9,21378.228161678886,0.21319042953083508,0.20716710832113716,1.0810918427592178,0.27965626160476886,0.44876118793803144,,0.0
RNF217,115780.407959628,0.311257024588016,0.2640630034769682,-8.764322273513908,1.8790359691637095e-18,1.8022154967199723e-17,3.511422115897926e-18,1.0
PDCD2L,77385.6860911777,1.4404043417589545,0.17490359199647604,0.5072619805365967,0.6119710112682424,0.76565326572544,1.0,0.0
ME2,210621.9480761201,1.7045958625949915,0.17075633262437334,0.1912066466071577,0.8483636964488646,0.9175607451106274,,0.0
DAB2,1094050.7812946525,1.45546308909272,0.10230224964496354,-1.493045212624684,0.13542535230939756,0.2557522620899696,0.2530742279319595,0.0
ERFL,5126.285242804554,1.1106788669121315,0.29187203257175237,4.108388258134367,3.98429895072587e-05,0.00013176400964114607,7.445602788622727e-05,1.0
ARRDC3-AS1,4002.458375636224,-0.3469855292212025,0.2618767975258576,-1.3707714185612714,0.17044622332147852,0.3074800642373387,,0.0
EIF5AP2,3644.6057020702838,-0.9468757271388226,0.5609190317723339,-2.3605320905677476,0.018248739381084567,0.042640418650775086,,0.0
TMEM30A-DT,2203.4441138218326,-0.9293877471822977,0.2440062218034068,-4.10370603369765,4.06584030624875e-05,0.0001342829081977859,7.597982053225507e-05,1.0
ICA1L,50852.242926154206,1.0371730217392687,0.2735752183673028,-1.3154679979431625,0.18835266577529897,0.3325788943035933,,0.0
TAS2R6P,3547.7333567775386,0.47288495333103264,0.39176042182012005,1.3801113888515009,0.16755235122020973,0.3033547460316623,0.31311110659962155,0.0
ZBTB25,127182.06259538629,1.9095255449147481,0.12071894099187783,0.08836359060447124,0.9295876985515215,0.9598535407391015,,0.0
ATP6V1C1,388561.9903658276,0.8173732636729091,0.18498008891324422,-5.066811832374466,4.045338113374349e-07,1.6692448020257328e-06,7.559668867812873e-07,1.0
AFAP1,329142.5541697466,1.816644832506334,0.11487737858160992,-2.0358046796574354,0.04176997234756904,0.09174705574540769,,0.0
TPM3P8,13893.309747707648,-0.2144695845947416,0.1939467498391214,-1.3069731571969365,0.19122182810723964,0.3362193789767335,,0.0
STARD5,101777.77516297255,1.3103367781505353,0.23573918875094477,-1.327413238649044,0.184372022784685,0.32647306798549647,,0.0
SNORD88B,553.8865027652834,-1.2274211141807065,0.2805123873042798,-4.624899148549789,3.7478071019032066e-06,1.4007323925362995e-05,7.0036619626814976e-06,1.0
DBX2,5708.499313350827,1.8273703368411096,0.4595248143587761,3.8915713484273415,9.959709134620445e-05,0.0003147923247672256,0.0001861206677101659,1.0
TCF7L2,275416.40019579296,1.6987081735344334,0.14937814076242686,-0.10774886153896718,0.9141949091986322,0.9541002425366678,,0.0
RBMS3-AS2,387.79115321664887,-0.5862994190203396,0.5740496802388605,-1.4435363431110801,0.14886944232543547,0.2756208237496114,,0.0
ABCA9,399187.80362837913,1.1278787353948816,0.22284553960144537,-2.5821389708565485,0.009819003686948153,0.024122694898564365,0.01834912543892293,1.0
P3H4,524980.9164783038,3.3009351765920782,0.1809851137684054,6.781623967663805,1.1883244565630863e-11,7.171566798847516e-11,2.220664663218303e-11,1.0
SMG7,655709.154688024,0.5444541914591255,0.10609429085501516,-11.558262678210612,6.705161903467219e-31,1.3243357324753238e-29,1.2530177274355158e-30,1.0
PPDPFL,151.7340579425126,-2.369048171163067,0.06923496397614201,-0.49408750682250036,0.6212443805711514,0.7712691104879611,,0.0
MDGA2,3375.637417889033,1.7076735186026104,0.966366295814431,1.898117417704342,0.05768061620050886,0.12244266744007763,,0.0
SLC25A30-AS1,1675.2664638658302,0.4838931914139635,0.2358839461198468,2.252033577936094,0.024320150166650095,0.05592627261056168,0.045447939559742155,1.0
ACVR2A,112241.53110305182,1.6324986137040738,0.14274964430912254,-0.20378718066911908,0.8385198109765768,0.9125541523865093,,0.0
KLF14,1816.439453438735,-2.081157271380686,0.5155733515573627,-4.400113717275891,1.0819416454609793e-05,3.842546128193684e-05,2.0218632768767815e-05,1.0
CCNT2,281645.90922924975,1.949299894849425,0.11763736469186692,-0.3548824150464758,0.7226776829132568,0.8422990046760858,,0.0
KDM6B,332263.1722587104,1.696528999256443,0.13902931560919918,-0.536492085921666,0.5916185040517603,0.7505249212355031,,0.0
ZNF17,60966.55376703628,1.0931350325717597,0.13934501535658553,-1.093944890722037,0.27397914885582575,0.4419218227348487,0.5119946921587739,0.0
SOX5,73387.44339722858,1.6309521933978424,0.27763076482641963,0.5890254176688626,0.5558442230117946,0.7199464962130476,1.0,0.0
CEACAM22P,461.9989792825977,-0.8332153247224658,0.6504365504191572,-1.888089787650104,0.059013897619513915,0.12484862252527987,,0.0
LSM3,168110.11765652144,0.6628280047545645,0.1711013536108076,-7.241591726241688,4.434490865143967e-13,2.9388794234913e-12,8.28689261522977e-13,1.0
CARD6,72576.41775282977,1.446633110983737,0.2567965405710748,-1.11125346515348,0.266459263616879,0.43273058480556975,0.4979420120768678,0.0
RAB8B,209973.35814302135,2.010785188730272,0.12314980259808805,1.323609511814887,0.18563276452772648,0.32824024216031467,,0.0
BMP8B,31143.915208045266,-0.4722226242882401,0.3496063031818947,-7.5195004491718045,5.498592962809384e-14,3.9029075334031947e-13,1.0275418487344236e-13,1.0
OAS1,281347.6022070145,1.4729689974762672,0.29771690529808026,-0.7899398985258156,0.42956286887577066,0.6101771251537347,,0.0
TXLNB,76292.02576088367,3.250558162224781,0.24337177365611698,8.448340590723223,2.9547234098236884e-17,2.660315834034049e-16,5.521597935261395e-17,1.0
EXO5,83154.2139088278,2.261598969214512,0.1792494045813831,6.431509039402463,1.263432672217802e-10,6.983819760035793e-10,2.36102208791038e-10,1.0
LRRC52,49.43333980106935,0.1561178758992429,0.04107773056718619,-0.6138759201123318,0.5392973235237135,0.704909423397331,,0.0
SCNM1,163762.27297537858,2.371473449070238,0.18052596831334083,3.7393919899579293,0.00018446588648386047,0.0005644678718676367,0.00034471803842926356,1.0
BPIFB9P,429.77451593108265,-1.6171581819567584,0.42616269512738264,-4.209773608624811,2.5562670450770012e-05,8.64253479313246e-05,4.776988191566857e-05,1.0
CYP2G1P,2845.2203198511697,2.05341126658259,0.022765646822186375,-12.819316993428401,1.2782150318859932e-37,3.649851722476748e-36,2.3886464152334737e-37,1.0
PRRX1,652719.2943077509,5.696266241030969,0.2220083855375543,12.012573260528852,3.0519810509991e-33,7.093371772950001e-32,5.703346788273187e-33,1.0
TIMP3,7294738.6418987615,2.1029705147940683,0.05332697704927638,1.3875474438679876,0.16527489461304445,0.30013624276390855,,0.0
ZNF518A,203888.0995386205,1.8768398961563653,0.12466329398889427,0.16119472131375778,0.871940038533146,0.929614404970764,,0.0
ULBP2,5610.607170811969,-2.1225344557458956,0.39355865921346017,-5.927062805920739,3.0840104668107305e-09,1.5258218121438832e-08,5.763201309892753e-09,1.0
MAFB,394319.89034624177,0.7525407288013015,0.15153623141207526,-6.860098694026212,6.881299019992108e-12,4.2347107392734684e-11,1.2859331040725717e-11,1.0
RNU6-892P,215.98975865676758,1.7468117465685566,0.7720753773407439,2.9594204466790264,0.00308218269262724,0.00812324204380713,0.005759785682519939,1.0
PSMD12P1,4448.488539775999,-0.045726510551470034,0.25277064165257673,-0.4943865367319168,0.6210332203626059,0.7712691104879611,,0.0
CDPF1,44301.095758975905,0.5032259385903275,0.1517525990110276,-0.33797786729590845,0.7353798667152944,0.8510491822962776,,0.0
RUVBL1,638325.9125621266,2.41385929504848,0.13807052059096828,4.70723012249228,2.5110538884139077e-06,9.571118444244315e-06,4.692496739119034e-06,1.0
MEF2D,572153.7388521704,0.6810972620610192,0.10071240842386664,-11.482102577232943,1.6228531599313963e-30,3.155407486450267e-29,3.0326840838358968e-30,1.0
SKP2,85225.03325657496,0.7050404635344937,0.2771029656964013,-3.0728168123168773,0.002120486142256545,0.005709089037099114,0.0039626287407838285,1.0
KCNJ9,372.3453024878662,-1.393463243023036,0.04478222476261531,-3.693323504924709,0.00022134215013504144,0.0006727778127888091,0.0004136300389771137,1.0
ZIC1,29307.87365797424,1.4892894066544515,0.5697345502645602,0.48916944063051065,0.6247217427364242,0.7743943953352774,,0.0
SPTLC3,127935.81409215866,1.4697917050603637,0.21751552272093694,0.5668702197842856,0.5708023583643906,0.7332389163873676,1.0,0.0
LRTM2,992.5695476525849,2.1284285645603616,0.22435414148528213,3.8578650619542616,0.00011438176301494334,0.0003576756381637496,0.00021374931555185936,1.0
PRKAR1A,1693743.1653845683,0.8833231157785552,0.07700386117604098,-7.23960257613153,4.500014259778484e-13,2.9783538087567003e-12,8.40933854005725e-13,1.0
DCHS2,15170.670865294835,0.6735294223701814,0.4095534734642444,-0.3762974979514569,0.7066957391989657,0.830744193697918,,0.0
LINC01144,7832.626897701839,-0.06857524713224686,0.1871055133279394,-0.20149489200701484,0.8403116231172597,0.9125541523865093,,0.0
MICOS10P3,4778.678448249181,-0.2661934992259985,0.21207800997362217,-1.0134613620509778,0.31083984258124286,0.4863076685593208,,0.0
FAM227B,47952.56342791018,0.7566508853934563,0.15082208818571877,0.8887940928591082,0.3741137511501458,0.5577301947994241,,0.0
KCNK15-AS1,5909.060168038858,-1.477408232754403,0.3127905548844756,-4.845968942144063,1.2599522706284771e-06,4.934154777688479e-06,2.354518136249252e-06,1.0
CFAP61-AS1,118.94721816249793,0.3529112526796951,0.7245232780534738,0.8668174129139786,0.3860420597427314,0.5705566910779145,0.7214106853157924,0.0
OR10AB1P,375.2045719627755,-0.6362423176401375,0.682525316762887,-1.4794000057850063,0.13903343859195,0.2612824718480535,,0.0
CCN1,1774283.3553042493,1.6726905108887302,0.11785845309931185,-0.7187581081712306,0.47228997324768374,0.6506845867986423,,0.0
APH1A,1082565.8251659437,1.020635954529385,0.09786048579886236,-5.317219692511429,1.0536482275603536e-07,4.590305312222395e-07,1.9689903489600176e-07,1.0
GMPR,42561.8784085948,1.3967731825050163,0.30202089472543076,-0.16280105628775693,0.8706750765675074,0.9293214220223966,1.0,0.0
VPS37B,224207.43056538375,0.7780256124783337,0.1708802141605807,-7.271098504334146,3.5657579461866493e-13,2.3852868081786728e-12,6.663460155981558e-13,1.0
CEP41,261199.26945923938,3.200063224488683,0.13652466744927516,10.36960566515538,3.409287132067924e-25,5.055254539745821e-24,6.371057516433589e-25,1.0
PPIP5K2,270387.3298301737,1.9555770840784887,0.12067327008583255,-0.18945290358636643,0.8497378640750494,0.9178919447068025,,0.0
SYNRG,547204.9615958466,2.678800328075624,0.09844739978249785,8.166932316497942,3.1633025474563896e-16,2.6477425175275674e-15,5.911377273612407e-16,1.0
CRTC3-AS1,26919.437167583983,2.286103936174555,0.12962512686253774,16.59173901119789,7.997089061480233e-62,6.445395812938182e-60,1.4944448032990548e-61,1.0
SOWAHC,111624.26838442877,1.3907008496912476,0.22303224063614938,-1.0011661743016513,0.31674647685257895,0.49369374448918807,,0.0
SNORA11F,1078.1401648713231,0.4389098256133791,0.3060393349642692,1.5498724337132976,0.12117213723644836,0.23333224268613967,0.2264387321505357,0.0
RPS3AP26,3976925.392603577,1.748950320334825,0.04571488462419616,0.477599404642591,0.6329353547081277,0.7795429986153936,1.0,0.0
FAM136BP,51.53294109395356,0.8202812842013293,0.042645698663283264,-0.6440190972047893,0.5195630503505154,0.6915897847757714,0.9709261640245047,0.0
MAN1B1-DT,16029.570542394707,-0.10295811224877753,0.21780136642394138,-0.0808292532993075,0.9355777434103268,0.963140087313845,,0.0
UBE3AP2,831.3763936534657,-1.7168914253375431,0.3679087402967218,-5.117072006753497,3.103151764193723e-07,1.2976108255795845e-06,5.798971340940926e-07,1.0
WDR91,140450.47489684276,1.709282681917675,0.20091655601631106,-1.1323332138977276,0.2574943713689416,0.4222840084445688,0.48118899541159355,0.0
ECD,123637.13968373524,-0.022160412217939383,0.21923870304205603,-13.066961192435748,5.0856842125889304e-39,1.5687138277967214e-37,9.503801050974901e-39,1.0
RBM24,89154.17196081886,1.5405407394102315,0.35944890019989295,-0.19673077136202113,0.8440382285765219,0.9150920000427164,,0.0
ATP5PF,311963.7244261204,0.6856146586218225,0.14573064862502758,-10.045307130811421,9.634707367534487e-24,1.3118428532852816e-22,1.80047242765781e-23,1.0
SLFNL1-AS1,71861.08344284681,2.841893590564231,0.1555078923737445,12.817647597961853,1.306030532304417e-37,3.708087823821121e-36,2.440626241557656e-37,1.0
GRID2IP,6377.293699024062,-0.1674034480561027,0.32487877542824606,-0.30448996813747403,0.7607546344158136,0.8633865337669363,1.0,0.0
WAKMAR2,16325.383139704663,2.297798620058214,0.24785642777747618,6.19740170387691,5.740286477138139e-10,3.0257607095210216e-09,1.0727079852752162e-09,1.0
INPP4A,108293.9765676243,-0.17988601130029108,0.13331206270725277,-19.36648100017864,1.4803606184513226e-83,2.6419150037147355e-81,2.7664031452510322e-83,1.0
PODN,1258523.5667520936,1.8876484825714084,0.15921717695647783,0.3571997155389623,0.7209422988356934,0.8413708430126021,,0.0
RNU6-890P,191.10132564535496,-0.8160437612359702,0.8173357706496,-1.7362744982775924,0.08251531013364875,0.16768157980392143,,0.0
SCEL,7428.492672623867,-0.03219724414433223,0.5357582267542319,-0.40670141172905905,0.6842273035120487,0.8160104619689039,,0.0
ATP5MC1P4,1081.1589726860543,1.8078204663071882,0.5340199407529296,3.8815840801554313,0.00010377825875960003,0.0003269734924474914,0.0001939341656775323,1.0
FERMT1,42130.39711289238,0.9674899098916658,0.41843970786763945,-1.4951116936284676,0.13488529454982146,0.2550214971114104,,0.0
HERC5,97192.90060713878,1.193252887792425,0.25050144744205355,-1.9091308514069167,0.05624521375698168,0.1197007381361318,,0.0
ATP9B,136499.17585802256,1.498784609179061,0.13762812381787912,-1.8905737063690988,0.05868127292745696,0.12440828206130776,,0.0
LHPP,105281.86288317092,1.5865764245252783,0.24961443439224776,0.16224747583749446,0.8711109747354224,0.9293214220223966,,0.0
IGDCC3,10649.664027637229,0.31605545905904864,0.6325360451837145,-0.20219903070593306,0.8397611308650893,0.9125541523865093,,0.0
CLCA4-AS1,243.38331241446696,-0.7036833991345999,0.5665911280960851,-1.7035305455854757,0.08846882670682805,0.17809085746514436,,0.0
GPR39,32710.737707198736,1.148612556171167,0.40115692092394445,-0.2074911916596709,0.8356262710332947,0.9111116029573147,,0.0
MFNG,99022.41865604527,1.6425392532281613,0.2248075007590397,0.7681243890494092,0.4424132885744595,0.6222176197598014,,0.0
SPTBN5,66419.50024916457,1.169135452430111,0.2928453491758595,-1.2126765962448103,0.22525349114512994,0.38026746461223454,,0.0
CCDC6,490907.7839504403,1.048649215670673,0.21803792531650673,-4.031351153326905,5.5457113539366e-05,0.0001801815320911651,0.00010363470319978007,1.0
EVI2B,194750.96594904974,2.8526709795516987,0.2367393600508095,4.502584210938057,6.713214104786978e-06,2.4326273300667535e-05,1.2545224712647916e-05,1.0
RPTOR,209985.00986542535,0.6189229242956984,0.1747784039818421,-6.747867741370414,1.50033610150994e-11,8.978658082928348e-11,2.8037320490819638e-11,1.0
GPR180,395347.9974004918,3.3216882396235756,0.17231698915618418,8.842653597449294,9.347167386344761e-19,9.230789610585922e-18,1.7467387969171565e-18,1.0
TMEM182,19858.765832476598,0.24304080281765555,0.27647058482215314,0.09797732086515372,0.9219503020348303,0.9567986831293971,,0.0
ISYNA1,592801.0851487292,2.2587420397187246,0.16969745503646522,2.9598942807305297,0.0030774462799844126,0.008115039082365228,0.0057509345778167945,1.0
TUBB2A,163035.77821504697,0.035858245516912,0.4356077034890647,-7.95356763611986,1.8121577273795503e-15,1.4305453655158946e-14,3.38644433945984e-15,1.0
RPL34P18,130443.13488008935,0.21726151097763105,0.19652908402849226,-8.150396317427896,3.627335259282492e-16,3.0209657151057687e-15,6.778531896273229e-16,1.0
SHOX2,96525.67437938723,1.2837706841839336,0.27515951568211205,-0.48729821025570635,0.6260470158624343,0.7749212133427258,1.0,0.0
TNPO2,492047.04122672963,1.438889756398242,0.09685121486959332,-6.009827004459609,1.8572139782404768e-09,9.38371916002797e-09,3.4706425763903003e-09,1.0
MIR4707,4001.370880525393,-0.6485003332241647,0.1582741491657585,-4.410189921894548,1.032799974922972e-05,3.6758557512037684e-05,1.9300304692184333e-05,1.0
FPR2,2775.0086296238665,0.3742693524879933,0.45908507586552844,0.9879153648221793,0.32319409987904935,0.5010763907032696,,0.0
CNIH3-AS1,1036.1774711992723,0.8114575338442177,0.3233005423827524,2.7629730669080064,0.0057277492567332075,0.01451397719873014,0.0107036510979416,1.0
BAAT,392.63231119529064,-1.2979489773439328,0.7083567212830081,-2.5177408799049417,0.01181101768969065,0.028511910819026175,0.02207167367067471,1.0
B9D1,37233.7467479122,0.8677789548519148,0.20662080338492864,-3.0836592089450017,0.002044716714872541,0.005514159541513089,0.0038210356859454332,1.0
TEKT1,1469.751867305628,-0.18220121238529394,0.5278586848407093,-0.47293505220513693,0.6362595162953311,0.7819451064751032,,0.0
LRRC70,35633.632746254945,1.1647075270535774,0.37238984539374326,-0.22001008977973158,0.8258632967159857,0.9056043216347994,,0.0
MIR9-1HG,3716.4439368147773,-0.16236798224630744,0.47666895783158286,-0.3384890397453512,0.7349946851925221,0.850965811377904,,0.0
LINC01629,32.260995011778675,-0.5143034375207348,0.04009947058111525,-0.6183672350696651,0.5363332907958674,0.7034782396027814,,0.0
LDHAP2,12232.854916122471,-0.9565683543612924,0.2228120555261206,-4.6118585364534255,3.990845677395684e-06,1.4804941239752217e-05,7.457836892276078e-06,1.0
EBLN3P,279793.30564178294,0.618574464353707,0.1403832292602313,-14.714365993253875,5.2132533352326636e-49,2.4576063128450586e-47,9.742194059894397e-49,1.0
AHDC1,304814.38677123573,1.8597184474418158,0.13579394563156685,0.9338461154023183,0.35038327767926347,0.5307260498827765,,0.0
PURPL,710.9825404713995,-1.7443923170444346,0.8382636608486173,-2.8918679745601295,0.00382958838772527,0.009972096494769763,0.007156489593666109,1.0
TOMM40P3,115.4389360570007,-1.2801696818288206,0.7835798448682751,-2.3902404102822454,0.01683734721531001,0.039669524233737596,,0.0
WRN,111002.34873423053,1.2522033860692867,0.16357280882344413,-0.8395341715368779,0.4011696218713796,0.5841039045720524,,0.0
CHST15,292649.87725234433,1.526546605385807,0.15215813766875408,-1.791292726834427,0.073246332666686,0.1517462372866625,,0.0
IGFALS,11812.194249187964,-0.20186441783840217,0.46887966410004256,-3.2014173355858557,0.0013675330744545974,0.0037712818835814697,0.002555558254693202,1.0
TMEM81,12204.293268411615,-1.898432205197059,0.2065190135773245,-8.541743328609755,1.3221184310567655e-17,1.223449222220492e-16,2.4706902767354737e-17,1.0
NGF,12317.588368287561,0.8392658822082538,0.3915792578804773,1.9838474885400073,0.047272844323863986,0.10243816265669921,,0.0
XYLB,35324.382188674375,1.028872867751579,0.22283432160066988,0.24025978912449142,0.8101288657228749,0.8971226778033226,,0.0
RPL17-C18orf32,1312802.084054802,1.983093482210299,0.08343017780255198,-0.7428392529593911,0.4575790073700401,0.636823142725896,,0.0
MTRF1L,67046.13010583303,-0.3985009983750304,0.13880192890491572,-13.32825148797167,1.5857070015121997e-40,5.112114765520298e-39,2.9632677212253034e-40,1.0
SNORA12,412.3065832360791,-0.29366497015360266,0.5176827586862737,-0.7557751765850815,0.44978400226935633,0.6292191095576635,,0.0
ITIH3,17460.405455480028,0.6611004406162502,0.4304203321800902,-0.6814588609227785,0.49558118922195304,0.6718446018833694,,0.0
CCDC25,207848.02548233286,1.5751819424597469,0.15137733147713112,-0.600703043302016,0.5480377916963106,0.7133484879152029,,0.0
DNMBP-AS1,10589.725127509326,0.4701159354988028,0.2586787206765851,0.8315870238259354,0.4056420889818243,0.5885579322422113,,0.0
PTTG1IP,1439272.703638506,2.78430517976295,0.09227099798812577,3.135087317583706,0.0017180296570529993,0.004678470951658767,0.0032105438280829613,1.0
BCAT2,799110.3454973502,3.4710258253479105,0.13283389498769893,9.060318875322194,1.3006974774199707e-19,1.348461679391617e-18,2.4306601700327576e-19,1.0
GPR62,1413.008286334542,0.08804198195176902,0.29251727645805425,0.46624473858187887,0.6410403292733762,0.7860806197249228,,0.0
NPC1L1,18332.91444187742,1.1387964251406812,0.43625374823251134,-0.6528289884839127,0.5138665329672103,0.6865751511329278,,0.0
PPM1M,161305.5002896266,1.4677613258652056,0.16943107384139994,-0.9488808013533582,0.3426812400336663,0.5230276160793463,,0.0
RSPH1,26557.737600819964,0.9126016852873993,0.40115875494024766,-0.40385781770522716,0.6863172769069316,0.8173489790605072,,0.0
PPA1,2618223.287213345,3.4747206516376012,0.07451491342375485,9.399073101099315,5.504583612022293e-21,6.265695742431753e-20,1.0286613429048391e-20,1.0
DNAJC9-AS1,291029.75903586677,3.3237561259369928,0.12259694368994493,12.684787283128196,7.1808537950906344e-37,2.0046215873780952e-35,1.3419119825754639e-36,1.0
BTN3A1,368920.80799880915,1.4312919698634632,0.17237502098679602,-0.9919317455218428,0.3212308219581137,0.49850634078406647,0.6002955936143209,0.0
CHD5,4079.9213933651054,-0.3710297591426912,0.39546397601514016,-1.0324848735542491,0.30184503019332987,0.47626132487403516,,0.0
SNORD64,210.24476766901535,1.1176673836318811,0.626837414021824,2.3637776728052113,0.018089664847989455,0.04231931425346596,0.03380480749641111,1.0
DNAL4,113680.64682402866,1.373472547154176,0.1807345564649429,-0.6091345871863658,0.5424352336940768,0.707530373993553,,0.0
LIAS,68385.54488285774,1.1574239717511698,0.13132395358532223,0.45381285344491284,0.6499635315180401,0.7918244249156617,,0.0
IQCN,191261.99247423437,2.5408176860622746,0.24937361621856363,3.2508272600568935,0.00115069749324181,0.0032051479229260453,0.002150349803189725,1.0
NFATC4,315962.26656465384,0.4444282224362768,0.2535264690906823,-9.56262860921532,1.1480310142402837e-21,1.3594101843977956e-20,2.1453668579501487e-21,1.0
ARHGAP22,43632.29435108924,1.8179107301895117,0.28440893896518554,2.708512697123185,0.006758552598492677,0.017039600067945464,0.01262995038693639,1.0
HEXIM1,310075.41358829604,1.7544545385928079,0.13864336865559215,-0.09115877507080743,0.9273664312432659,0.9591499426041799,,0.0
SFXN2,110885.91726446939,1.3478440961623885,0.2194680652695786,-1.1334933696638758,0.25700712399142756,0.4217617729343722,,0.0
URB1,655327.8549327478,2.6786772418596874,0.1248666131628661,7.41682899962952,1.1995766185821504e-13,8.256590031756207e-13,2.2416919831918499e-13,1.0
MSANTD3-TMEFF1,20765.142125732655,0.42694900863039936,0.2552168013899715,0.8818654513911395,0.3778495720112255,0.5624409625677967,,0.0
SLC4A4,21544.999073877647,0.11045099010421705,0.45470008565987846,-4.430133685491659,9.417468958160536e-06,3.3613637417091574e-05,1.759876304559768e-05,1.0
LCMT1-AS1,1422.9171163291408,1.2490661779989625,0.3093814533697499,4.299699382257459,1.7102994650395542e-05,5.902186758841611e-05,3.1960981401655396e-05,1.0
WWTR1-IT1,420.77741256632845,-0.5620437648260584,0.5809559662054751,-1.4662780792148538,0.1425725448589649,0.26678081922649344,,0.0
ZPLD1,12022.23849640423,2.5728395886020223,0.6624269445195673,2.365630047867579,0.017999420493377053,0.0421279176606113,0.03363616462431007,1.0
ZNF300,37472.87100495018,0.05786654033494179,0.27294162239365605,-5.449384311063375,5.05444884927295e-08,2.2713202248036805e-07,9.445430403820842e-08,1.0
ZNF433,51496.98907895757,1.6856261875715453,0.19841580347826754,3.5693064985314096,0.0003579274764417042,0.0010551997638815315,0.0006688719520490635,1.0
ARL5A,234396.3504732855,1.658673172486159,0.14168926491523118,-0.029506397786225637,0.9764607164689834,0.9870074448253369,,0.0
YOD1,97138.78800588124,0.3497061905272069,0.21344090158540174,-6.174296210864002,6.645884085538273e-10,3.4737952693969406e-09,1.2419402683408659e-09,1.0
MTMR11,153489.40421601792,0.8248418507321029,0.18850793277222053,-3.8802666668752672,0.00010434200235077882,0.0003285425241000893,0.00019498765360764466,1.0
MIR7844,8330.855053472513,2.2451953855733677,0.3478824329224086,5.791326679450806,6.983259851675903e-09,3.384611976607613e-08,1.3049868915042816e-08,1.0
SNORD9,393.81037459315604,0.709246299739203,0.6502740282792452,1.6857644723720648,0.09184117327603665,0.18360447844574707,,0.0
CDRT15P3,6541.391695472745,-0.2236959780828984,0.3461347483187658,-0.756049935939843,0.44961925668175706,0.6292191095576635,,0.0
KRT8P13,4905.6905585880795,1.166168606651016,0.5629204028218945,2.618409234623331,0.008834078968249458,0.021918516685373656,0.016508561183374175,1.0
ANO10,267200.7764869131,1.6766994389253158,0.14089765504653382,-0.41502085245859704,0.6781266381075757,0.8116404336822888,,0.0
INAFM2,96606.41527384093,1.110704532721909,0.16820858909955175,-1.513055908991946,0.1302654579312698,0.2482855048607251,,0.0
VEZF1P1,2903.374257286042,-1.4376973339232795,0.3210750142313601,-4.616250566395279,3.907351463678141e-06,1.451474142048497e-05,7.301808251308778e-06,1.0
GAPDH,10677927.438296026,1.4799166641003436,0.037288346252094366,-1.5935381574756102,0.1110395153547932,0.21657472998747138,,0.0
ERAP1,452011.00511151773,1.6863503461619689,0.1257576278127687,-1.6856805057295101,0.09185735363505457,0.18360447844574707,,0.0
SERPINA12,2190.250341966658,-0.27990004108736916,0.5749024990498343,-0.644543269962922,0.5192232083381934,0.6915897847757714,,0.0
STK31,9470.09035444222,0.15087960984711737,0.38677173045449914,-0.04966734357081976,0.960387480382357,0.9780020867068755,,0.0
RPS4XP2,88816.17244003268,1.2036834537424874,0.2303101046780462,-0.35532049345397954,0.7223495042957003,0.8422990046760858,1.0,0.0
BCL6,1391239.641844875,2.9703955564734636,0.1595133751953907,4.275224908263114,1.9094443785652917e-05,6.539748841460426e-05,3.568247404521601e-05,1.0
TATDN1,219046.07008584813,0.6286171356399192,0.224027118976284,-5.5761450220782685,2.4590694829194817e-08,1.1335765872830858e-07,4.5953516103772065e-08,1.0
MIR1182,8176.6524968550775,-2.114372225510788,0.36986916709164847,-5.728639563148053,1.0123924335868274e-08,4.80886405953743e-08,1.8918941625405298e-08,1.0
C2CD4D-AS1,5199.814421620418,-1.1201444068654633,0.2577347146361212,-4.611251306631289,4.002523040374758e-06,1.4826247318571286e-05,7.479658800580653e-06,1.0
AK3P2,357.48256838232595,1.2175759924494063,0.4965436301066631,2.9143810257597504,0.003563946251936372,0.009319225233346965,0.006660074577758433,1.0
GDAP2,76589.05196194598,0.6064576733930678,0.17955507340404103,-7.789309149093231,6.737656912768047e-15,5.116728205638591e-14,1.2590901867278209e-14,1.0
FOXK1,478643.6314337007,1.6391505786923923,0.12054483017182631,0.1277911505148873,0.8983142535085753,0.9448276835997371,1.0,0.0
MDGA1,42821.7482915573,1.2391347687579883,0.29504452180695373,-0.9235509187742,0.3557201779558242,0.5363710709852907,0.664747093958584,0.0
KCTD9,203221.07321213846,1.8536338207580043,0.15056162452667549,1.7538102352516856,0.07946302867193578,0.16254750933816614,,0.0
ODAM,5099.17702083311,-2.0778753700523644,1.0234963137849982,-3.123387176183136,0.0017878239419660204,0.004863231485032229,0.003340970919223711,1.0
PRECSIT,23266.23556083149,-1.1778930727916324,0.3161752572248963,-5.35942101406623,8.348908563547113e-08,3.6596049203548185e-07,1.560190579358449e-07,1.0
METTL23,119918.2777861235,0.4515776655691234,0.15545762760770485,-6.497828271384595,8.148774386128569e-11,4.585520901743745e-10,1.5227907856202116e-10,1.0
WDR19,228089.5437986128,1.557387955441652,0.16274699038831233,-1.0167370919444816,0.30927851549937113,0.48462362557239186,,0.0
CRYBG3,262593.67821658857,0.9332291317064362,0.1885963737006615,-5.154696596373233,2.540419126114993e-07,1.0712636601853688e-06,4.7473726152567764e-07,1.0
EI24P2,2320.2492460046806,-1.5318596011960557,0.20460399289478334,-7.758151167617253,8.617639794323142e-15,6.485293080155533e-14,1.61040935124281e-14,1.0
FAM86FP,5103.302564465559,0.17442126774680353,0.250413950340734,0.5848228367892261,0.5586668472442364,0.7221050790686626,1.0,0.0
RSAD2,611471.6714854068,3.2605177405996124,0.1822099798475438,5.963083861787739,2.475213031449035e-09,1.2331644584397635e-08,4.6255196402957465e-09,1.0
PGBD4P3,221.19245666138613,-2.2175230226972973,0.5324153606552998,-4.624377584693949,3.7572489889558763e-06,1.4032117487154344e-05,7.021306356698771e-06,1.0
CHRM3,20689.01305466214,0.23789924827427522,0.44683507566526626,-3.080795186313059,0.0020644860446150833,0.005564313249698798,0.0038579793436580296,1.0
ZDHHC22,100.50988246938986,0.7189030841360546,0.05929552408163027,-5.884259156068403,3.998409101411509e-09,1.9646067138400503e-08,7.47197093483669e-09,1.0
MAN1A2,225385.05999657186,0.6449953902582872,0.18682846969548972,-8.371836068970277,5.672732461649738e-17,5.008241008986527e-16,1.0600839233681278e-16,1.0
MRPS28,122505.79252851402,0.2774596592314294,0.22505044905500965,-7.68526764246342,1.526774716567558e-14,1.1269266260986834e-13,2.853138840197489e-14,1.0
PRKDC,1380776.1159098523,1.0581294883293835,0.13561343101774834,-3.5280813045103487,0.0004185835665207383,0.001222479299768632,0.0007822221697472436,1.0
AADACL2,1033.147279000187,-0.15949354224578627,0.6888649822170142,-0.26992609759427044,0.7872171091632338,0.8820008732037398,,0.0
NSFL1C,369361.80110118573,2.430176267379515,0.1377275941755435,-0.4717295410642212,0.6371198485354881,0.782617473729556,1.0,0.0
ARIH2P1,4538.633066923031,-0.10295898300214174,0.19311166619986067,-0.6648645358937934,0.5061371405515762,0.6807987325265751,,0.0
ZNF200,55424.20041978776,-0.03244335389981425,0.1454266110541825,-10.278968259323843,8.76609476565414e-25,1.2770896660050652e-23,1.6381516658180156e-24,1.0
SAG,701.1926572721728,0.041133237470070014,0.5889268484682942,0.12107177600465228,0.9036341841826466,0.948426804948684,,0.0
CCM2L,60916.06565897852,0.012513348959490312,0.39456759961029947,-5.889879722940455,3.864767978538247e-09,1.902684294458682e-08,7.2222309606415935e-09,1.0
DPH1,370029.22041757795,1.7422412523779844,0.13151154938438528,-0.8402131974383593,0.4007888600602112,0.5840600564948601,,0.0
PRMT8,159.59222292762902,-0.530225442117503,0.06587878826649006,-3.777193954173527,0.00015860521748146803,0.0004883242586290177,0.00029639127589936267,1.0
UBE2B,399693.9413824135,2.034786695575976,0.11039014919616608,-0.8532749858698008,0.39350682830077677,0.5786797001233024,,0.0
AGO3,169023.53688054718,1.750271667367689,0.13092184275979155,-0.4185112702029738,0.675573348220222,0.810136794110019,,0.0
TAF6L,148852.71852883563,2.008001600324484,0.16167252928618955,3.806762505042579,0.00014079783487158358,0.00043510623429394134,0.00026311397937670277,1.0
ARL1,503735.9447643569,1.859172522286502,0.11687443324186834,0.16903990284320045,0.8657652550720336,0.9279981582822017,,0.0
SPATA46,2072.342389781578,-2.211323220414536,0.40173366341217154,-5.882256037319243,4.047116233554918e-09,1.9865854439168885e-08,7.56299170496407e-09,1.0
CASKIN2,442945.3889642229,0.9970559627899823,0.14264743432028648,-4.3266526063102715,1.5139244382977415e-05,5.257178886847682e-05,2.8291250628922266e-05,1.0
RCSD1,99165.42524871074,0.0557573016383342,0.23679266916093034,-8.139193101077622,3.9792089533267897e-16,3.3085036838226237e-15,7.436090927364984e-16,1.0
LDLRAP1,209486.11155817163,1.754034197124452,0.1457186252901222,1.075080584711851,0.28233865110508716,0.45144180730401134,,0.0
JOSD2,219383.63863459026,2.538085280745026,0.18651316695062528,4.506127211297007,6.602151612630016e-06,2.394118404086516e-05,1.2337678237962673e-05,1.0
ZNF648,2494.613434018259,-0.741010275075486,0.7728193104755741,-2.000515987639709,0.04544457529564853,0.09894838464154931,,0.0
PI4K2A,208954.48526903713,1.6304719434474173,0.12843499573482575,-2.423322034416924,0.01537928660184174,0.03642194082910103,0.0287398261590887,1.0
KRT222,4579.16802268862,-1.3038552152038982,0.4620923580539152,-3.2433532880374902,0.0011813163208915154,0.0032794653641638346,0.002207568307963688,1.0
TMIE,3278.141842085343,0.21117735939498003,0.3065174546857461,0.8393137232815133,0.40129328428261024,0.5841137610137499,,0.0
SUCLG1,329079.9941508755,0.6545393126325009,0.15474431009999964,-9.99896638891659,1.5399595361735055e-23,2.063050349131101e-22,2.877777786933062e-23,1.0
SESN1,534337.1508077946,2.7772991164140026,0.15573785502256662,6.120604607338882,9.322096003374048e-10,4.842257144372154e-09,1.7420536173844472e-09,1.0
ZC3H7B,581891.6333752944,2.11762117670052,0.10262920953815574,-1.3344900704415483,0.18204329890976745,0.3234958622518165,,0.0
PFN4,2227.1426486720593,-1.9357682986480562,0.22942664719793338,-8.858897498399756,8.080962873693528e-19,8.012018150763206e-18,1.510118604332332e-18,1.0
LINC01929,4486.194422279327,-0.17926506073365192,0.4885807728890217,-0.205690711626616,0.8370325144728804,0.9117025386414627,,0.0
MIR4724,1578.9062570057172,2.0191843235817997,0.6805825543263629,3.566020741594761,0.00036244269862964717,0.0010678809935450158,0.0006773097101916032,1.0
RPL22P16,2314.4642820568674,-0.051809658351467655,0.19614789607896646,-0.34264818907899125,0.7318631445989494,0.848853889222411,1.0,0.0
CHDH,210803.323595595,1.5036573833855882,0.25526882886513225,-0.28513850207089586,0.7755380334748738,0.873616671161845,,0.0
OR5BT1P,217.98157033205175,1.6791437332035193,0.9117267396596896,2.679845369242096,0.007365617652415301,0.01846763241802271,0.013764394693013934,1.0
RPL24P7,15862.355765520435,-0.25913726265836623,0.2109123655261792,-2.515182252997593,0.011897086467920993,0.028705814138194688,0.022232513492969782,1.0
SBF2-AS1,61213.57462794117,1.1906051194599332,0.13391341984928412,0.6579339654476589,0.5105805641603256,0.6836471273068454,,0.0
SLC27A3,269690.66511737916,0.8243899301092571,0.20320012236308319,-4.580710725573414,4.633984351984264e-06,1.7013974876462432e-05,8.659693271079044e-06,1.0
SV2C,2679.257496047009,-0.28655291357995116,0.3333691699724771,-1.0173098021681215,0.3090060750181297,0.4843486062941011,,0.0
LRFN2,3719.1465609968195,0.07196785508178666,0.6111833556810256,-0.5308880943590725,0.5954963284654006,0.7541041949674625,,0.0
LRRD1,405307.0173567933,1.842384301418902,0.15625856053762674,1.1556627880433636,0.24781911470182483,0.4101861928337259,0.4631084952000818,0.0
GJA9,2106.552402989495,-1.7997236696857495,0.22628527668889453,-8.305383277185484,9.94977408449249e-17,8.631774496564056e-16,1.8593500785418462e-16,1.0
ARTN,27230.330758062286,1.8108289740924692,0.37016350652874863,2.549587651226371,0.010785039647342324,0.02625077599501685,0.020154391592284816,1.0
HLA-L,145437.22838617355,1.2448042790171183,0.1770134550839185,-0.6840096433318047,0.4939690764292699,0.6709332630924332,0.9230977841873829,0.0
ZNF274,566981.9628448688,3.20601837979431,0.0919614975559992,12.95412984452758,2.2264639571011844e-38,6.622404996211083e-37,4.160673296048847e-38,1.0
HOXD11,3205.549931219023,0.011285854352189281,0.4802092400309963,0.12960550898682996,0.896878544472935,0.9441125103710252,,0.0
CLIC1P1,6993.19161670143,-1.2796276113962364,0.18853301575977674,-7.189853216570693,6.486101387948573e-13,4.248177122449826e-12,1.2120811008069941e-12,1.0
CXCR5,280474.0763350169,1.6502580705075005,0.1377742756108799,-0.7373139121716812,0.46093147380615396,0.639976264131523,,0.0
PAQR7,82666.89803653082,1.1028163918558203,0.17619705184858248,-1.1956256275545454,0.23184268600416158,0.38876439663181056,,0.0
DACH1,110512.31731813934,1.1478626965954897,0.452282229728876,-0.9277920240887682,0.3535154621237714,0.5340324651296833,,0.0
PHGR1,879.0025272597373,0.10570500714064034,0.10383422053142576,-3.937611874440771,8.229656609352763e-05,0.00026293858105457647,0.00015379055376565353,1.0
SEC16B,73525.80840716793,0.39306626272154455,0.2886091179086991,-4.7911317409514504,1.6584318462649061e-06,6.449170378043374e-06,3.0991712549684873e-06,1.0
XIRP1,8656.110164693155,0.9265233937730444,0.5197128000668119,2.0983460320070204,0.03587458894799411,0.0798865066725163,,0.0
GRIK3,71584.44068062873,1.2737575823290659,0.4312002383078599,-0.8131335693006115,0.416141481661914,0.5969323797304947,,0.0
RHOBTB1,109556.5135968849,0.5884402620700439,0.1911049021176513,-6.098577521869574,1.0701649563186425e-09,5.513004419303358e-09,1.9998557541975533e-09,1.0
TLR4,172886.97654437242,1.5970658568771874,0.25113830009298616,0.5651423388992909,0.5719769525857099,0.7338045781953254,,0.0
QRSL1P3,272.06484162278423,0.1904115587963871,0.4787913736542556,0.5203768496438399,0.6028009422753632,0.7581497507205408,,0.0
SNORD98,226.20499903849935,-0.5531320405110791,0.4295924180797357,-1.5609831302068702,0.11852773128282917,0.22921171564252996,,0.0
ATRIP,87767.84850481185,1.3990190615014502,0.19339159001686376,0.12306565576262936,0.9020551072345111,0.9473148878013015,,0.0
HMGB1P11,250.97460914504524,-1.3720892191898915,0.5625079807968746,-2.9817185022084876,0.002866354219061168,0.0075824097578870596,0.005356459249307649,1.0
GATA3-AS1,54829.49068341404,0.6716852962010831,0.5301270492137483,-2.531503736472766,0.011357460736460892,0.02751004910329378,0.02122409547497946,1.0
KCNN3,23890.138333408642,-0.42178268602431546,0.2468921785701545,-5.2155791542914445,1.832437880113428e-07,7.832927362640547e-07,3.424342590473747e-07,1.0
GCNT4,18045.85606354541,1.1666647558028194,0.3512961380139404,1.0684717201163163,0.28530778034888926,0.45516184529978704,,0.0
COQ5,473717.7728671805,3.373908424528753,0.10153033422107313,13.013813755169538,1.0211573931747103e-38,3.106978658702612e-37,1.9082735578511695e-38,1.0
LARP4,977137.4996824194,2.9906856215749595,0.10391471330790009,9.67515608538391,3.8450446880350803e-22,4.6748633348202665e-21,7.185373338111929e-22,1.0
MMP7,555066.159508378,1.437837446274114,0.2525750429630455,-1.0607015259487493,0.2888255662885272,0.4597838020846672,,0.0
BMPR1AP2,15531.373816345988,-0.32259649954605313,0.16844846026640242,-1.5088033038407056,0.1313490562158931,0.24994334878553612,,0.0
GMPR2,237788.97782054558,0.4890807417479249,0.13706775348037586,-14.476757106082937,1.6992713710987985e-47,7.4484728433164e-46,3.1754895442710157e-47,1.0
TMEM125,87035.22877100312,0.6031904219449616,0.43193256364193905,-3.923252107808337,8.736164923493124e-05,0.0002780548797623894,0.00016325585685375896,1.0
RGL4,79382.89234324552,1.455311985739547,0.27934180659252267,-0.14050622174691618,0.8882600370132585,0.9390499187634417,,0.0
TXNL1,365967.9889463921,1.7146688210159708,0.13239253018179825,-1.0969760215554731,0.2726518742374734,0.4403495202212846,,0.0
SDAD1,828291.6959941001,3.2798797079494637,0.10918244360503232,12.04394517035293,2.087293237072737e-33,4.919907691345503e-32,3.900599964716704e-33,1.0
KIF6,7982.771125263216,-0.10677009548616588,0.32850475909096827,-0.23141324027364926,0.8169937800508833,0.9012180836455329,1.0,0.0
TVP23A,65572.6548813746,0.6609127769022977,0.16120848452155262,-5.262680290206242,1.4197033208328338e-07,6.136900946541237e-07,2.6530506709804304e-07,1.0
MAK16,147457.9179868608,1.5534651252745613,0.1964322063167247,-0.3489984834391747,0.7270904481147025,0.8455366463181682,,0.0
NUDCD3,886818.5317350473,1.6733622311477538,0.08365344546865475,-0.45395218137620535,0.6498632446911369,0.7918244249156617,1.0,0.0
PRDX6-AS1,5749.173899017966,-1.616237709204352,0.17229674566708908,-9.1684050194373,4.800692572848546e-20,5.136843851504108e-19,8.971226920914056e-20,1.0
CEP162,38591.62091534588,-2.5348965108132995,0.13278678323986454,-16.666205095003686,2.3078974137894417e-62,1.92209389611764e-60,4.312850926217592e-62,1.0
PRDM12,532.5747856568454,0.42145491489626413,0.7082726277281283,1.0684365665075193,0.28532362986230675,0.45516184529978704,,0.0
PRPF40B,729598.3953698073,3.3203427723510583,0.08392911844563135,12.89517330231276,4.791847040417873e-38,1.4168556012407165e-36,8.954696956233399e-38,1.0
IL18R1,70908.73372758676,1.2221498401348458,0.34459276768968067,-1.0841504742541492,0.2782980864238025,0.447156121498309,,0.0
GUCA1B,11633.55899538995,0.5266375892801519,0.28322638994450616,1.375285688593303,0.16904289162567832,0.30538949004103927,0.31589653307910043,0.0
ABL1,829715.0932509995,1.8607984255235674,0.09731150864489722,-0.35500561234199135,0.7225853866995338,0.8422990046760858,,0.0
TMEM79,155965.87324604194,4.559643270415419,0.3170071862192004,9.110316858446257,8.214171582673911e-20,8.605076603484598e-19,1.5350117950120244e-19,1.0
GOPC,503491.6966970266,2.5941358562741463,0.1015583628754193,8.46393511070977,2.5850368750394096e-17,2.34011399720506e-16,4.830751407842906e-17,1.0
COL9A3,106394.02729315404,0.4197375308140286,0.4425121879650914,-4.478210193595335,7.527146821940681e-06,2.7137916788771704e-05,1.4066250063290044e-05,1.0
ZNF765,70940.87963659196,1.2390422691162633,0.1627041124516143,-1.5778135613427813,0.11460844739481091,0.22266656750850317,0.21417292880773006,0.0
MAGOH3P,2301.7726054566724,0.5308619672038445,0.6597246575050493,1.3612342644288313,0.17343966916462705,0.3111949826986145,,0.0
DDX6P2,1859.1808763045221,0.3024350302480666,0.3971166669519185,0.8664989969174831,0.3862165762120412,0.5706314243949533,,0.0
TP73,29086.467316248607,1.0399662636915172,0.37256428343752146,-0.380495854229583,0.7035773734000941,0.8295586423211561,,0.0
ALDH9A1,775417.7045384345,0.8899058680514124,0.10025561808218046,-8.057045374876475,7.816064282285904e-16,6.3922869424848875e-15,1.4606160515550734e-15,1.0
SCHIP1,65347.859105141775,2.121315613191833,0.36918978183499374,-1.2319326790671137,0.2179742328993296,0.3709867989775034,0.4073362908743269,0.0
WDR82,707569.1049082812,3.3154860630144114,0.0916759695427281,-1.077338618561451,0.2813290153934713,0.45028862585559776,,0.0
LRRC18,407.47921698063,-1.1096020579960202,0.8149841710927753,-2.177066753304006,0.029475587214347378,0.06670720530348453,,0.0
TMEM97,147363.69953407493,1.9153880448067817,0.33348708946180927,1.0307478627730133,0.30265907341538,0.4768840185672697,,0.0
GCATP1,789.0401610874003,-0.11054737295335035,0.21646746473807393,-0.5901644106212615,0.5550804296325361,0.7195522392949625,,0.0
MIR4458HG,49412.81633630148,1.0734444723405223,0.23666378578487568,-1.3985982995374673,0.16193347656592227,0.2952140030645435,0.3026109133881502,0.0
RNF212B,8923.282426959839,1.7145412262464734,0.20851907061622746,8.020125628015048,1.0563706923639392e-15,8.514007015713878e-15,1.974077916882051e-15,1.0
BCDIN3D-AS1,44833.07155466733,1.9933235321884002,0.21519920034921053,5.089900961291826,3.5825057498829754e-07,1.4893328812117496e-06,6.694757379268971e-07,1.0
SEPTIN7-DT,11292.008308262933,0.2715202011374445,0.21832080347314772,1.088234320816352,0.27649167698571464,0.44516730415337574,0.5166899438659746,0.0
HOXC13-AS,2598.2976456495417,-0.08940450909196625,0.11413544712638832,-0.3102383712569876,0.7563796929867532,0.861539083752401,,0.0
CCDC42,234.7070018481034,0.6298083960923542,0.8786382855255607,1.4196183732938348,0.1557188134785219,0.2857981516166427,,0.0
ADAM19,73619.61977073173,0.417059480466202,0.21866797414423303,-5.7276372327771226,1.0183904788680998e-08,4.823599263416014e-08,1.903102925543715e-08,1.0
NHLH1,1914.2307800091749,-1.18138934383789,0.30161057342708963,-4.288059717568741,1.8024064135441338e-05,6.190120170776657e-05,3.368221708481689e-05,1.0
NARF,299531.50401426683,0.4665613869585907,0.1340508317431217,-9.425592491504231,4.276840654672226e-21,4.9016909980268606e-20,7.992285995286878e-21,1.0
PXMP4,129972.88598388383,0.7232791454203692,0.3048600913274487,-3.8797076774700643,0.0001045820756766292,0.0003290910781839522,0.000195436287268555,1.0
IRAK4,91416.16281477934,-1.9632053254279183,0.11146986217891529,-21.643017296164757,7.072068718359341e-104,1.8599540729285065e-101,1.321582923920779e-103,1.0
TMEM70,180750.13300185202,2.5231551494143014,0.2330531063821051,4.336949383495223,1.4447387786992422e-05,5.023910700876905e-05,2.6998353317726673e-05,1.0
LINC00472,83638.2963931367,2.8593953258796017,0.32241839395759925,4.65296340282604,3.2719833752019946e-06,1.2309749797119116e-05,6.114473046329233e-06,1.0
RPP38-DT,1819.9021210174392,0.3677354789199314,0.22930553989679509,1.629406583414943,0.10322697604353644,0.2035616413928775,,0.0
BAG3,536698.2611733883,1.6576980311651435,0.1729261921189881,-0.43824695298142746,0.6612072754258033,0.800151728845629,,0.0
TRAF3IP1,146165.83863495218,1.5697114460525752,0.13289521754876724,-1.30740346949208,0.1910757196472711,0.3360807360356965,,0.0
LINC02301,23.65416243905169,-0.45754779030484016,0.08003954273536434,-8.809643028507018,1.2554500809069493e-18,1.222901375105658e-17,2.3461047323455593e-18,1.0
NIPSNAP3A,144917.32343867206,1.5053021770603954,0.1574415879984084,0.11093147089643951,0.9116706894428289,0.9525159463814961,,0.0
FBXO16,155218.08266919525,1.8946915434375884,0.15614275889637985,2.856291935241794,0.004286208286814325,0.011040300417119165,0.008009791626481369,1.0
ICMT,470667.615183195,1.7720895709547437,0.1223055172726927,-0.8177640820827453,0.4134919111168146,0.5944243612919224,,0.0
BTG1,2846637.2204912766,2.726110928029749,0.06776342227038626,6.60034337707357,4.1020655194980146e-11,2.3479978695225174e-10,7.665677412465063e-11,1.0
PKIB,87940.81177844615,0.8192679938812628,0.4734105451006247,-2.3990014094846615,0.016439851411151642,0.03880488308999753,,0.0
ZNF623,291528.3519555264,3.112949965242747,0.19723256778901893,6.249043388343801,4.1297419388694437e-10,2.2025222529382455e-09,7.717397333033137e-10,1.0
LDB3,49676.208731480896,0.9714852765873137,0.41275185923124946,-1.4530389875198764,0.14621292944708827,0.27230723622854613,,0.0
SLC4A11,82194.96925637437,1.2744795895678331,0.31161052011546425,-1.096295460070619,0.27294949552995873,0.44068776386533237,,0.0
ACAD8,170609.3344237748,1.4512698667878108,0.16447987320532786,-1.207319515675535,0.22730911773497464,0.38283237658296876,,0.0
SLC25A16,403090.70147522294,2.747132789402824,0.15543197726082245,7.441746939740571,9.936243075229717e-14,6.915237694557507e-13,1.856821490161664e-13,1.0
RNF207,78970.11841630176,1.55161428316468,0.2740382406637243,0.3691814828871413,0.7119924570402505,0.8349744913940699,,0.0
MYO9B,1582531.8268173179,2.996106546454647,0.06391124909919901,11.27714817926684,1.7017345921451353e-29,3.1378478807930778e-28,3.180092654057308e-29,1.0
DARS2,167788.16141031185,0.8618923808232668,0.2542238051699696,-3.7130888893219973,0.00020474493459622458,0.0006242284552637793,0.000382614225197208,1.0
SYT17,65699.41261061444,0.7311132141648593,0.3616699866573609,-2.345048544755274,0.01902460240776332,0.04434045626473569,,0.0
DNAJB1,2844230.579556453,3.2251448398505844,0.07770362142874267,7.366559631616407,1.7508764481177231e-13,1.2001549535314488e-12,3.2719258082439277e-13,1.0
HMGB1P5,399191.7591681337,0.7712295490649199,0.1460557717016999,-10.962533943919148,5.785633714623081e-28,9.900962901360115e-27,1.0811821866855472e-27,1.0
CCDC51,102736.97341108392,1.5281174001720645,0.17044862771220617,1.131913347734065,0.2576708664648014,0.42229626753841015,,0.0
CSF1R,456853.86621769535,2.5950684429211353,0.221109314745565,3.3927483889195273,0.00069195165284137,0.0019623623207992774,0.0012930749473628743,1.0
MANBAL,301006.25514752715,0.9231550493699839,0.13391452317368527,-5.506080866730197,3.669100394575354e-08,1.671330416745036e-07,6.856579907140255e-08,1.0
CEBPZ,289850.2062647293,0.8320362568770439,0.1419004541321477,-7.787768958003463,6.8202748767022536e-15,5.171610555217172e-14,1.2745293028751368e-14,1.0
RPUSD4,139548.38390494193,1.6461884651235876,0.13498079219889147,-0.5286135641200866,0.5970735488767873,0.7548427910241696,,0.0
EEF1A1P3,776.1622763289303,0.24857942065804164,0.3639697921456123,0.7870584787678124,0.43124763402276933,0.6114966312831895,,0.0
SCN4B,148179.83533872236,1.3193235327616837,0.3682256962431596,-0.7145871638959254,0.4748641786793423,0.6529709138306752,,0.0
CCL19,96161.73068976265,0.9087759877846863,0.400724505915624,-2.484088553682934,0.01298835048680714,0.031203263164699655,0.024271797824448497,1.0
MYO18B,3325.834545177625,0.23724351047449144,0.5325475091936938,0.9618196485792329,0.33614020633319375,0.5163518632176358,,0.0
ZNF417,94484.55831616958,0.9070676288077008,0.17773642375657087,-2.174605666596528,0.029659679330924726,0.06709344391880076,0.05542610980427481,0.0
THEMIS,4057.7160241896627,-1.0496956513713562,0.3949785541656077,-3.52182197223834,0.0004285918596758675,0.0012502472403971452,0.0008009250272252469,1.0
LRRC2,12652.956158950934,0.15389621140508328,0.4539517716109891,-1.2835419803085284,0.1993022617994722,0.34592337694059133,,0.0
EXT2,410450.4505552606,1.250110135421376,0.13217790903531826,-4.680444759269639,2.8625323613739397e-06,1.0861104183588138e-05,5.349317206352122e-06,1.0
FZD3,76495.00213348474,1.4107206959021996,0.30641068282354833,-0.34950410349649047,0.7267108906842117,0.8454333408824223,,0.0
RPL7P11,213.3198480517919,0.1964990058177934,0.5013854945225331,0.5276136735079832,0.5977675006764991,0.755066784853505,,0.0
RPS27AP11,50611.02597039841,-0.17704679031113432,0.25184729594654737,-8.513639832883115,1.685570126229343e-17,1.5483077060235346e-16,3.149885535066577e-17,1.0
GACAT2,292.51855199048396,-0.5563521341490897,0.7249649331300329,-1.304954673073686,0.19190828262314275,0.3370705406916852,,0.0
AADAC,19804.420861597417,0.5284144680687646,0.6521514876641846,-1.0132138242664483,0.3109580387089229,0.48634031906994923,,0.0
ANGPTL7,28586.54677566952,0.7994361472642079,0.6793852246027094,-1.3564119192189024,0.17496814299005747,0.3134958207637992,,0.0
TRAM1,1087740.1032104783,0.9810633177704771,0.10425928575198594,-5.261296525135942,1.4304312819578498e-07,6.177930091567308e-07,2.673098397884583e-07,1.0
SLC2A13,102907.56852473847,2.0166105967468027,0.21181694199179138,3.185409772049856,0.0014454917117833561,0.003970930227477422,0.0027012423649145217,1.0
RPL35AP13,293.47700676029024,-0.07754200210483933,0.5495355760120376,-0.21035858804625177,0.833387811433636,0.90995682764516,,0.0
MIR4763,530.2457382804849,-0.08184710381858244,0.5107807129729268,-0.23060956652493414,0.8176181349087908,0.9013099095828871,,0.0
NOD1,294625.3547651269,1.448422219627694,0.190621895178925,-0.8481373694657847,0.39636147212547335,0.5806561935535005,0.7406949424872814,0.0
ARL10,293671.65842589724,3.097981233360458,0.12750170114997772,10.224890949762639,1.5340051102699752e-24,2.1776771409145073e-23,2.8666505370303163e-24,1.0
KRT8P47,1386.537805762348,-2.7130691639460394,0.7909581782496189,-4.083256881948241,4.440888602768426e-05,0.00014589822714026183,8.298848297694026e-05,1.0
LINC01140,69286.14112338203,1.4657656467024394,0.3923010220446605,-0.1106761722326801,0.9118731416797093,0.9525159463814961,,0.0
DHRS1,91139.69972071271,-0.3043158190077175,0.21788478039130343,-13.55019559671657,7.901930239587093e-42,2.704516808713473e-40,1.4766621319078797e-41,1.0
RSU1,937650.7877583036,1.705751310662265,0.09544213806689889,0.14148658583325446,0.8874855563951508,0.9390499187634417,1.0,0.0
KRT35,179.71213612585612,-1.3921619975986235,0.8450798777546978,-2.465100232797758,0.013697492843134913,0.03278082937602737,,0.0
TIMM21,106219.2883783268,1.514134191796967,0.1370110447025684,-0.39681867712349383,0.6915011767774929,0.8211576474232728,,0.0
EEF1E1,123678.64063492548,1.3131203224370065,0.1941617362386185,-0.13406585379590777,0.893350500564141,0.9427498431882327,1.0,0.0
TSEN15,154989.56927793153,0.5338862538731887,0.18227606146840844,-6.466815498940328,1.0008973024056807e-10,5.57579021195227e-10,1.870412797352725e-10,1.0
ADGRA3,151875.40969704936,1.5976690896776413,0.24355529045342475,0.8751801682084376,0.3814758821090177,0.5655178471133818,,0.0
GFM2,176736.84393323082,1.4948647425335584,0.1465720574217396,-0.3710629174104874,0.7105906700717886,0.8337219014671818,,0.0
ATXN10,539006.4748940673,2.1200378493378125,0.09792140052186328,-0.32429409894124106,0.7457153868574679,0.856427396034204,,0.0
RPL39P,556.3482460022866,-1.7090406147428765,0.4031387008001484,-4.621245201206299,3.814436135265308e-06,1.420831258071167e-05,7.128174034375746e-06,1.0
TGFB3,331667.59100764553,1.7847693295952023,0.2116100643805647,0.7253421729714642,0.4682421394006058,0.6477868135616908,,0.0
MYO1E,318406.9794079109,1.938698709454232,0.13326111932485976,1.5214833494279874,0.12813858660919022,0.24485985364670115,,0.0
RPS2P35,15286.907896783896,0.5249266385679683,0.6070858575556153,-1.4534661611931923,0.14609436842374046,0.2722989776253007,,0.0
SMYD3,134229.47410975676,0.5103115339399256,0.242983254776568,-5.728003534649145,1.0161944978132107e-08,4.8185430229632137e-08,1.898999216743685e-08,1.0
HSBP1P2,665.7468594010812,0.07323123586885652,0.32479428329266546,0.2700626865864055,0.7871120276337662,0.8820008732037398,,0.0
SLC25A10,273925.1261082031,1.2581088008108445,0.2505997475441003,-1.647278241643163,0.09950086807638232,0.19699121940478703,,0.0
LHX6,133338.98877608817,1.6675612314021218,0.3483425194977623,0.7255482918655742,0.4681157299290537,0.6477868135616908,,0.0
FIGNL1,143487.5379313934,1.5880381611122105,0.21043213423231824,1.0799876370390538,0.28014768552731084,0.4491170948283517,0.5235220585564593,0.0
PTPN2P2,1387.0583989739716,-0.1016488181588216,0.2762827846158536,-0.45942614911818963,0.6459281738676153,0.7901353940799201,,0.0
OSGEPL1,32729.34154557915,-1.0344763940816077,0.17023138084286837,-9.140190173654108,6.23426016923354e-20,6.586172952570825e-19,1.1650186262400898e-19,1.0
ATP8B4,42983.28321799908,1.1085957215235815,0.34808170438908126,-0.7471792987002358,0.4549553382252447,0.6344995325457851,,0.0
TPSB2,168855.33706594357,1.0840993078615797,0.2935632665798119,-2.180432037868121,0.02922545146811074,0.0662311024880496,,0.0
LINC02102,2135.2566917265844,0.09632489773941892,0.33838017154588157,0.38545988239637125,0.6998967236874523,0.8266092952649962,1.0,0.0
FIGLA,189.4721024058949,2.591364524820838,0.23748651549223382,-1.9292660186867727,0.05369784603512909,0.11501420344515219,,0.0
NSG1,15358.635871200671,0.3127560896003205,0.39040898701291604,0.27195945852924924,0.7856531921967419,0.8816323829793665,,0.0
KRT18P1,4884.285114049571,1.3530887051482108,0.6151234556068463,0.5656608518817212,0.5716243526020952,0.7335774000763889,,0.0
PCDH20,11080.239596887304,0.29335387194264056,0.5287265815651049,-0.5391592413052273,0.5897769814700083,0.7497430600861361,,0.0
GSE1,808692.8553893769,1.7635558200759998,0.1290867863235493,-0.2924975657577077,0.7699062207917337,0.8694522319864735,,0.0
NPAS3,10112.621658859203,-1.5602779928343438,0.3659668027703551,-5.697124201542159,1.2184516627947102e-08,5.738551327978479e-08,2.276964457361693e-08,1.0
HDGFL3,345720.4449182662,1.6023032424380463,0.17946171504314057,-0.27107504960736173,0.7863333108986321,0.8817828201601915,,0.0
MAEA,343568.9989631068,1.905812042127911,0.11473765011475713,-1.5360262260365025,0.12453194829689176,0.2385151957223335,,0.0
CCDC107,192482.82674747705,0.7577696315734611,0.27821905707993827,-4.1912375034193765,2.7743704702698246e-05,9.360924537433027e-05,5.184565908727866e-05,1.0
DNAI1,16131.02521448551,1.9145981433748915,0.4652782833239238,2.1069282891184704,0.03512379604170196,0.07828439287260691,0.06563710127912666,0.0
MMS19,399275.77005273907,2.703709906616486,0.10298907391694709,-1.889601693116338,0.058811250566871844,0.12447260443992318,,0.0
FKRP,420399.9084268136,3.5798169565223192,0.0984664325681319,18.155598414348567,1.1595749400959796e-73,1.3475339478278161e-71,2.1669394075017242e-73,1.0
ETFBKMT,79619.31516839235,1.3620167220820119,0.14419909205500875,-0.044589470030191716,0.964434536011622,0.9805871219982202,1.0,0.0
PLA2G12AP1,4957.997131127883,0.04332032199384667,0.1808670159646768,0.12872701097860414,0.8975736615549841,0.9446452373189249,,0.0
SLC7A8,1286767.279438685,3.0905271210538383,0.10687362465029998,7.085997346117646,1.380464560723282e-12,8.855175109029834e-12,2.5797237883074947e-12,1.0
SNX5P1,22704.090661487615,2.0087157833547207,0.19745681864475192,7.697947250086051,1.382694244589124e-14,1.0251221276278712e-13,2.583890478762847e-14,1.0
RNF185,268807.49962273426,2.660325325881052,0.11124477892045448,0.271445301837972,0.7860485636105767,0.8817133257442004,,0.0
HLX-AS1,7188.19695047186,-1.6236969733743911,0.4568404029824858,-4.06653319671607,4.7717690597361114e-05,0.00015635757371476293,8.917176511406637e-05,1.0
RN7SL32P,167.70280302537464,0.5438391422841387,0.6222300012479275,1.2990662333930163,0.19392119998640323,0.3394130424980935,,0.0
CYB561,954407.7484791981,1.234848319367607,0.1414522686562093,-2.0820547440534294,0.03733746961982733,0.08261562155151159,,0.0
BET1-AS1,1048.0565551985692,0.05472718081882911,0.2683236189972052,0.21591187287638888,0.82905644216,0.907886920929697,1.0,0.0
HSPE1P5,777.5610575827225,0.08164746072270586,0.3998053490702228,0.24447174221031528,0.8068654845568176,0.8956764431298258,,0.0
POLDIP2,906773.1778100792,1.688303817620809,0.08445672952293792,-0.2001646267200109,0.8413518310897699,0.912773577932171,1.0,0.0
PGLYRP2,9666.989000783991,1.729368503322548,0.7418270847478543,0.9606707928928745,0.33671772116601306,0.5170598935904633,,0.0
MRPL42,609605.8749261128,2.821626461167139,0.1310903319869467,8.000880838297613,1.2353229342391699e-15,9.908360677998607e-15,2.3084924092719265e-15,1.0
MIR29B2,296.0715432174521,-0.5347099973668409,0.515970356597411,-1.3872871239623012,0.16535422780248954,0.30013624276390855,,0.0
GEMIN8P4,3998.7871744020813,-0.2718667053080153,0.2557560171114441,-1.0327836466264604,0.3017051584030276,0.47619099069486065,,0.0
TEX12,1000.4407399003703,-0.30956968010108393,0.41044650784746395,-0.9354600251105177,0.34955127525287055,0.5297525663739864,,0.0
WDFY3-AS2,20642.83345674176,0.5912299317962102,0.2182143206568258,2.4548172351458453,0.014095623212636337,0.03358885512329222,0.026340998202521983,1.0
MIR497HG,208003.15341156008,1.712370303410352,0.1621879972946545,0.36178529699349665,0.7175124802552995,0.838917581287539,,0.0
SASS6,42484.14590710062,1.2177101914470516,0.22383905344245714,0.6925103439797515,0.4886168922117208,0.6657543490189626,,0.0
GORASP1,377654.1950270867,2.087473476009381,0.10955231910298609,0.08129358748711206,0.9352084735569185,0.963140087313845,,0.0
BDNF,26865.714648385572,2.8470766830162617,0.34021762317576126,6.242221248874648,4.3140014002325554e-10,2.298194562575915e-09,8.061729617412895e-10,1.0
AJAP1,8420.299765492975,0.0013960985667116764,0.3067105328582303,-0.5446215925149784,0.5860138009651752,0.7473167426432739,,0.0
ORM1,50918.72617927548,2.0704001694314695,0.6389410932859713,1.2732077190957798,0.20294434216732127,0.3510255721045706,,0.0
PPIL6,68324.47831262348,2.7482218281794255,0.19610202769121693,8.886191850291237,6.323912049188993e-19,6.307502696566348e-18,1.1817721955795588e-18,1.0
SORBS2,396792.71426295623,1.862688107535633,0.216552737602119,0.8150797415379076,0.415026666899042,0.5963324844395461,,0.0
SNORA5B,605.4100064901252,0.6755662906883655,0.475645033108403,1.7577957374557631,0.07878227088563432,0.161474572442787,0.14722326388014761,0.0
AQP1,3074278.328040281,1.4017708926372858,0.08151932527826622,-1.7191095792660631,0.0855944208682771,0.17295403197686238,,0.0
KLRK1,16687.044826075726,0.23748319316494104,0.34409797154832544,0.539605836524415,0.5894688906793936,0.7497430600861361,1.0,0.0
ZNF195,116074.28891774644,1.3980870100705154,0.16021242504238373,0.15680747479606538,0.8753965816982466,0.9316043437964385,,0.0
STAP2,187341.10049200724,1.4336992487684184,0.2982401036893119,-0.516335260144196,0.6056202735069496,0.759923276690315,,0.0
CACNA1C,203600.08764490864,1.5389310380028935,0.19580887005438097,0.20562928815391016,0.8370804977560597,0.9117025386414627,1.0,0.0
RING1,397815.51264264307,1.453883022026315,0.11172921167260653,-1.1451100606508715,0.25216356845498766,0.41558751700843444,0.47122713222497137,0.0
TMEM35B,113355.4587309401,1.4661556806106801,0.1693721603712344,0.29253539721023447,0.7698772998333636,0.8694522319864735,,0.0
SAP30L,162966.00854974193,0.09621362822836194,0.13784574580888764,-21.15722850983225,2.367348304106302e-99,5.633161655056758e-97,4.423948943761852e-99,1.0
TRMT12,94146.36903030974,0.27646233000169157,0.24790124922590576,-6.2322668563908135,4.597334514533917e-10,2.4413263091526016e-09,8.591204401318617e-10,1.0
SNX30,151863.67605746794,1.3968981183506306,0.1631848936957176,-1.1125665222052628,0.2658946452352796,0.4322301698896201,,0.0
ZNF549,93172.16529154564,1.1818948383910999,0.16206348335907997,0.4181596138869421,0.6758304213756325,0.8102506275465536,1.0,0.0
RAB27B,226963.79707797515,1.3779589339065017,0.3427873589406618,-0.9168716766453089,0.3592098873817292,0.5401660569504968,,0.0
HERPUD2,294172.08229380095,1.843910354898497,0.08700855881378064,-0.6383793773422703,0.5232267520533773,0.6941932279253267,0.9777726552022165,0.0
CLNK,1835.0386626320355,0.34689009173746704,0.46485883043579307,0.9045110203123851,0.3657244934728848,0.5473271320407324,,0.0
PCMTD1,536564.5488151058,2.712638693674689,0.1490607322614728,5.538334875890752,3.0536096167347585e-08,1.3986147804604571e-07,5.706390147652801e-08,1.0
NCOA6,383693.8672918938,0.4493962075541525,0.14160717058566924,-9.238748247536446,2.493976651343769e-20,2.7270024785043355e-19,4.6605838918342614e-20,1.0
MXD4,582054.1290226087,1.7114773339508318,0.1513310976645566,-0.29673359405524496,0.7666699071971508,0.8677348870360505,,0.0
GOSR1,195401.77898438933,0.2725419422016319,0.19135132328457904,-13.120805577854469,2.502604315350579e-39,7.767399853296176e-38,4.6767067179531947e-39,1.0
RPL37A,3062482.7098706337,2.0948329976466975,0.05351444002338787,0.789546138473447,0.42979287440457836,0.6103083243534181,,0.0
KCNJ12,16359.775155412999,1.3163668610736263,0.37926308300950334,0.3976408239905987,0.6908949634584121,0.8208278964340668,,0.0
POU6F1,102544.84900233556,0.781208989430017,0.2681681247672673,-3.9945991486382444,6.480379877257458e-05,0.00020945962643373556,0.00012110119015204009,1.0
MEP1A,747.0998559061513,-0.1426401303645918,0.5792420471830654,-0.16233126934546988,0.8710449918589571,0.9293214220223966,,0.0
TM7SF3,478333.84322227695,1.5971866341477112,0.16387374658560977,-0.2344456725890232,0.8146390048636916,0.8998123579363101,1.0,0.0
CYP11B1,69.24657535567194,-1.166715265238617,0.03435572733415287,-0.6440182348248983,0.5195636095601995,0.6915897847757714,,0.0
RNU6-1330P,427.98571971690836,-0.4430572591748457,0.40740698776470663,-1.2799758434044994,0.20055363179071806,0.3474298332704533,,0.0
PARP10,527799.1937481489,0.9329158683521211,0.13664194590307543,-5.343688553386245,9.107399801936258e-08,3.9850855350503924e-07,1.7019325658293e-07,1.0
GTF3C5,304702.16941857745,1.5516541512410813,0.14333550503769407,-1.8485693124994678,0.06452002727984721,0.13540805389222868,,0.0
OTULIN,147124.34681912785,0.06535668877593133,0.1603025045138967,-10.501586744093798,8.494016569044465e-26,1.3062356015805546e-24,1.5873074343872547e-25,1.0
RPL9P25,11289.985704094142,0.040669782911753695,0.24656553322250066,0.4524860412343979,0.6509188749479105,0.7921679537541911,,0.0
NDRG3,296864.71681087953,2.5385498002977607,0.1484766727281396,4.042895410648953,5.279517457943278e-05,0.00017209229443798145,9.866024209926163e-05,1.0
LRP10,861857.2300619846,0.8305595425630788,0.12416961020347289,-11.065036072875081,1.853882692992709e-28,3.27344587169066e-27,3.4644172838012586e-28,1.0
HPD,6226.927987708166,-0.2538620236767764,0.48096519615020444,-0.6256627995272255,0.531536138348538,0.6995222763570303,,0.0
BCL2L14,12773.944536518686,1.1913275758727113,0.41185144395713147,-0.09917359688247003,0.9210004381270602,0.9564088090858105,1.0,0.0
TG,12460.901324297036,-0.6380234918243932,0.38381775243022687,-3.161807458596374,0.0015679319906796879,0.004283737647581411,0.002930050919007629,1.0
C8orf34-AS1,1532.7996105912891,0.05999155800387075,0.6233179634017564,0.4566226757891161,0.6479422776641507,0.7909152857608833,,0.0
PYGB,1145606.281019599,0.7831136118190755,0.10847301738613706,-6.655210743083185,2.8289440510524975e-11,1.6456616324923549e-10,5.2865495224791816e-11,1.0
LGALS2,6761.083615023526,0.5663732837539259,0.36007304707050153,1.2537496327412443,0.2099330215410138,0.3601219734433388,,0.0
GCLC,399846.0104671629,1.2930429943235364,0.1290403739423111,-2.018899672124634,0.04349764832506649,0.09524879433845627,0.08128562029931086,0.0
C20orf141,505.83875068492245,-1.5471038721513235,0.8258466364707538,-2.6674524725107975,0.00764286982419655,0.01907663362213295,0.014282505800863933,1.0
NDUFA6-DT,43316.39216839614,1.50198089360211,0.1871870644930693,0.992764508539167,0.3208247297071203,0.4982198618746085,,0.0
SH3BP5-AS1,2227712.858178462,3.166462429661404,0.07630857780623754,8.815788067986542,1.188461079930109e-18,1.1644588267472069e-17,2.22091997621943e-18,1.0
RCAN1,860679.6288935877,2.532112110148792,0.12082457967479422,3.20125661884085,0.0013682961279823723,0.003771304882254779,0.0025569842002722194,1.0
RPS24P16,301.96259439257244,-0.4439344687037073,0.5829326195661694,-1.1319280582095315,0.2576646813456812,0.42229626753841015,,0.0
HOXC9,100206.52807725577,2.570223038291732,0.1873644407626481,7.265113753850733,3.727244760511094e-13,2.4833389424365246e-12,6.965236375569909e-13,1.0
PABPC4-AS1,34706.425501731894,-1.1755196724055839,0.19160597158738868,-11.277615537739905,1.6927199695309352e-29,3.132785810276327e-28,3.163246704467496e-29,1.0
RN7SKP163,196.72357251888744,-0.8209149764741646,0.7541998210379659,-1.7792160261480652,0.07520435191980246,0.15490360533522377,,0.0
TEX38,942.2222519615513,-0.07584529518966478,0.38551820163045086,-0.25731502483902613,0.7969355947184833,0.8883085359822132,,0.0
RPL4P2,1755.7393094557979,-1.2905173477172454,0.2398417654671743,-5.640482919712917,1.6957389039042024e-08,7.88976471397514e-08,3.168888295740202e-08,1.0
ENSA,975466.7154410735,0.6087050666105486,0.10715427841414321,-8.991216765895771,2.445082822813935e-19,2.498584635092277e-18,4.569214235452967e-19,1.0
LINC01554,9661.166566646967,0.20916698515398205,0.4660205005138171,0.7439266099858638,0.45692087583124996,0.6363527359333211,,0.0
KBTBD2,267341.4397907504,2.482747274991099,0.14497696971560037,-1.7570070215345075,0.07891661239081899,0.16168360480398625,0.14747431268396502,0.0
UBFD1,433846.0432923008,0.5829955236341322,0.13961803198978087,-8.285264903808141,1.1784648245699014e-16,1.015308401444103e-15,2.2022396142018686e-16,1.0
RPS24P7,1129.7835356907403,-1.0704159194890819,0.5885896926620053,-2.4453318939854602,0.014471889673987548,0.03438708164570412,,0.0
VIT,66190.88621162585,0.45547769521107245,0.46473294672599236,-3.6619959126475723,0.0002502578535264708,0.0007519774468260821,0.0004676658541779262,1.0
ZNF335,221958.40478543518,0.2537941657882216,0.14816675495928328,-10.35296823314017,4.0570882880400166e-25,5.980315685939812e-24,7.581626841935662e-25,1.0
CPA5,537.93568182782,-0.9751960199236565,0.47404519254269406,-2.511403207057236,0.012025225837656367,0.0290009910766259,0.022471972143144676,1.0
LINC02189,20.389024265879634,-1.1121778039365127,0.039775769355940675,0.23868261146149772,0.8113517011493854,0.8971729255683732,,0.0
FOXC1,138892.2667162703,0.9185197645308859,0.3187621151895215,-3.5627729030983355,0.0003669581105404896,0.0010799114713609108,0.0006857478228761506,1.0
STMN1,749625.1071974046,1.4775179001375662,0.1811794459835742,-1.5097212215174594,0.1311145739140146,0.2495922003231737,,0.0
ENPP7P5,24.128837223172063,0.061654395467624724,0.034771374948447904,-12.214493837167629,2.6011529117722216e-34,6.498980550062896e-33,4.8608680254771096e-34,1.0
RNF168,178301.581287478,0.21572975561234103,0.14818765975890558,-9.996219381596358,1.583264931065027e-23,2.115394347735813e-22,2.958704136324585e-23,1.0
CUTA,427905.2084757433,1.9970937894554532,0.18058827554049564,0.20131001522189831,0.8404561718568113,0.9125541523865093,1.0,0.0
MTMR3,451234.9972099592,1.8486678801026077,0.12202376272866436,-0.2077712391767864,0.8354075903549159,0.9110719618078382,,0.0
MOB2,195630.49392795897,1.5118541535641865,0.15855770872723784,-0.9875509166913843,0.32337263485175016,0.5010763907032696,,0.0
MCMDC2,53449.25239290805,-0.06441664207659831,0.24354569060364226,-6.789566088758003,1.124713006287348e-11,6.804105196631814e-11,2.101791657598309e-11,1.0
PRKN,25776.285932685452,1.096840966394715,0.2961725529353945,0.4562409829702499,0.6482166976646009,0.7909152857608833,,0.0
HP,86222.48775018146,1.369393674444433,0.5521607594108734,-0.4942176580572695,0.6211524703376299,0.7712691104879611,,0.0
DST-AS1,363.54492255955245,1.0890332177980147,0.7575474734487629,2.155058120525537,0.03115728637859208,0.07019520290073247,0.05822474197226052,0.0
SPON1-AS1,22060.199071785293,2.333024640947324,0.39742945853158224,3.2274401320896264,0.0012490317507359745,0.003457845794142751,0.00233411056784879,1.0
PKDCC,728550.8264545004,2.503848270322543,0.17801266534503032,2.158075118723321,0.030921991887938854,0.0696965238899551,0.05778503869260675,0.0
RPL7P52,316.6176652122416,0.2923841120974809,0.6315551991936765,0.7305669847973542,0.4650436841431045,0.6447900359775508,,0.0
NDUFB8,373587.3971143109,1.8664094109361258,0.11195202371067241,-2.1100100088276084,0.03485749377569501,0.07779495149492988,,0.0
FUT1,124792.11840030164,2.5743666445065867,0.21132682468293743,5.500636250017505,3.784231924751e-08,1.7222046382496123e-07,7.071730339558993e-08,1.0
DDX17,4671507.341088143,1.7544846664954004,0.06266364461422784,-1.056391129584704,0.2907895569210779,0.4621741144830236,,0.0
CES4A,108140.58902923526,1.4892797647661804,0.3766779860316518,0.28056105730345504,0.7790470884965015,0.8766181796776895,,0.0
RPSAP3,15768.85156226065,-0.1555630333216824,0.1754951134901325,-0.8478776830902603,0.3965060943391071,0.5806978175300463,,0.0
GSTA3,165.15752814061597,-1.6762502188881534,0.07145561905950162,-16.39024722599158,2.2452957655890038e-60,1.6999610516133717e-58,4.195864974064418e-60,1.0
AMHR2,1687.2764807815227,1.9150478343153365,0.5784058799573144,3.7312231071886672,0.00019055237215748539,0.0005823793294623575,0.0003560920731753756,1.0
LINC01117,4178.645837528502,-0.6514603488537776,0.2894590324690446,-2.6071436128178678,0.009130105826555214,0.02256337231221385,0.01706175722337188,1.0
MCM5,280016.32818694087,1.4971282986335686,0.20295059631335519,-0.6385275618748117,0.5231303183684792,0.6941932279253267,,0.0
UQCRC1,792705.1619296614,1.8618730368037226,0.12839902015846572,0.5408208126924077,0.588631095942433,0.749405959913671,,0.0
KIAA0319,11904.440156649256,2.085876464029955,0.5506117786658028,2.0130018111981944,0.04411443881343172,0.09630399770673581,0.08243823887461417,0.0
TPRA1,356930.04061369575,2.3584493699296023,0.1136897491495214,6.4690060160596,9.86496691909419e-11,5.507848010582533e-10,1.8435018584410497e-10,1.0
SLC8A3,2178.7387451326695,-0.6733162003021278,0.4067279868622742,-1.9265538773312934,0.05403525133101236,0.11558824952956712,,0.0
OS9,1581025.29400568,1.1882189635399292,0.11646979899331822,-4.175775199926802,2.9697298476420317e-05,9.979650335351199e-05,5.549641005485128e-05,1.0
CWC27,113264.16015579118,1.3392037498649554,0.13363795844645288,-1.7897693069456078,0.07349100532113054,0.15212698988802373,,0.0
PIK3R2,313773.2352913228,0.8066953902334606,0.23428790359193913,-5.1773370030990735,2.2507543561847917e-07,9.531372472758817e-07,4.206065638689381e-07,1.0
SLC39A13,921036.0109442256,3.404218320323562,0.07550215985081103,14.555037125284908,5.4256474174500796e-48,2.442518931981806e-46,1.0139102522437566e-47,1.0
HPS4,252264.36640922335,1.8799761774636727,0.12078461808880084,-0.6365812901295599,0.5243976154467425,0.6948859412323978,,0.0
TDRKH,117938.61464706424,0.4695907621836069,0.2801400628793332,-5.428201017378243,5.692490593333018e-08,2.546586884054171e-07,1.0637761965177671e-07,1.0
BDH1,171136.58133645117,2.634158347582318,0.23776681187295426,4.766207205785405,1.8772620342617196e-06,7.2549716822937455e-06,3.50810709992738e-06,1.0
ERP44,408862.1788591134,2.1269221097282687,0.11229647771153313,-0.08354719506699858,0.933416452297924,0.9617076313675724,,0.0
TESC-AS1,293.0488221027084,-0.5008534378032822,0.3863530485373311,-1.5500403203034363,0.1211318387078758,0.23333224268613967,,0.0
RCOR3,291752.0556582754,0.27257220393434833,0.13006379877848548,-11.787989771510878,4.5015762450596623e-32,9.695851938173765e-31,8.412257478146273e-32,1.0
HEY2,111602.65870798596,2.3569796095588416,0.2746296538339354,3.3100388602882225,0.0009328301938775417,0.0026099397977637604,0.0017432133428594149,1.0
CEP85,96422.1273745755,1.2465894817634489,0.2648216409471031,-1.6119670568562428,0.10696910858376073,0.20978862662362685,,0.0
ROBO1,194546.47146599533,1.426510437506367,0.2239224392531526,-0.39245147506826766,0.6947246586328197,0.8238108968173232,,0.0
RPF2,255808.40890560285,2.135456359158845,0.19610572548493327,3.6149102978078576,0.000300451633937024,0.0008941970308417563,0.0005614647774058747,1.0
VKORC1L1,404021.16603300243,1.8557079805064043,0.1951554408735572,-0.4948201709207964,0.6207270646924674,0.7712691104879611,1.0,0.0
GTSF1L,36.148761131180585,-0.898576259218859,0.22605480951823573,1.743695740925502,0.08121215844300197,0.1654370793883738,,0.0
CCKAR,523.4132500264541,-0.040057421167285626,0.7179657458848285,-0.0551797532178982,0.9559952589479891,0.9753181520953657,,0.0
GLT8D1,288063.45056538674,1.9290025558530868,0.11941973330333523,-0.38840215370139525,0.6977184506676429,0.8251175593173603,,0.0
EIF2S2P1,943.3591953486612,-0.09831796256138187,0.26557344836127417,-0.33898861188372653,0.7346183091898113,0.8507271589852808,,0.0
RECQL5,159435.99396779906,0.2898160923311164,0.15475844171829042,-9.270122900431842,1.8593155900568005e-20,2.0509933782591241e-19,3.474569933999189e-20,1.0
HIPK4,3102.2681658670945,-0.08545183376566202,0.2865326315145807,-0.04573196647419614,0.963523884893441,0.9801972420220938,1.0,0.0
MET,724653.1325055382,3.060504254004409,0.11764978697490482,5.897026166157846,3.7011118839295434e-09,1.823910856409855e-08,6.916400928943877e-09,1.0
KCNB1,80471.05970336318,0.4638773768080154,0.3962294685176389,-3.9072637310222107,9.334724730722639e-05,0.00029616266336140334,0.0001744413593097271,1.0
DCTN4,307898.8620289933,0.8934308784689265,0.1647563015574758,-7.201638017252664,5.94934635595423e-13,3.911695229039906e-12,1.111775756944775e-12,1.0
PGM5,136621.2535320601,1.2156991739519587,0.34928648282461155,-1.082703807943938,0.278939913277809,0.4480433129698526,,0.0
TMEM244,1403.1920419320609,1.4572617727784205,0.836263576601841,2.494925920011497,0.012598342885908234,0.030310023784729634,0.02354297658970959,1.0
NIPSNAP3B,35412.0871657514,1.0666877708617215,0.4109935103958598,-0.6188813023678322,0.5359945568987752,0.7034782396027814,,0.0
FOXP2,22518.28260137251,-1.3820067040760042,0.34619830282018,-5.69299437001596,1.2483050470444087e-08,5.862575488797847e-08,2.3327525505164212e-08,1.0
PHB2,1801967.300347985,1.8329168122989863,0.06767001092180885,1.2159751247954502,0.22399439805756438,0.3786535883266743,0.41858639008737814,0.0
AZIN1,1020786.1331175916,1.033998647619311,0.12503893252994458,-3.964659804242325,7.35006940092671e-05,0.00023604303853747282,0.00013735339116092285,1.0
CEP295NL,152779.19737281287,0.6193153262329458,0.20565771885678608,-5.851127231460769,4.88252535414135e-09,2.3849442028000318e-08,9.124150783337444e-09,1.0
UQCRQ,387614.3436233952,1.092282982652714,0.2082055886178696,-3.660899337232136,0.00025133149622486603,0.0007547496914877737,0.0004696722089138577,1.0
FEZF1-AS1,4003.66986092713,3.4687207220767657,0.7414219040461111,4.289683612395062,1.7892783338837668e-05,6.153491971381406e-05,3.343688793723703e-05,1.0
FAM181A,22.149947584728856,2.2492934170380123,0.04086129695067277,-11.753183229002676,6.800777119123622e-32,1.4278774480781823e-30,1.270885686771157e-31,1.0
ERP27,143078.9225929436,2.5334686239343176,0.3264853711750245,2.7661273552001444,0.005672637633875969,0.014388918911917877,0.010600662025608908,1.0
LINC02004,386.31292178206706,0.663839496844661,0.47707253935779076,1.7224850184326268,0.08498169439597356,0.17178540732066336,,0.0
TMEM65,189535.68307303803,0.4528912190494582,0.2141122479769991,-7.0373434537188,1.959394740152766e-12,1.2472733142093466e-11,3.661591442237611e-12,1.0
NEURL1B,343796.4169414246,1.015989868515918,0.23282561618637662,-3.484092366329909,0.0004938090386917907,0.0014271623865488015,0.0009227987159098271,1.0
HM13,858175.2275730807,0.8154464280910273,0.10511893049578205,-7.065962732598646,1.5950622290720697e-12,1.0192488438200937e-11,2.980750171530715e-12,1.0
MEIKIN,1492.8115460049823,-0.48785177031353794,0.5369609871288489,-1.3280515050984458,0.18416109246022883,0.32621516448910437,,0.0
EYA2,139230.69673631288,1.0663520138667413,0.3178378759368875,-1.9703089113647483,0.048802977748063164,0.10538827995119777,,0.0
SLC31A1P1,761.9575590632087,2.640583156380796,0.35422130002969227,7.69939162125536,1.3671557024919598e-14,1.0181336878319408e-13,2.554853046130263e-14,1.0
FOXJ2,412690.3344630407,1.5977569836474295,0.10170976466701989,-0.6471144377752471,0.5175578817888608,0.68966312941305,0.9671790333952645,0.0
PF4,52.89804392648151,-1.730074335003982,0.04440725976170317,-5.581677635367392,2.3820959007277964e-08,1.0991074068270359e-07,4.451508308128945e-08,1.0
DHRS7C,157.33834821519594,-0.13291057275737087,0.7082720912760834,-0.3513364123189543,0.7253359808287207,0.8442822958772694,,0.0
IL20RA,70135.05042474475,0.37024302020419725,0.43788179909719394,-4.636552778766078,3.542677671549192e-06,1.3280390341133768e-05,6.620329216429062e-06,1.0
LINC01562,332.8626763556189,0.5168835353335282,0.513401284705386,1.3065829912574813,0.19135437630270047,0.33633409018100396,,0.0
KRT18P52,206.81052638482782,-0.12792429906912406,0.4950502741232122,-0.3455234625960707,0.729700874542267,0.8473890936759721,,0.0
SNORD63B,2133.2538749036876,1.6850929372672117,0.3934049428118099,4.497537729865024,6.8744964372436445e-06,2.4874626138237866e-05,1.2846618809613497e-05,1.0
GALNT11,194022.96537146426,0.4911350172586383,0.12470337133774256,-16.966467250443333,1.454214662420432e-64,1.274861520721912e-62,2.7175432565874715e-64,1.0
LINC01767,65.35861786772955,-0.7830638682644412,0.054280156277007566,-16.75061768289697,5.604137689002466e-63,4.746419666431411e-61,1.0472653714265267e-62,1.0
RPL35AP8,154.29588972920558,-0.07156519854156634,0.49298916970766926,-0.20076194372427847,0.8408847215285531,0.9126631089222805,,0.0
PXDNL,23957.55065755196,0.6909721735834118,0.5406532987411568,-1.4160855668076568,0.156750453368043,0.2870216253133422,,0.0
BZW1,1017206.7098233746,1.8205476891129642,0.11935661147353709,-0.23923839671162195,0.8109207306879427,0.8971226778033226,,0.0
VPS45,255457.5952858384,0.1172313672801896,0.13684829226642325,-12.615234535198432,1.740387518697902e-36,4.7009278005045485e-35,3.252324768486693e-36,1.0
PCDHGA2,1127664.8460053701,2.3099803442651474,0.10836727020750134,3.888381580522105,0.00010091488600653756,0.00031835333672643195,0.00018858327800099783,1.0
ANKRD13A,1122044.8465421125,3.7096338582042887,0.07552118906091466,21.34558411170461,4.285746672011546e-101,1.0707938060020847e-98,8.008928990292331e-101,1.0
PDZPH1P,442.6795223651246,-0.04663395074057254,0.5895390720481288,-0.12288820284090081,0.9021956275858303,0.9473148878013015,,0.0
FASTKD5,184073.67740985326,1.6911964408831972,0.1667253990284282,1.8106153833267917,0.07020040925016172,0.1459806263100533,0.1311860303003209,0.0
RMND1,483028.6637403358,2.7805938592494224,0.190822478757693,4.94433118519274,7.640571733664403e-07,3.0617431397851662e-06,1.4278211276410254e-06,1.0
LMF1-AS1,2141.436030397826,0.927761264771502,0.26524760516515966,3.668422113641401,0.00024405201650654784,0.0007349025888942474,0.000456068783277195,1.0
ZIK1,20047.409076037868,0.34375329522013853,0.2901125959431484,0.10234495589750014,0.9184828729772662,0.9555170402624752,1.0,0.0
CPT1A,635065.2078955851,1.0045641907198932,0.14819418223867745,-4.439763390140548,9.005783492371202e-06,3.21902003657932e-05,1.682943160485374e-05,1.0
CLASP1,356062.4238957426,2.037300608251589,0.11504214117171649,-0.44381966589703764,0.6571729689537864,0.7972549953537438,,0.0
LAMP5,63014.171389309166,1.359449141609963,0.397058056997976,-0.5619740257448965,0.5741337161923361,0.7358158963357537,,0.0
ZDHHC21,375040.60016186937,2.618116495745571,0.15766689658377034,6.73838846104178,1.6015292714919592e-11,9.504562671787792e-11,2.992835366359506e-11,1.0
SDCBP2-AS1,45469.46980754678,1.8161717534502175,0.22588634546334277,2.690852113638453,0.007126978029775915,0.01791424004768121,0.013318440244872942,1.0
SLC12A5,7024.021608019189,-0.8009923642084413,0.38262668253382237,-2.4015814144531915,0.016324376055010994,0.03856875042406144,,0.0
HAVCR2,109473.42739466194,1.8730510801516997,0.22501600854700993,1.9277648810306396,0.05388437779513756,0.11536428270878421,0.10069567533369574,0.0
NLRP12,6519.531348258215,0.13060843519229315,0.29797111640144613,-0.4836200676688999,0.6286555301521977,0.7769776268179776,1.0,0.0
CSNK1A1L,2934.1612050197045,-0.13507462831885636,0.1585350138352189,-0.9230087553600763,0.3560026425676457,0.5364732222287472,,0.0
ADGRG7,1580.4004751449843,-0.44360140680948984,0.839560355111485,-1.3804637361887895,0.1674439077291966,0.30326828811989687,,0.0
OVCH1,1985.8546250387305,-0.45639960697136556,0.5180155675717378,-1.2293833629985988,0.21892810500189996,0.37210331316139256,,0.0
PCDH12,247472.74028617865,2.157481852542753,0.2051373572211977,3.5590730689955477,0.00037216598767827617,0.0010939490826049096,0.0006954799702424629,1.0
MYCL,22558.899979648497,0.523707663376141,0.49974592270296236,-2.4501793226162003,0.014278508460635655,0.033992237626391794,,0.0
PTPN2,325790.87757772906,2.440140321800042,0.12607208094615735,5.731092504160048,9.978582595372843e-09,4.7533820046785596e-08,1.8647336286117465e-08,1.0
ZCRB1,434484.4096459659,2.551029296743882,0.10672246514307898,7.5257207708994525,5.243028161428898e-14,3.732109932002878e-13,9.797835348788409e-14,1.0
HNRNPA1P22,454.962901953743,-0.3510382322992671,0.4559476440840565,-0.9848324090688907,0.32470639842785043,0.5023398987442628,,0.0
PCMT1,354210.4843462244,0.9293903833496203,0.1418520499751848,-7.419145476674848,1.1787838113708416e-13,8.124665800579442e-13,2.2028357163126762e-13,1.0
CUL1P1,1298.6259414134438,0.6890856842527131,0.46993523395781484,1.9144233851332904,0.05556607990007449,0.11850041933275064,0.10383833255821698,0.0
AKT3-IT1,243.68017103772013,-0.7149510820227167,0.796367816876124,-1.5895007226890971,0.11194739102296651,0.21817516105372997,,0.0
TTC17,1532607.0250268835,3.3314555241638026,0.06169734247330052,14.617290186694138,2.1790197943968238e-48,1.0082001770926786e-46,4.072012682348889e-48,1.0
PAN3,336970.8990006969,1.7872481103425462,0.13305793982731703,-0.05671182047344052,0.9547747577954512,0.9747447615321808,,0.0
VWA8-AS1,510.2189729751266,0.11324091640716295,0.4007179926960182,0.3183686153992296,0.7502053419904382,0.8587030504763206,,0.0
DDX27,366681.70871442015,0.34902836750872135,0.1297694927117103,-11.769557793478699,5.601737252300127e-32,1.19114387445718e-30,1.0468167931841335e-31,1.0
CDKL1,22649.60861726147,-1.1940281091580618,0.23479774390079475,-5.389600127963862,7.06146281214312e-08,3.119905364480917e-07,1.3196009600702757e-07,1.0
MIR5685,1166.3135155714044,0.09297448616851994,0.510450370461756,0.419096539434319,0.6751455796839795,0.810136794110019,,0.0
TMEM9B-AS1,12765.369086993094,-0.16158867695547685,0.2357188513384674,-0.4234420566794731,0.6719727657044454,0.8074756977804458,,0.0
ERBIN,475709.68170939013,1.8531722097887717,0.12003862323246672,-0.2746711776709503,0.7835688766306588,0.8798862194434611,,0.0
NUDT21,550939.3288428137,1.8955465024262246,0.11274818529863775,0.10506345056693105,0.916325460969898,0.9551268937143472,,0.0
MYOZ2,3967.148486203926,-0.3734515030851631,0.5233312642377965,-1.371060772573415,0.1703560120776373,0.30742831070854226,,0.0
ZSCAN22,93499.46994199541,2.6911158361476475,0.16656773950636647,9.842069628517564,7.416911737603507e-23,9.552141224949671e-22,1.386024979536452e-22,1.0
RIMS1,8069.546397916422,-1.8008351417927306,0.5716914836537762,-4.571890310313784,4.833439539328389e-06,1.7707256142246307e-05,9.03242235528196e-06,1.0
HRH1,41281.311845619144,-0.21378317520253762,0.28452639137334723,-7.476128845141209,7.65439125458831e-14,5.372049592581149e-13,1.4304036312332754e-13,1.0
ATL3,1849337.3439453454,2.9245476202573406,0.057324603623560386,10.23435799596867,1.3911477834852284e-24,1.9861615640216247e-23,2.599687911023069e-24,1.0
NCKIPSD,171790.28984878818,1.5266027313530894,0.13269752653141922,-2.6481954366816747,0.008092272819633452,0.02016812333152537,0.015122321346188619,1.0
MIR7161,398.9982549676973,0.2678715937038419,0.43732694343136563,0.7398565857976959,0.45938701961128103,0.638541568010451,,0.0
DDX6,884227.5850640659,2.0231341780656256,0.09210618636038607,0.7859874389591998,0.4318748460757942,0.6117200606206604,,0.0
HMGB1P3,8040.703003179209,-0.04562078959507151,0.172366962271535,-0.38574620111650354,0.6996846424518816,0.8265541745465844,,0.0
CCNY,753222.8892858503,1.5777890441465818,0.09389262022390578,-0.8208762365543559,0.4117167680948133,0.593479793853035,0.7693899364883253,0.0
CATIP,4360.81481365125,-0.2644757597278409,0.281471422658364,-1.4042509778520287,0.1602441264762987,0.29256116185680114,,0.0
ALOX15,2868.445122023969,0.2819969925032162,0.11231984906039562,-11.103724269363257,1.203232650815097e-28,2.1550371168899784e-27,2.2485241421552132e-28,1.0
ZNF134,177299.78836781165,1.2809914309394168,0.16793113790275163,-0.8489870088847447,0.3958885211245591,0.580473867388328,0.7398111219369565,0.0
AOC4P,38172.05251268613,0.615003212336354,0.5338145616182937,-1.9262321375861138,0.054075394674012456,0.11562462438427053,,0.0
VPS52,670258.795155496,1.6913320026485503,0.09116354411391761,-0.5405949029953258,0.5887868318233085,0.749405959913671,1.0,0.0
IMPDH1P9,1515.7555874871584,-0.6689128465340425,0.2975390512876479,-2.374684288657163,0.01756396593750101,0.04118589290928792,,0.0
ZNF223,65939.60947967236,2.2590859310329336,0.13804011616826667,7.955977494183472,1.777227076885647e-15,1.4074173856097587e-14,3.3211681762145017e-15,1.0
RPP25,96189.21887231505,1.2656063915231808,0.2516754841420487,-1.282945071936296,0.1995113205477188,0.34604584129710203,,0.0
RPS23P6,191.52384977369,-2.1827534727971614,0.7167572855649685,-3.668336077904169,0.00024413413999688829,0.0007349025888942474,0.00045622225039807434,1.0
PARP3,141505.68418768546,1.4909526136387579,0.15496689050744783,0.25642825936191216,0.7976201693323782,0.8886751362661972,,0.0
LYPLAL1,100387.17300057439,0.44180042641540684,0.2213122037593362,-5.745071391501396,9.188221177085043e-09,4.410522691824588e-08,1.7170359469668645e-08,1.0
FUT10,22229.601963720685,-1.7252460929686348,0.16633159506771847,-10.146475073032764,3.435485460293848e-24,4.781927812002328e-23,6.420015274902153e-24,1.0
DMTN,159844.8994555017,1.397719975797011,0.20424474785922772,-1.5780713924875276,0.114549209448935,0.2226380395240483,,0.0
POLR3H,599816.70482882,1.7790931147228797,0.11239505960048853,-1.3250751243461003,0.18514623578952527,0.32761180603408563,,0.0
PLAUR,823467.2309030324,4.049610148628607,0.13583070075018816,7.263559882158793,3.7703340750634837e-13,2.5053669379112006e-12,7.045758927857977e-13,1.0
CTNND2,62415.86784346968,2.2499671309096385,0.4382822531830581,2.522691597175636,0.01164604879877873,0.02815447791364166,0.02176339036929593,1.0
FNDC1-IT1,167.94487447775236,-0.3649257536398807,0.7354786357479406,-0.9169549816947402,0.35916623085542754,0.5401660569504968,,0.0
NME2,2883069.669949555,1.3408344764104418,0.06273457203884199,-2.4737545385424475,0.013370152314729463,0.03205885370283259,0.024985284636014633,1.0
KRT20,2359.8875090352244,0.4211742385682301,0.8710338958158409,0.878649301569402,0.37959145544755635,0.5635230252143313,,0.0
MYL12BP2,2564.3769915876437,0.02655163946004165,0.21747480352585466,0.22336942142925548,0.8232480012847837,0.9043240849461561,,0.0
IFI6,900939.2041105706,1.7643012740778101,0.1767501494303543,-0.07148672494357576,0.9430103894873793,0.9683976400058434,,0.0
LINC02289,9678.855856424809,0.22360769197709493,0.48632429910777203,-0.5012818075539623,0.6161728068736156,0.7688607197464589,,0.0
PTRHD1,52245.386097990195,-0.23445711022483026,0.25942008111474746,-8.97919967540159,2.7274339963429654e-19,2.781426057086898e-18,5.096854031311069e-19,1.0
COQ3,27703.15935753372,-2.438689483629261,0.22669679099259807,-10.590754620799888,3.289293870466742e-26,5.168742600856073e-25,6.146821791593984e-26,1.0
AIP,424972.1410907373,1.665792518290917,0.1267074590683389,0.4605174701464511,0.6451448346977477,0.7897571629065765,1.0,0.0
ASS1P10,7831.6023672792435,1.5862444544508172,0.4567879377071225,2.9472673901661617,0.003205958509536963,0.008422804769798216,0.0059910900045460755,1.0
DGKA,140702.05314975075,0.7106496413234473,0.20228437516037798,-6.038873564449247,1.5519378514487804e-09,7.857176741326804e-09,2.9001620956206265e-09,1.0
VXN,34960.39841391,0.3604084630731285,0.38099943711405665,-4.15632791581302,3.23403556926709e-05,0.00010809682768981705,6.0435586161659114e-05,1.0
LINC00662,92898.62352863156,1.187485111864718,0.2001502116727201,-0.2337704980597954,0.8151631541550237,0.9000938762461954,1.0,0.0
LINC00174,209371.75508626807,2.2362837350487124,0.1524965296886836,0.5683474094733079,0.5697990929180039,0.7323266634031033,1.0,0.0
NECAB1,28748.741504715977,0.440742325533928,0.3580909986498817,-3.4023650148008917,0.0006680534742902384,0.0018988982997885787,0.0012484155613419303,1.0
DHX34,355682.8186596713,2.7141922988552794,0.11452437883729505,8.55982967608575,1.1303438906371844e-17,1.0518302460919945e-16,2.112314293759914e-17,1.0
H3C12,9220.730525421222,1.4524600694912675,0.8728992102746067,0.6552833224073468,0.5122853564728254,0.685562379832541,,0.0
CDKN2C,130103.33135210272,0.6495608168499146,0.21673509204357938,-6.27548453504211,3.4854712485701657e-10,1.8707733436203133e-09,6.513425515746117e-10,1.0
NECAP1,321616.20099079533,1.3058187998440516,0.11736252361288718,-2.615009122576367,0.008922507233950923,0.0220940379821867,0.01667381026479161,1.0
TPTE2P6,1219.4190796343578,-0.46929362346938314,0.4466018514617844,-1.2268775613466396,0.21986861337107755,0.37319411039921013,,0.0
TNRC18,1431942.1607197784,1.7092746162786512,0.06757600112499408,-0.8134263852698507,0.4159736366835175,0.5969323797304947,0.7773448999654214,0.0
UBE2F,182800.0248027924,1.5269234701877399,0.18807683457776886,-0.8451974758191229,0.39800059143169497,0.5819262094392632,,0.0
LINC01876,3257.388197305207,-0.2583417271907861,0.5999179085996503,-0.5980487429095147,0.5498074099420733,0.7153764521056554,,0.0
PIK3R6,12461.232802753959,-0.12081246629553007,0.17116302934804664,-0.14718264078790608,0.8829878620157449,0.936407608226155,,0.0
SNORD14E,802.1821567577757,-0.03215401685191977,0.37002649949839805,-0.10121152037065541,0.9193825517479219,0.9555674173636055,,0.0
LINC01198,6854.400442628231,0.6874926793031267,0.779471968962538,0.8748859343157587,0.3816359730813118,0.5655178471133818,,0.0
SP140,20116.507445273724,0.03900947063910841,0.2874344690189483,-0.7672979398199467,0.4429043930600116,0.6223828043084584,,0.0
FAM111B,63432.48088825952,0.21754461760028299,0.5392027739121318,-4.1065290368334,4.0164899173162404e-05,0.00013274074151342098,7.505759205994485e-05,1.0
MIR4324,444.41203533624366,1.8898206287340422,0.410379955727953,4.986801606282891,6.138704412020796e-07,2.4838142467099526e-06,1.1471617781177232e-06,1.0
PMS2CL,56747.07497701179,-0.18047533843808622,0.11439164443170012,0.9051223786698737,0.36540055768463553,0.5470061673906901,0.682837167819792,0.0
FANCD2OS,6951.196429441103,-1.2843233803611698,0.2748943655106674,-4.6401744803293745,3.481151305598373e-06,1.3069356178869325e-05,6.505352682900175e-06,1.0
SUGCT,30177.01383828789,1.0056670705850068,0.27023294850168983,-1.0060910899418236,0.31437175436179643,0.49060451484881223,0.5874778072348156,0.0
RPSAP29,1592.9693670894626,-1.863089120698871,0.4929936868137459,-4.265163317792835,1.9975602948311224e-05,6.822835812215392e-05,3.732912787311563e-05,1.0
EVA1C,365315.60335723247,2.559874300016614,0.20206650327664843,4.406818081478529,1.04900218717492e-05,3.730864006628523e-05,1.9603081261455032e-05,1.0
LINC02768,404.8446618766807,0.22680497084445855,0.45637542582935603,0.6354085838799118,0.5251619711217341,0.6955299151060974,,0.0
SALRNA2,153.67947429097825,-1.5998191343816508,0.7457201903372171,-2.8594959160578557,0.004243148816589963,0.010937017902232674,0.007929324845362769,1.0
NLRP11,35.799715185832845,-0.907536966464813,0.04019149725074512,14.070649404217265,5.753859170701539e-45,2.281907482221872e-43,1.0752443633506205e-44,1.0
RNF213-AS1,43878.45908084416,0.3575408742287675,0.2203803481892131,-5.726191703205257,1.0271015367373687e-08,4.860252252913477e-08,1.9193815927736093e-08,1.0
LINC01426,14300.940849989594,1.8133565960249736,0.3560387736047557,2.6154049820309986,0.008912171430219946,0.022090337617464817,0.01665449537651798,1.0
BUB1B-PAK6,28502.280728161968,0.587107423524315,0.35775265667335193,-2.0664590625403383,0.038785154021132584,0.08560486512526481,,0.0
CYP2B7P,337790.23432754696,0.6677032443373808,0.5599828243093561,-3.02280599604994,0.0025044274204421343,0.006683485940416094,0.004680113620025933,1.0
LINC02749,462.12803387922924,-0.15158969965011349,0.47563077275993426,-0.42759417208930656,0.6689466097023639,0.8055103609818667,,0.0
EPHA5,1115.896093461658,-0.5480102470281041,0.5309934974252961,-1.4027949028593891,0.16067800740748106,0.2930321178887529,,0.0
PBRM1,363673.7229809674,2.0915557086117262,0.1126546979286332,0.033196185612005887,0.9735181398883841,0.9851498876108254,,0.0
IFIT1P1,164.04688033833972,0.13213201198174856,0.6091659033902733,0.3330537968413697,0.739093674957932,0.8528374724573373,,0.0
AGMO,13249.804402676402,0.5461259031483077,0.4586892056212113,-2.2847770661137603,0.022325903075184225,0.051649322993840535,,0.0
RERG,687032.12747318,2.2749617894377456,0.20404272839565457,2.0148292532413916,0.0439225427931065,0.09605293056330555,0.08207963587776858,0.0
CUX2,14271.475642523894,1.212675209770093,0.653732319190949,0.1026917354167409,0.9182076331481274,0.9555170402624752,,0.0
CTC1,256013.64456822677,1.631603677743693,0.15628291716401366,-0.6696751923648306,0.5030648692309256,0.677971872453889,,0.0
SELPLG,73475.04824336211,0.16863612441134107,0.36411000029280816,-7.320165449557746,2.476654126751661e-13,1.6746739744760556e-12,4.628212666932704e-13,1.0
ALG1L15P,16292.567664168862,0.05712021451043227,0.23814791780572325,-1.0876651170660234,0.27674297255402247,0.44537347306037045,0.5171595489350973,0.0
SMIM7,1222565.2103112086,3.368976997137045,0.06768816387655892,15.789565251916512,3.6710125424379e-56,2.3823441135795046e-54,6.860153206642553e-56,1.0
LINC01828,596.9136038549204,1.069522343843298,0.6552811077606666,2.2161726673125313,0.026679679034164905,0.06104320335793133,0.04985727604103292,1.0
SERPINA9,103.03426899689775,-0.6982974873503642,0.23275187993065138,-1.2522221010494967,0.21048894484915692,0.36082787561277435,,0.0
H1-3,9328.442382459889,0.800987259478446,0.6025440380385924,-0.6171088254909041,0.5371629478545493,0.7043120527619631,,0.0
EIF4E2,331929.4147139939,1.7267866501186382,0.13379654134986452,-0.6581387057030125,0.510449006548871,0.6836471273068454,,0.0
C1orf105,62.097273149361264,-1.9273639143619303,0.046004393424828205,-7.629531624419594,2.3560813192373133e-14,1.716230080499833e-13,4.402893923795383e-14,1.0
COL12A1,9625998.072543394,3.6365639054486687,0.03566431157831733,6.85147742138384,7.309113647814916e-12,4.492452754997679e-11,1.3658803626825406e-11,1.0
LINC00705,18.38587632913771,-1.2706119192494263,0.22209715900842023,-1.1480058442586696,0.2509661512131848,0.4144341895612308,,0.0
WDR90,298248.04108859564,0.9427890820198579,0.17616775437173887,-4.360651092645863,1.2967600199833581e-05,4.55049846900059e-05,2.4233021016667315e-05,1.0
RNU4-1,1477.509593242385,4.241166312013529,0.14583615749055384,2.5847840160050666,0.009744001515108654,0.023961995851869068,0.01820896618212339,1.0
TMCO6,57144.41403360837,0.09901283641230187,0.21186358793261534,-7.0674551576064575,1.5780071344035271e-12,1.0096416966215653e-11,2.9488787025484012e-12,1.0
CROT,181664.92541418696,1.2389611803056966,0.2216241015980684,-1.4838497908909756,0.1378487744996798,0.25973994199656864,,0.0
COL25A1-DT,20.711099882652086,1.2207258571126551,0.19591147187464023,7.189842504961944,6.486610255011441e-13,4.248177122449826e-12,1.2121761946257357e-12,1.0
FAM3D-AS1,5837.247396072426,-0.27351314208664135,0.49423668627461176,-0.6368257148335016,0.5242383742086698,0.6948859412323978,,0.0
C6,121090.3367282548,2.2096253902068477,0.3442786275234023,1.0666626713860325,0.28612418916562476,0.45606461667005643,0.5346905659164649,0.0
LRP8,76990.81500028854,1.7137412887694055,0.24415833675265045,1.4340649725088792,0.15155372252128257,0.27965803228908753,,0.0
LINC01985,1837.9177535925824,-0.2816918813704407,0.6246088288804038,-0.8197355061862955,0.41236690422908373,0.5938321096347929,,0.0
KRT8P18,212.0426666071534,0.25413831680511384,0.6904423412163809,0.6349732187745988,0.525445881864774,0.6957215346259343,,0.0
ATP11A,275734.56708056014,1.6450384223691055,0.20759828639879715,0.20175443374918786,0.8401087055268288,0.9125541523865093,,0.0
FTH1P24,208.31983589178193,-0.03827444995278301,0.7147334192581777,-0.11062413732882738,0.9119144061415004,0.9525159463814961,,0.0
SUN3,1565.4182707844839,0.22708092902569582,0.7510638607566359,0.30486369672925395,0.760469966156606,0.8633865337669363,,0.0
ASTN2,59835.19685412491,1.180531881138486,0.34600113053092996,-1.0135992624124432,0.3107740097804458,0.4863076685593208,,0.0
FABP9,33.796528672493594,0.5350943453261062,0.04180937101493789,-5.22699983920667,1.722826501249253e-07,7.402376635204228e-07,3.2195078634040823e-07,1.0
RAC3,85037.91134367572,0.5485270207044702,0.34528816195515244,-3.97054596594527,7.17081192436251e-05,0.00023073114736664178,0.0001340035422065799,1.0
CSNK1A1P3,758.8609935873225,-0.04591349023554793,0.41516025681202656,-0.03680059812571862,0.9706439971376244,0.9838353050094745,,0.0
FREM3,597.9835391015855,-0.35230883478071984,0.6608882406505545,-0.8901586302195162,0.3733807148287559,0.5569502782087442,,0.0
GPR88,14000.214795715121,1.8949705096022615,0.5925363528763468,1.5585301756285577,0.11910762052626693,0.2302440153848185,,0.0
HNRNPA3P7,73.85640666877238,-0.4900564229140494,0.6452515190204459,-1.1854098732397307,0.23585542991533515,0.39351238173186304,,0.0
MRPL9P1,211.75493536299183,-0.44463844794578694,0.6853173185550934,-1.1281177374147835,0.2592701991495665,0.4242217371153843,,0.0
GRM4,13605.092405598325,-0.4460303116856709,0.5758960642611125,-1.350425732864835,0.17687946120803288,0.31645781154906566,0.3305410125865895,0.0
ZFP91-CNTF,81882.52486519236,-0.030197331926897386,0.23677621977320185,-10.02521623142119,1.1810080837683497e-23,1.594999295835255e-22,2.2069922941624695e-23,1.0
KRTAP1-5,183.45769587326305,-0.7657619833284061,0.9090163749742731,-1.6703079283304088,0.09485845535886005,0.18884768981204128,,0.0
NREP,295108.82388274715,1.257479060913958,0.3325560067809779,-1.6874795518520556,0.09151117855082722,0.18305899088009753,,0.0
F2RL2,75123.64636871459,1.1914997958040943,0.46085537499731705,-1.0890342256800576,0.27613879306651,0.44497437889498564,,0.0
NIFK-AS1,54416.60487869956,-0.2524308429126289,0.10132415764119984,-1.2621534130122292,0.20689358855219464,0.356499055860454,,0.0
RUBCNL,31809.817772286042,1.144607036080913,0.3021605330768865,0.1780346321760052,0.8586957776500448,0.9243651014470646,,0.0
MAPRE3,427618.31325432705,2.6639117536843004,0.16001297422225846,6.347028490237137,2.1951349163324135e-10,1.1897059844808102e-09,4.102127590468613e-10,1.0
KRT18P21,3612.987574843566,0.2856209056037928,0.5611597326061736,0.6751972662739216,0.499550443244389,0.6756286020899243,,0.0
DOP1A,690620.0392553897,3.191105561715127,0.08706852768877488,11.512422161110514,1.1422442343849255e-30,2.238350760479009e-29,2.134552894248868e-30,1.0
FAXC,29870.619242016597,0.07865693263154562,0.43185448488719974,-3.687266813375014,0.00022667565040813875,0.0006877341985971277,0.0004235969428158075,1.0
KLF5,146208.5961822487,1.5482806326647383,0.3448915146201785,0.20220190263965987,0.8397588857613968,0.9125541523865093,,0.0
CNDP1,1327.6269073065155,0.021508132451874072,0.3464537657746821,0.18175144833497411,0.8557777883944624,0.9222172975214855,,0.0
H3-5,165601.7301297816,1.5423362537161747,0.22587859708734034,0.4068586080181819,0.6841118383413715,0.8160104619689039,1.0,0.0
ATP2A2,1075832.572314106,0.9546860868242718,0.10582008533357369,-10.336565572839266,4.814848143179936e-25,7.055658701310892e-24,8.997679944454054e-25,1.0
CATSPER1,5555.186053918998,0.6819572649070151,0.393310410218775,1.8762687405643312,0.06061838714613173,0.12781016057773006,0.11327976087106217,0.0
DYNLL1P4,185.82380889523415,-0.24669079533079252,0.4949966268780992,-0.6644596467099804,0.5063961680441984,0.6809638459948492,,0.0
CDHR1,15071.08378370984,2.016019856180258,0.35411413821806814,3.2066188751681026,0.0013430480173505194,0.0037078513495583123,0.002509802147606786,1.0
NUP210P3,12781.35735634527,3.10342776020651,0.4062210291368253,6.040792359872325,1.5335923126619386e-09,7.772171182932766e-09,2.8658791272893445e-09,1.0
TMCO4,164933.10467596524,1.4697302429030918,0.17625404445734022,-1.0407002064167834,0.2980147074015218,0.47155778748746185,,0.0
MSMB,28854.201712081405,1.6197497672451124,0.7605726508042678,0.44651754166499275,0.6552234443068896,0.7956625883843322,,0.0
ZNF227,70378.36497754572,0.5088266209743825,0.1609955326167148,-7.45919396260503,8.705337700126446e-14,6.083996152102357e-13,1.6267977744028367e-13,1.0
CAMK1G,1990.7300844154142,-0.8599143672575061,0.4722641882302863,-2.5426879530503688,0.011000342061256902,0.02667089242120366,0.0205567349589008,1.0
DNAH7,9252.65787170218,-1.5177002829283783,0.27756152045623667,-5.681018439294426,1.3389503953126128e-08,6.264733263461729e-08,2.50214477388823e-08,1.0
ADAMTSL3,60204.729833104415,1.3548539393063272,0.26984599707115337,-0.05167959293505494,0.9587839979858441,0.977365083218128,,0.0
CALN1,6991.660894705798,0.9677144801040617,0.5961038305241273,-0.04840773760371581,0.9613912928200257,0.9786254410718412,,0.0
UBE2E3,279722.3866915423,1.6044104261492658,0.14463372676924682,-1.0557764837335384,0.2910703444886108,0.4624732945658468,,0.0
R3HDM2,908246.1392307014,3.089824479907723,0.0837588836815273,13.323105910137874,1.6988993345564378e-40,5.407261130432178e-39,3.174794306199895e-40,1.0
RPL22P2,85972.88824367992,1.1071692963068327,0.3005880838214773,-2.0577432655371384,0.039614784787227464,0.08732028212694118,,0.0
SH3D19,1142363.574084067,1.9202502507927002,0.08446389049190665,-0.2995147809766303,0.7645472957934611,0.8663135684988493,,0.0
DCPS,85412.21947080587,1.0915998379550655,0.22360521362417465,-2.1434835973189155,0.03207428679339394,0.07213105810377567,,0.0
APOA5,44.08377092908131,0.5352814457110718,0.3251192402750291,7.917904075105561,2.41547595468909e-15,1.897819708424746e-14,4.513886815849433e-15,1.0
PPP1R3G,18544.013250087493,-0.21233585807496413,0.3419764466037889,-3.5961492228388927,0.00032296258085035256,0.000956635457326148,0.0006035317937581196,1.0
ZNF571-AS1,21009.075385360873,1.0828189776788841,0.2917589461033967,0.2952294098084148,0.7678186369385207,0.868641550550552,1.0,0.0
RASSF5,112070.05729507856,0.8896945159125447,0.27423726909656865,-2.9576010332689435,0.0031004312539150486,0.0081627265415245,0.005793887425509909,1.0
LINC02266,1098.256534380192,-1.4172485254025728,0.7722738920898017,-2.6046671276045026,0.009196355749986326,0.022704639171285408,0.017185560838699203,1.0
KCNJ15,14163.774442263046,-0.410632355826945,0.45849891822374383,-2.9928164539365536,0.0027641593308637786,0.0073275884224542715,0.005165483985163165,1.0
MIR199A2,466.31449853710745,2.8188737920025684,0.3469387199534315,8.347325941284161,6.982582461076573e-17,6.142951506690077e-16,1.3048603050859998e-16,1.0
PDE1C,49058.706368142295,1.2500649454286523,0.3835434749170056,-0.6201270290583147,0.535174158374346,0.7028619587392587,,0.0
WWC2,191439.54453405258,1.5972532796877006,0.2135314178976274,0.7427850840146181,0.4576118074665593,0.636823142725896,,0.0
RICTOR,379082.82341769803,1.4280834111568965,0.11930783337441296,-1.3155621693806137,0.18832103800303301,0.3325788943035933,0.3519222987663261,0.0
MCPH1-AS1,6447.4928905011275,-0.06378261944272388,0.1397625826484371,-0.16477420630039563,0.8691217068968627,0.9284184451303137,,0.0
FIZ1,202101.23479561025,1.4643509435120121,0.13718595017432164,0.7190488171591675,0.4721108417291112,0.6506171748815137,0.882250514629906,0.0
PTPN2P1,7998.0869481679665,-1.486752283668487,0.21468351050351558,-7.863213568521227,3.744018680280363e-15,2.918699117841025e-14,6.9965824029023835e-15,1.0
RARRES1,956870.2256711954,1.798471873989197,0.1449318797107746,0.09089347984337422,0.9275772310791583,0.9591499426041799,,0.0
ATXN7L1,35150.323587133185,-0.0024138497985353937,0.14342434880084873,1.2686668631159257,0.20455990583029826,0.3532086556440914,0.3822684552857144,0.0
MCM3AP-AS1,190245.10404163873,1.9584180733949985,0.17846532548716823,0.20622692934875908,0.8366136533589512,0.9117025386414627,1.0,0.0
TMEM161B,100180.76089591152,1.3869886100585929,0.14663968909583797,-1.9107356534249216,0.056038560543367845,0.11936261169446254,,0.0
ALKBH3,205373.21184622002,2.6644526278130938,0.13131710650858977,9.57931525032639,9.76904495783887e-22,1.1622837536743055e-20,1.8255765764517892e-21,1.0
RN7SL809P,950.5757677876896,-0.505984983839671,0.4323798058099525,-1.4195486742547436,0.1557391168405279,0.2857981516166427,,0.0
AIMP2,311310.64524417376,1.4349192545650522,0.1273531375364835,-0.42685331657828746,0.6694861698030472,0.8057375699676846,1.0,0.0
EIF5B,3681505.2722825445,3.4544542123677107,0.056535738523952724,12.6540529298496,1.0624910239820056e-36,2.91718002573521e-35,1.985515200762185e-36,1.0
RTTN,89942.28192068313,1.2645583094005894,0.16651836506431916,-0.06375635262737585,0.9491642330681161,0.971566770926441,,0.0
PRKD3,195242.83839037156,0.5320486406110138,0.18597745863996754,-9.488644444883292,2.3405805481308278e-21,2.7073798608818856e-20,4.373927075171932e-21,1.0
LINC00525,692.8461984852639,0.1267412737613212,0.5316369683366268,0.3076045804298469,0.7583832344260355,0.8629957329090057,,0.0
RPS25P3,334.22562855162414,1.3163244570667594,0.560367188873873,2.8989137188436973,0.0037445792369074195,0.009760908944614698,0.006997629935237986,1.0
SNX16,79409.27477969225,2.5626626154012206,0.1660761364921506,6.4626659256231935,1.0287424333461343e-10,5.724527772194468e-10,1.922447995299414e-10,1.0
CNTN5,214.44161953180748,-0.6184243388744414,0.07735843192086496,10.51922305213277,7.045212777341674e-26,1.0967267367095434e-24,1.3165642576056973e-25,1.0
DDX60L,183010.8253088603,1.2516380500192794,0.26329940899401694,-1.4278286371474014,0.15334118801988744,0.2826432742660928,,0.0
ANKRD33B,58077.55799186146,-0.08061864639601977,0.30762621776897814,-6.90338027897545,5.077945397515912e-12,3.159961787221296e-11,9.489339248835831e-12,1.0
STAMBP,197703.2318742231,0.6834383546756257,0.13859841933427344,-10.732902358545095,7.132027125274749e-27,1.1723269587170368e-25,1.3327875671278205e-26,1.0
USP28,121040.4569661192,1.4859408052722367,0.1687840428100365,0.2003678163223068,0.8411929279376374,0.912773577932171,,0.0
ATP13A4,22292.837669211447,0.3972952100581291,0.5111519385284562,-2.1970637338970964,0.02801589473600089,0.0638083071995426,,0.0
CD48,51093.074860185945,0.6004337312933489,0.3545190676643635,-3.7677810786175305,0.00016470504341390595,0.0005067925504552266,0.00030779024006704866,1.0
ZBTB8OS,82848.17256817038,1.5297704725515646,0.1451953498629472,0.21427307123158487,0.8303341164000401,0.9085131551677251,,0.0
UBA6,297191.3787309965,1.7376787388642851,0.1378581729451286,-0.08565611067407429,0.9317397924499534,0.9607725428956702,,0.0
TDP2,113850.70221023056,2.028569027808279,0.14840138474358514,-1.8349800697253842,0.06650864255354436,0.1392307024885049,0.12428709305911037,0.0
URB2,111373.42227255492,0.6526003007971076,0.2013206368439155,-4.547276411701187,5.434460468832818e-06,1.985087643476432e-05,1.0155571788615405e-05,1.0
RASL11B,21486.388927123717,0.48644090791277345,0.42531848785958054,-2.8454341521626474,0.00443509281801415,0.011400287454535344,0.008288017506214176,1.0
POU5F1B,6566.828768595728,-1.449205367181315,0.2517001659945116,-6.806000950281667,1.0034904927135446e-11,6.10772471630887e-11,1.8752587853738155e-11,1.0
TUBA4A,210036.54177646307,1.5993050473582444,0.2393880962650665,0.2696189996003382,0.7874533819290217,0.8820678210041071,,0.0
CCNT1,819622.2571422893,3.350534353876776,0.08151467461252795,16.51301988839541,2.9570820083090605e-61,2.3088341868000584e-59,5.526005533104104e-61,1.0
PELO,127271.85023196679,0.6764686754083902,0.1501858843472645,-9.24411751589591,2.3718983452860164e-20,2.599205270042593e-19,4.4324517694069655e-20,1.0
GREM1,232800.53422261163,1.4433329121757499,0.38312109441288167,-0.6198454516810337,0.5353595414680761,0.702887973913814,,0.0
SPRED3,18750.02460807529,0.1980053265723334,0.26466976180879637,-1.5693098966521193,0.11657574740209985,0.2257864378946872,,0.0
COPE,543197.1050051382,0.9361979004355595,0.13375436677071156,-7.234226629310564,4.681893862818578e-13,3.0946327556222797e-12,8.749223497570844e-13,1.0
CHSY3,33725.45253888771,0.5369314121129347,0.297531047281834,-2.584349933516695,0.00975627510818177,0.023980377135063607,0.018231902287054715,1.0
GRSF1,555909.9321789697,1.0702423348086263,0.1776601121540476,-4.351385915564674,1.3527970528003737e-05,4.730529652094799e-05,2.5280205208838697e-05,1.0
ZDHHC20P4,5051.910205798015,-0.35105780927092284,0.33805251740762904,-0.9289109173109038,0.3529352546837803,0.5337825265299183,,0.0
RPL23P5,98.4209467180523,-0.9660168515375128,0.7613671384191788,-1.973921275187044,0.048390695211294445,0.1046789194678954,,0.0
TMEM267,128646.38850175733,1.346053638400798,0.14250441974774405,1.0265110834498774,0.3046507420182938,0.47932612023470217,0.5693118017447322,0.0
SYN3-AS1,770.9324175259289,-0.9811981678582659,0.7265622446153132,-2.0590112367254556,0.03949316206374725,0.08709061378311783,,0.0
USF2,1083618.3666734435,1.9394357185580977,0.07491459745387237,2.086271442221949,0.03695404198687812,0.08203436153195467,0.06905734772192594,0.0
NDFIP1,1742840.417423524,3.0827755512622823,0.06149309979171264,11.349789645295216,7.434133354750133e-30,1.3965550516423463e-28,1.389243245089245e-29,1.0
ENTPD7,55774.64713540382,0.9311059194390459,0.3103019912695407,-2.1161524630660518,0.03433184272321252,0.07675893426751362,,0.0
HYOU1,860375.1643257185,1.7809717826569136,0.1351970700551137,-0.13062310394308627,0.8960734650177581,0.943644755983249,,0.0
DYRK2,321069.14523906074,1.6550770737990501,0.16125327053034988,0.3229544629087653,0.7467297289344679,0.8565885157856268,1.0,0.0
HEMK1,190194.63368648282,1.6303624725658412,0.15532105388402934,0.11288292873954747,0.9101233707071217,0.9518389458818517,,0.0
CACNA1E,2393.61405802619,-1.6735354382249021,0.42375723640319957,-4.261878177767717,2.0271594710313594e-05,6.915570850421433e-05,3.788225832738857e-05,1.0
GCNT3,7068.821849695538,2.2704798001878266,0.7662856139380515,2.3048816470804185,0.02117320274366848,0.04909628496988927,0.03956712569562879,1.0
RGL1,194737.72195412221,6.314328956734434,0.28958593837937385,15.708521494076537,1.3222692145219968e-55,8.057779591422462e-54,2.4709720512215477e-55,1.0
SCGB1A1,997.1509532077944,-1.0401838357601367,0.8724675712242201,-2.0932121129464702,0.036330223928867894,0.08079311480754467,,0.0
AGT,81766.71816659009,0.8639503219538397,0.3690701012151177,-2.9349610738709853,0.003335895336679538,0.008754973212913682,0.006233907628043251,1.0
ZNF282,503160.83331816585,2.925538976503356,0.09895538611750787,12.022406215660823,2.7096411375463446e-33,6.356843551323514e-32,5.063603875960765e-33,1.0
CAMKK2,268514.38167333533,0.39487522401525293,0.11842815961764291,-25.974903080530613,9.516098834789205e-149,3.9626621564534718e-146,1.7783076244368607e-148,1.0
VEZT,1469685.440571616,3.7882010957651473,0.0827410427060892,16.141309738668856,1.3073735332809859e-58,9.332779351150124e-57,2.4431359557984616e-58,1.0
AKAP10,165976.21415336675,1.6218227057574963,0.13438326478478818,-1.6449637361010263,0.09997728970137723,0.1977132163695107,,0.0
NUDT4,351573.96999003564,0.8016910253054682,0.16766605362819664,-8.014133550746319,1.109161359502595e-15,8.925087461247128e-15,2.0727297357645728e-15,1.0
ABHD14A-ACY1,234917.53138174248,1.6285884034573233,0.1583026633300609,-0.49974285586991535,0.6172561521546707,0.7693761517378123,,0.0
LPP-AS2,40459.62566549677,1.4369633965759456,0.1927186897853577,1.7793390166340772,0.07518419794756087,0.15490360533522377,0.1404994155362609,0.0
FARSB,267530.3916873055,1.6480195866248115,0.14882124135538383,-0.8080932580460656,0.41903689844792236,0.5994931367478844,,0.0
LINC00598,35077.22791062582,0.20615010223657776,0.5517628021093831,-2.780771480346694,0.005422989583940727,0.013790676310916954,0.010134135733340243,1.0
HCG20,685.8218555350169,0.6420186074303129,0.43861698193087056,1.8468979050126624,0.0647619384373063,0.13580168123005434,0.12102296423755406,0.0
MVK,112748.81172878665,1.2530282843604281,0.20923260412395145,-1.7856909021966816,0.0741493192439639,0.15323579332592538,,0.0
SECTM1,154710.62151315247,0.8455266211267528,0.27164342654113455,-3.4279020670558498,0.0006082648436282574,0.0017368568134916583,0.0011366863962641743,1.0
TMBIM4,759564.0821675509,1.4456619958277608,0.11978081582711773,-1.2306020575965038,0.2184717353101605,0.3716112786905507,0.40826599152762605,0.0
TOP1MT,159483.8851776268,0.7750297813413916,0.27878096229909655,-3.940626428030866,8.126910445139341e-05,0.00025998829381793396,0.00015187049923096968,1.0
EPGN,179.77186787747033,-2.1306380049011038,0.07401771609937757,-0.4718323901902938,0.6370464295084334,0.782617473729556,1.0,0.0
COA5,378203.2331232065,3.117588862591797,0.10487291311149967,15.400138264244235,1.6331976993795475e-53,9.169762813257976e-52,3.052015296858489e-53,1.0
SBSN,9701.757473253996,-0.13179269736330054,0.11398831915367708,-0.3236688680070156,0.7461887428385838,0.856427396034204,,0.0
ARHGAP20,56787.529287987294,1.570331513884783,0.4210209304111617,0.41176438603554916,0.6805121273595229,0.813910746868247,,0.0
WBP11P2,220.8760368468029,-0.6670209909819395,0.7403749081861096,-1.5351098070388838,0.12475685773170593,0.23885441305951516,,0.0
EFCAB13,55817.06038861477,2.0572033942370638,0.25337775217283387,3.821944930825652,0.0001324032614806923,0.0004104336833864885,0.0002474267380774194,1.0
RAVER2,122865.51367735874,1.3389263582661133,0.17893375836658248,-1.122926941789547,0.2614685240545105,0.4267853832986215,,0.0
COBL,373925.0039521304,1.6845576322386266,0.18713822273529743,-0.13201730210806964,0.8949706064270598,0.9432963763585779,1.0,0.0
RETREG1,250340.0328461454,0.9719647089030905,0.3002646818715991,-2.886285508077839,0.0038981835463382884,0.010128680582749964,0.007284675834350197,1.0
KCNIP4,6716.252438501365,-0.02345444660296887,0.19507569175944542,0.022312242271559108,0.9821988833934584,0.988728408605381,,0.0
SCUBE1,51760.77174934388,1.3883865265401387,0.4469989888586621,-0.09132772053049248,0.9272321922262479,0.9591499426041799,,0.0
RASSF7,141892.95977322705,1.5135001215365345,0.3428275976618971,0.09513947319951116,0.9242040451789576,0.9583414844904029,,0.0
ZNF174,65394.92929851991,0.24474701737591814,0.15529374924704017,-8.79724940230969,1.4021045941250505e-18,1.3604498362801703e-17,2.620163297248645e-18,1.0
ZNF213-AS1,77432.83821225745,0.31200561498642093,0.17062867350314379,-8.337299365875404,7.600646110225698e-17,6.663233089964529e-16,1.4203600827523488e-16,1.0
NFKB1,358778.5670392618,2.1450815588889722,0.11068044388234048,0.7395652343304792,0.4595638432527571,0.6386097121062367,,0.0
HADHA,2915153.730431501,2.935083111245582,0.046187110565746266,10.075241992135977,7.108558937439224e-24,9.758645332523023e-23,1.3284019824376892e-23,1.0
BRD3OS,242898.9016830978,1.8068796949696848,0.13770560533855192,1.248609139505781,0.21180806788680007,0.36246743672271914,,0.0
SEMA3G,846991.459985283,2.232488536599522,0.17729222674150902,1.7442862122825205,0.08110919463561198,0.16529471680022556,,0.0
RN7SKP176,3942.690275222667,-0.3577255296622354,0.3097452352424701,-1.548272647410809,0.12155666702791823,0.23380241152367492,,0.0
RASSF2,239591.90599905569,1.5464501837747968,0.16316906917230384,0.14736349747363856,0.882845115720753,0.936407608226155,1.0,0.0
IFT27,144426.3262765031,1.2368702675385672,0.18487909102460098,-2.457863823675599,0.013976616021073302,0.03337411706825679,0.02611860518223758,1.0
KANK4,46592.747851222244,-0.05924431815845148,0.4335933247222874,-6.108687099156662,1.0045405025773396e-09,5.19099161466284e-09,1.8772209765815132e-09,1.0
SS18L1,174315.08805255182,2.6827232485549546,0.1638347970914394,7.30375756729063,2.7984040457496176e-13,1.876996646524945e-12,5.229478315860449e-13,1.0
TMEM168,158938.45330535845,0.5086363786425718,0.13276328858157363,-11.357892735082817,6.775937913953262e-30,1.277711764378281e-28,1.266243895139284e-29,1.0
POFUT1,401112.95151384716,0.9349070062779736,0.1261481741742143,-5.9599413387493625,2.5232849622538787e-09,1.2546124334709086e-08,4.715353386829705e-09,1.0
ZNF487,50255.57239726016,2.2494015490942667,0.15521766356267733,7.40116651989667,1.3499332141597218e-13,9.265956416423254e-13,2.5226687625864356e-13,1.0
AMFR,809630.3718074855,1.7113083300468521,0.14188083931245454,-0.4669189478554307,0.6405578683730362,0.7857173303207844,,0.0
TLN1,2099130.117597367,1.0724714347006181,0.10319454426561744,-7.359458177310423,1.846581989641855e-13,1.2605696997596105e-12,3.450774196798934e-13,1.0
SPON1,416329.8940215891,1.9574512574527327,0.24913664609741903,0.9328657504578038,0.35088928791010277,0.5311955243596787,,0.0
PSMD10P2,87.75135911039472,-0.18357948449629016,0.02197038369719598,-7.1668731563612464,7.673006277292429e-13,4.985957395010438e-12,1.4338822874955225e-12,1.0
MTND5P11,12159.96210065611,0.24672048764499607,0.402159901736991,0.5391231614572343,0.589801874964699,0.7497430600861361,,0.0
GLS,313141.775803506,0.5391027889155602,0.2610213206842007,-8.045084866210527,8.618567605363881e-16,7.037088615033222e-15,1.610582734629892e-15,1.0
SPINK1,12994.626335059018,1.4666813997877557,0.7534666432834614,0.6806052021615624,0.49612133434724237,0.6723944420214728,,0.0
ZFR2,3380.0206234930183,-0.17190003079805471,0.5815003309549891,-0.459468486337642,0.6458977773113856,0.7901353940799201,,0.0
NECAP1P1,510.4840836976976,-1.0511977129276087,0.3979662721084334,-3.0218701486839437,0.0025121828844252305,0.006698707509857458,0.004694606534582228,1.0
TLCD4-RWDD3,59978.43544282821,0.3624994966102512,0.11835859071108634,-1.6926992728586026,0.09051272375840425,0.18127939103035914,,0.0
PMF1-BGLAP,151900.0393173343,0.35909481287845835,0.18189010997735525,-7.347564199842153,2.0185135432862682e-13,1.3741842201364417e-12,3.772068876515139e-13,1.0
PDCD6IP,1013865.4516004259,2.8169484348181246,0.08558184025141169,0.8080761832842251,0.41904672717711156,0.5994931367478844,,0.0
MTHFD2P1,274.4320871294944,0.0014836537543956151,0.8095033698313343,-0.01896501927807447,0.9848690109602036,0.9904186854031269,,0.0
C1QTNF4,8791.573086718647,-1.4971636933767758,0.4583744962948182,-4.581284259342162,4.621291842640497e-06,1.6981080007131e-05,8.635974322241796e-06,1.0
SEC22C,345020.98921055865,2.2288137097403045,0.10732761062143673,-1.3138861812708518,0.18888450969189718,0.33292976893488896,,0.0
CDH3,316818.7481238929,1.3305929071851548,0.42046049259695,-1.1169089128777663,0.26403327334514926,0.4296236622942725,,0.0
IFNA5,13.277706009562399,0.24968608512314686,0.04777375237392566,-10.459647419880662,1.3234722176066032e-25,2.0162776437134745e-24,2.4732201463650697e-25,1.0
EXOC6B,332424.6337710006,2.2230066213691533,0.11854201710468013,4.96166719259434,6.98906732452523e-07,2.8119460081040717e-06,1.3060721548486377e-06,1.0
OLFM1,223884.24130247143,1.2869214222935512,0.2813079147885328,-1.5954758518659968,0.11060586582128015,0.21584110907391257,,0.0
SDCBP,1178485.696756481,0.7042041658993692,0.0888086046884441,-9.05433104034054,1.3740743415631528e-19,1.4215837442631624e-18,2.5677821558680157e-19,1.0
LINC01447,19.424202058201036,-1.736497737663497,0.04355267906441158,-5.1691080383080745,2.352138994380973e-07,9.94385664544985e-07,4.395526759507002e-07,1.0
LINC02346,7.571163529733357,1.4753940002050385,0.05874853007395719,-3.2501027456125793,0.0011536332028182293,0.0032097467229859084,0.002155835869290461,1.0
IQCJ-SCHIP1-AS1,48.36809738938052,-0.013946792888156433,0.19558811815052113,-1.5958069492235478,0.11053190131165104,0.21583740166249327,,0.0
SIL1,213476.36257100533,1.0338715386691821,0.1948322235731268,-4.356527661984586,1.3214199999167698e-05,4.6272850312432363e-05,2.469385093337359e-05,1.0
LINC02390,150.79748668589332,-0.5167248740860253,0.655776572607697,-1.254860611880623,0.2095293647378007,0.35958165693432476,,0.0
POLR2B,722605.0252676705,2.3107398712796794,0.09808261807265561,-0.22024838007118913,0.8256777197239202,0.9055995534373199,,0.0
KRT36,210.86952096547066,-1.5975442205179269,0.5833235170066319,-3.295415813761913,0.0009827614450849374,0.002743496615133761,0.0018365216683206554,1.0
OBSL1,670682.4609706623,1.6356181360725848,0.11059716882694036,-2.6250437726438633,0.008663782847881794,0.021506668102764692,0.016190322696658686,1.0
TMC6,355960.366234861,0.5394535187841537,0.149049793102073,-8.812099781756741,1.228232236707036e-18,1.1987258763330194e-17,2.2952417676982273e-18,1.0
HYI-AS1,2326.3141033285056,0.9795455372551056,0.301702445092001,3.588484557968011,0.0003326056895444407,0.000982868498316718,0.0006215522178958751,1.0
CCDC201,20.18976928722342,-1.7717081440387115,0.036038045020770605,-4.091586047568416,4.284329172335183e-05,0.00014094004525450236,8.006280057651051e-05,1.0
CCDC62,1374.6556216897752,-2.810673439162469,0.2808201996207449,-10.155917699958376,3.1186222570996628e-24,4.365197596282077e-23,5.827881607601726e-24,1.0
CC2D1A,1056080.4298913248,3.3377143868043713,0.07135575029164697,14.164653470002415,1.5161295116929883e-45,6.159430219455172e-44,2.83324576287579e-45,1.0
HMBOX1,88377.83931685756,1.5646805133609545,0.1539065889156562,-0.1014571502832822,0.9191875711015919,0.9555674173636055,,0.0
ZSCAN23,6948.894494567496,0.13359870546704458,0.3622438971388837,-0.7924624732463142,0.428091064691702,0.6094504416707791,0.7999891736217034,0.0
SF3A3,379590.53252518445,1.730686552942777,0.13127647265544543,-0.526718419709645,0.5983891423595809,0.7554055459277794,,0.0
ZKSCAN4,43236.89233025808,0.2329390669731665,0.1417806948314818,-2.5295180824044285,0.011421928831313646,0.02765279959790421,0.021344569323139224,1.0
DHRS4-AS1,729987.831433938,3.555788035325671,0.12095349920991416,11.826953131302307,2.8323724613983006e-32,6.126997917578921e-31,5.292956316233099e-32,1.0
GIMAP1,104491.7979235215,0.991738776557561,0.2633789680160632,-2.6256903121111717,0.008647345321081235,0.02147653308620424,0.016159605298968937,1.0
DRG1,266914.72833157936,1.702130220140028,0.1404998347402215,-0.22640577826671424,0.8208858341990191,0.9033428178659383,,0.0
IMPDH1P11,2043.2496718314942,-0.96218675175963,0.512950500727924,-2.604160286172242,0.009209967338530257,0.022727015699079353,0.017210997303902652,1.0
RAD9A,342242.4553252557,1.3979892654825246,0.16270803510407061,-1.1165982432968558,0.2641661430888761,0.4296999404346074,0.49365677524873364,0.0
SERINC2,655863.7611474977,1.5016898414747148,0.21721162221768275,-1.2444692423681494,0.21332691262792547,0.3642663066652747,,0.0
PPP1R36,8005.446946369181,-0.253952213776621,0.3241092685317294,-1.2225311071943725,0.2215068477488169,0.37546462625537247,,0.0
LINC00968,11301.646553528082,-0.10348845910170738,0.4576311076346591,-2.831777474322504,0.0046290051015836844,0.011856042282221256,0.008650388366721643,1.0
PSMD6-AS2,13288.624707451014,-0.22088029570029177,0.2819998715352999,-0.601155167524431,0.5477366419257919,0.7131422615172439,,0.0
LINC01215,2954.1428552201387,0.49253903990566494,0.6814296549543718,0.920871134869653,0.3571177104427816,0.5379913171789508,,0.0
TMEM132C,85071.38319734426,1.264214195644055,0.4992182323643829,-0.7409154675972355,0.45874469640332627,0.6381274425016458,,0.0
TNFRSF1B,582247.6766216757,1.5205182103830897,0.19081290599485834,-1.246820307757476,0.21246339252061153,0.3630915090374473,,0.0
SPACA3,63.233852781004416,-1.635169575388816,1.1420867428511845,-2.505563358412907,0.012225649239178897,0.02945591574164752,0.022846510564015314,1.0
TTC7B,138939.14578145742,1.400068285744918,0.17975536665173455,-1.031431152208378,0.30233867848162277,0.4767391531627229,,0.0
ZNF788P,55442.336132363955,1.8006722361216565,0.22831997763381945,3.2489256116067513,0.001158417676164019,0.003221264957034838,0.002164776786758266,1.0
SLC12A4,401847.2447952824,1.6041801759685297,0.1835852101976861,-0.5408916972598597,0.5885822340084893,0.749405959913671,,0.0
LILRA4,1974.8204573113137,-0.585088181857653,0.48858039764004346,-1.4489514525329663,0.1473511406938164,0.27358009319517423,0.27536037772887084,0.0
TRAPPC9,294734.7781213126,1.0007415322989373,0.19853350229502464,-3.4595175281925052,0.0005411440551878082,0.0015540786458468263,0.0010112553641636042,1.0
INPP5D,170200.94243010657,1.3978203565251062,0.1938204533027318,-1.6035864887822366,0.1088052309006635,0.21288165184440702,,0.0
ARL4C,327873.930686246,1.8222440081588693,0.22330648060742253,0.7812940667422988,0.4346295589720114,0.6138620424485983,,0.0
KRT18P34,5043.8447248225875,-0.3693243556047328,0.28233313484559003,-1.6543771883131504,0.09805089844200612,0.19435158251277454,,0.0
OLIG2,82.00781316788255,1.0596418142125368,0.05374128976199528,-0.5901235203798335,0.5551078412011368,0.7195522392949625,,0.0
ADGRG3,19299.50594345726,0.40011134735145504,0.45484146983387963,-1.5194291260444543,0.12865451523431534,0.24565785732742598,,0.0
CRHR2,10885.82200198317,0.9499933498662443,0.4939346982163959,-0.7053384563351833,0.48059963378036974,0.6583213733554023,,0.0
HNRNPCP8,518.4137836078719,0.7866881440540954,0.7040685692557678,1.707820945125631,0.08766957143961471,0.17686106115613837,,0.0
RAD17,141163.94734398174,1.3766782925870718,0.1555539700538627,-0.7793689596058736,0.43576240329850235,0.6149406182667654,,0.0
GINM1,607558.2154367033,2.7396141166540873,0.09458581101509786,9.229002374452543,2.7316414470732474e-20,2.9803520329748947e-19,5.104716645858271e-20,1.0
CKS1BP7,8137.993814958034,1.1661019765864022,0.21253085184692047,5.730247384209656,1.0028427173098837e-08,4.7725762460928467e-08,1.8740482641725835e-08,1.0
TFF3,971312.0250264261,2.960962205235289,0.12691301927231372,2.837629105253561,0.004544996179574974,0.011658801801507261,0.008493397871853456,1.0
SLBP,243010.29405578654,1.8445884161754094,0.14724663635853458,1.2216761603149753,0.22183011499032035,0.37588507446816916,,0.0
WHAMM,133333.22526451046,1.5456690314413748,0.17984717728630514,0.11679534193124248,0.907022235089521,0.950146073039089,,0.0
CRISP3,288961.2988689677,1.3847331746121,0.5908599731952001,-0.6784408626274742,0.49749220769431046,0.6738868424636675,,0.0
ZNF548,190957.89145320904,1.450359008348714,0.15237333647435516,0.0730034581789702,0.9418033656270951,0.9677547641452999,1.0,0.0
STK32B,50342.45306275454,1.7625549704610641,0.29386327194407225,1.8897192929756108,0.05879551241062356,0.12447260443992318,,0.0
BCAR1,414506.05905062816,1.964562619177549,0.12385186866786092,1.163964535273805,0.24443838431815368,0.40572019246759006,,0.0
ADIPOR2,1076289.3616471263,1.395167704664184,0.11698239949642128,-1.7402003525919205,0.08182384374869382,0.16654735120660813,,0.0
METTL1,267700.34871887474,2.685336465743299,0.16733645108838538,5.215831807775811,1.8299416636284567e-07,7.832927362640547e-07,3.4196778209242324e-07,1.0
CC2D1B,249113.68080121567,2.5270000627907794,0.11072007557142469,0.4118645034331445,0.6804387396444574,0.813910746868247,,0.0
TLE4,107028.76933983364,1.3825575966554482,0.20775934473221547,-0.7558258720055114,0.44975360274352194,0.6292191095576635,,0.0
BTBD10P1,1292.912305108516,-1.519882728508124,0.18170168433382253,-8.551991941012627,1.2098222717703859e-17,1.1216107406375916e-16,2.2608384039029983e-17,1.0
CLCA2,121614.98996515432,2.204685104897747,0.44416032393707916,1.2964053870617953,0.19483585709780238,0.3401798664981546,,0.0
DPH3P1,1987.9637171511574,-1.3524443440906886,0.21558474699315613,-6.522621166972098,6.908920880457899e-11,3.9054160225846293e-10,1.2910949005104008e-10,1.0
STK11IP,142815.6987912453,1.5314526702585165,0.13772744580082877,-1.9468933036069493,0.05154752763501133,0.11083605662312893,,0.0
LINC00636,8.056484932106127,-0.36575349855822126,0.058543018045731664,-0.29437897436626587,0.7684683315130995,0.8687864824821172,,0.0
AMD1,351803.2284097289,0.6051883165015778,0.3196165729812156,-6.497359373719817,8.174203928237939e-11,4.5946565837350935e-10,1.527542895639678e-10,1.0
APCDD1,330936.13266197,1.588286089424898,0.25544562272947735,-0.6321478538227943,0.527290268019025,0.69676264892866,,0.0
AREG,124532.7331311184,0.8938602582183858,0.44979885044104656,-2.5216955866338466,0.011679072860971008,0.028216832052466594,0.021825103622390474,1.0
PLEKHO2,350624.0717625342,1.5570365411316913,0.18063425768320926,-0.49768669164505547,0.6187048897054181,0.7698377325343562,,0.0
LINC01436,13255.060098891572,-0.7288114299957587,0.5102552222947428,-3.670652880586796,0.000241931713008911,0.0007300318658849809,0.0004521064958509829,1.0
LCMT1,214312.57640400445,2.912194537224659,0.16124486763289944,7.1126564489684565,1.138303841868545e-12,7.33948941653822e-12,2.1271893409936874e-12,1.0
CALCR,2619.4812363299216,-0.19350264755759589,0.549828381202201,-0.8991213780952207,0.3685880122106543,0.5509525267773376,,0.0
FAM187B,832.6984448394203,0.2450430432577009,0.7177100044353707,0.9585721652199195,0.33777432050838196,0.5180657702824999,,0.0
SNX18,155611.66641815339,0.6635869489142544,0.15093307238636225,-10.431053169892836,1.7889434511811686e-25,2.6925754293832228e-24,3.3430629863695956e-25,1.0
MT1A,142301.9025845997,1.2939263299856334,0.45461156868925784,-1.0335618086891352,0.3013410613301786,0.47576659825178585,,0.0
STT3A,736541.7257052116,1.6899782262914793,0.14662546811543425,-0.418971741805545,0.675236784462965,0.810136794110019,,0.0
SPATA18,99545.85180722158,2.748440894319141,0.2475824217701097,5.407478108649756,6.391835243058609e-08,2.846702380531539e-07,1.194465247178903e-07,1.0
MACROD2,31670.513706284146,1.0935326646961696,0.2718032795767416,-0.6023057022138864,0.5469706658667773,0.7125162714640997,1.0,0.0
KLHL7-DT,5356.603993039861,0.08113923872560892,0.31641636996919864,0.5247132481287984,0.5997825462430972,0.7558924044329778,1.0,0.0
SULT2B1,163602.52225527205,3.077652581014009,0.3401522423002286,3.667334751729849,0.00024509184203648434,0.0007373413212861603,0.000458011942653819,1.0
FOSL2,3993421.9238544493,2.613919734612387,0.06437410113880501,4.7247140616732155,2.304393659754841e-06,8.796833550645484e-06,4.306303335001848e-06,1.0
KRT6A,114926.06973141912,2.8000916608962427,0.08157398601012301,-0.37147180222306475,0.7102861544467304,0.8335603367238872,,0.0
KLF3-AS1,26685.07882526808,0.7021191364297789,0.3317465055623371,-1.3792712178043065,0.16781114722534807,0.30371325703913954,,0.0
RPS19BP1,310989.6280050603,1.4140744437875616,0.20923406255871657,-1.3382542205975827,0.18081357956389288,0.32188295585349935,,0.0
NCF4,59918.51836517507,1.1971081337857228,0.27360955117203933,-0.9015039975621133,0.3673204093147303,0.5492220482781889,,0.0
ECH1,1140798.438908259,1.4873687385210683,0.08432943272395603,-1.697239337569377,0.08965142078545103,0.17991491954413608,0.1675348353271873,0.0
DCAF4,99863.02810392756,1.2164937526479924,0.1808802655354606,-1.3370239701791744,0.1812148126586942,0.32236753964239767,,0.0
GBF1,602631.9381267984,2.9292941707270463,0.1021937738938191,-1.4662136113314332,0.14259010158939162,0.26678081922649344,,0.0
VTI1BP2,1193.3029697221857,-0.1217400634117291,0.24416321487546364,-0.5366453456507229,0.5915126152280317,0.7505249212355031,,0.0
TBRG4,490460.5852208341,1.6012292245000723,0.10767144603531852,-0.30615428532012406,0.7594871772255506,0.8631242721392032,1.0,0.0
RTCB,464385.52863979654,2.181852563490057,0.102448009632754,0.4681419046530645,0.6396831140624091,0.784994234029926,,0.0
GLI3,455338.498631566,1.4873192029385964,0.15033980302460023,-0.7786525441895731,0.43618441791607787,0.6152782402112826,0.8151135139591029,0.0
SLC38A4,14731.36674170571,2.955656613993026,0.4738389113409835,4.623835783837291,3.767081372415509e-06,1.4047840013403208e-05,7.039680485400261e-06,1.0
NPR1,517765.1507038976,1.056761426295599,0.22876440191141897,-2.852873108203206,0.004332591807673136,0.01115402434979014,0.00809647018060683,1.0
KCNJ2-AS1,10416.398299985627,-0.9469712364215086,0.4344433601422266,-3.346307194525962,0.0008189561125319663,0.0023042363143706284,0.0015304127503074927,1.0
RELL2,30828.033450293522,-1.8755867254864422,0.2542335279291842,-9.302854951261034,1.3672416295160226e-20,1.5250237550650814e-19,2.5550136210514453e-20,1.0
SAFB2,349158.0462415146,1.7816140972357655,0.11340586571592312,-2.555106920762261,0.010615518427031376,0.025926561866996965,0.019837601189183166,1.0
CSN1S1,376.95020811069935,-2.54331916693822,0.08987451239812241,-0.40821038178872426,0.6831192268752238,0.8155516593844119,,0.0
CARMIL1,273378.3739488434,1.6635376250649805,0.19256196143477458,0.5273915283554738,0.5979217253036027,0.7550707256361139,1.0,0.0
ICA1,209977.16685062452,1.5953786693327412,0.24910403960270083,-1.1641866721248433,0.24434837022212685,0.40572019246759006,0.45662259012713835,0.0
DYNC1I1,40661.82687725293,1.2259329473987233,0.3439612624649321,-0.4772095181596416,0.6332129340363983,0.7795429986153936,1.0,0.0
LRRC37A5P,762.9173352959624,-0.4396443039070632,0.3702480109069489,-1.375367336101722,0.16901759025823548,0.30538949004103927,,0.0
ZBP1,13080.325333371526,0.9443498978080451,0.36317044325344955,3.0427693705209715,0.0023441191259007317,0.006280730977011237,0.004380539742754658,1.0
LSM6,83830.00821730297,1.5121101315535665,0.15650883967247925,-0.48239484262935417,0.6295254841293221,0.7773953952441196,,0.0
THAP12P7,26481.050828067877,0.13009754418502667,0.2983696234804177,-5.068216519418981,4.015604716149305e-07,1.658345187322155e-06,7.504104998727778e-07,1.0
LYZ,963324.6677504021,1.528645107847836,0.12856739255725386,-0.834663871808762,0.40390698869911223,0.5865513578987107,,0.0
TRAPPC8,259430.04275330255,1.6903043593977265,0.13925264298123394,-0.12321311409887291,0.901938341149271,0.9473148878013015,,0.0
GRIA2,30446.68426918775,0.6698800092914136,0.6832003061011911,-0.9567717661772763,0.33868246586384,0.5189300937351422,,0.0
LTK,5446.810561777643,-0.44456061596554947,0.28040529164111494,-1.5143612482198534,0.12993424212709404,0.24781733126301103,,0.0
VSX2,570.6965169984678,-0.5292466665065473,0.7144176318549562,-1.2978580135132012,0.194336130109389,0.33966339354900904,,0.0
MIR6845,1259.4389330243853,-0.9210758212446385,0.39375023861583464,-2.6685199505272323,0.0076186253705213085,0.01904933046353226,0.01423719931806095,1.0
MIR193BHG,6818.789263445488,-1.8984739604320982,0.301255408141574,-6.077936340993823,1.217390626890893e-09,6.239283038537223e-09,2.2749816613963325e-09,1.0
KRT18P14,378.8803116946909,-0.09627177841378061,0.6230181677940357,-0.24817364678116946,0.8040000554565273,0.8938071384355528,,0.0
HLA-DPB2,8473.513074937076,1.5366754562305238,0.6041035376624558,1.0813011650344522,0.2795631693713634,0.44875591305772655,0.5224297521872486,0.0
ZFP3,60619.84461976313,1.3942446754712858,0.16616516368937956,-0.3704751128695223,0.7110285165238992,0.8340397880445831,,0.0
CPPED1,137135.83427400838,0.6371478692145442,0.22146272194153505,-5.178268743241252,2.239544620989381e-07,9.491946116271363e-07,4.185117603247546e-07,1.0
ZDHHC14,65565.27055562641,1.150330838574263,0.19808260931622304,-0.6516527048132835,0.5146252393606193,0.6872213578527564,,0.0
TMEM200B,120248.97822614669,1.5566253483958927,0.20667957513477977,0.12395691163241294,0.9013493914013365,0.9470233197713369,,0.0
PRCD,77393.79450933999,0.4408044620994814,0.3536862116397072,-4.12504606004701,3.706605700350242e-05,0.00012290583068779137,6.926667421335138e-05,1.0
TRRAP,355460.52711167274,2.0501993314997633,0.15929038284866867,-0.7669770651853666,0.44309515173970027,0.6224758147999107,0.828027850876321,0.0
SRRM4,548.5942369413699,-1.5682074055260795,0.7496535377828477,-2.809389478909294,0.004963555823995115,0.012686899464196209,0.00927557533751069,1.0
RN7SL113P,1460.6211106011592,0.46704429015336524,0.38641382873891333,1.514978898292815,0.12977774807168857,0.24761336659573416,0.2425203467143709,0.0
MINCR,27729.536854761613,-0.890750300654269,0.19347969895186107,-8.06049906191042,7.598359606333615e-16,6.224426713581816e-15,1.419932795544094e-15,1.0
HS2ST1,240155.97012048602,1.5272801248196177,0.15619576400033489,-1.2460236548127255,0.2127557110074486,0.3634667650954601,,0.0
NEURL1,51185.23828846573,1.5267720207011453,0.43052169391393935,0.3883723792570269,0.6977404813639382,0.8251175593173603,,0.0
SKA2P1,5508.016788019149,0.20981078290934577,0.2043002765389513,0.8416121031752468,0.40000511234697245,0.583598699678196,,0.0
ERICH5,2622.2500112171706,-0.5591216124506404,0.6885337684056283,-1.6075589377790254,0.10793181148108655,0.21142111406154035,,0.0
SPATA21,194048.5247348685,2.147583916156682,0.11461955816070278,0.23752141600458543,0.8122523069328356,0.8977714615667727,,0.0
TPK1,21592.75195966343,-0.8078431878223715,0.2174303912954416,-6.569288140209431,5.055636992358497e-11,2.8858865450044804e-10,9.447650729549518e-11,1.0
DNAJC21,261120.78149403288,0.6744948236561895,0.15660430763308422,-7.187757233017071,6.586423564504907e-13,4.3022690917426165e-12,1.2308286668597988e-12,1.0
CHRNG,277.08186547246765,0.7025521446542714,0.5307118092916776,1.727531793839379,0.08407220028002409,0.17021452496325837,,0.0
CYB5A,767954.0447151085,1.9653895139168043,0.15545675756740965,1.0360036439043863,0.3002004425399313,0.4742654477938782,,0.0
TPRG1L,398575.7940733529,2.0259131933856813,0.10832893562090354,-0.6759226720055173,0.49908974229735026,0.6753185600487027,,0.0
FAM222A,23987.767201522463,-0.4862227289278631,0.4233051188961712,-5.621443281027332,1.8936867313858735e-08,8.794379736742761e-08,3.538800522339271e-08,1.0
CLTB,203244.67265698506,0.3788195679099859,0.2445288015697206,-10.716822011700883,8.486947160082002e-27,1.3859240182656788e-25,1.585986348501487e-26,1.0
SEPTIN2,2165263.1760628293,2.7554990544058016,0.061842994316616794,-0.6489022442557748,0.5164015640378288,0.6886732360547185,,0.0
SLC25A46,264387.408048767,1.898860692346844,0.1167833076937945,-0.3407364858932034,0.7333019687973099,0.8495965541572357,,0.0
EIF2B3,166086.06288543215,1.5699550800078685,0.13002693104829524,-1.638987557162967,0.10121585110706403,0.1999113075027664,,0.0
GSTA4,207394.23509470327,1.5032478060419516,0.20461895565564525,-0.13394120151098618,0.8934490697123847,0.9427498431882327,1.0,0.0
CPVL,201200.32314796845,1.2223680183450247,0.19405825735266843,-1.4723491487904836,0.14092661749023372,0.2642997841011932,0.26335464008926623,0.0
COLGALT2,14290.59210643489,-0.8154946246037228,0.37855632637624625,-4.127727077798875,3.6636657629405474e-05,0.0001217243205945074,6.846424015487628e-05,1.0
KRBA1,300364.1567513008,3.2643159028260604,0.12434542154164159,11.708275813114529,1.1560661782364455e-31,2.387133344069222e-30,2.160382457983365e-31,1.0
IKBKE,78441.92481197524,0.19135045344784005,0.3083583940547179,-6.252958306697998,4.0274968698597253e-10,2.152449396651235e-09,7.526328294199344e-10,1.0
EDDM3A,12.065003356092834,-1.3658234134930833,0.0508979538426353,-0.33512500913328735,0.7375307880265018,0.8525193957363937,,0.0
IFT22,193524.20987934183,1.4642642614751862,0.1681297025887704,0.15710335674483575,0.8751633921357879,0.9316043437964385,1.0,0.0
IGSF10,174533.67946022406,1.2897522107335895,0.25682076065464365,-1.217947949121062,0.22324375331275959,0.37776804446456475,,0.0
EPM2AIP1,265981.08889019943,1.915218144103064,0.11869139803209859,-0.448488418144887,0.6538007429664368,0.7950942595773387,,0.0
GCSH,15234.907736613288,0.04168975967897279,0.2150462542424263,-1.1504412698673647,0.24996217044711255,0.41291271594189133,,0.0
TMEM186,62264.96413093399,0.23295018079149216,0.21789362725478084,-5.3681952966432105,7.95284111671935e-08,3.495193233091169e-07,1.4861760306748913e-07,1.0
LINC02473,2412.2424377884327,-0.051847706053275516,0.5887235832887786,0.2016226103892409,0.840211767692966,0.9125541523865093,,0.0
HEG1,374654.04413970176,0.6017792463763362,0.23314009424237156,-7.363615903000758,1.7899424349036485e-13,1.2252523763306208e-12,3.3449298231912986e-13,1.0
CNNM1,8001.760360135871,0.26870591247863446,0.4403534116494303,-0.07008524275589222,0.9441258123926586,0.9685478720028977,,0.0
CENPW,254670.17076011334,3.2837571662057448,0.20489381983213356,6.059248858001014,1.3675867038271405e-09,6.966188337435496e-09,2.5556584738310476e-09,1.0
JMJD8,840903.6706441231,0.9505023444298809,0.1040574173508374,-6.3480707329518085,2.1803183905077654e-10,1.1829588487912381e-09,4.074439415619784e-10,1.0
NUMBL,177622.4641985602,1.9887937646198646,0.1849238968265756,0.6266852469157453,0.5308655763932872,0.6989958698786425,0.9920476010610533,0.0
BTN1A1,2253.9973192179887,0.404768612452791,0.4988934361027984,1.3061086879997292,0.1915155988721119,0.33649910251896736,0.3578920895901059,0.0
HFE,112086.16202858265,1.518457635282178,0.18885589894006188,1.2258740149661755,0.22024608872067708,0.37358102693048995,0.4115817895801135,0.0
MIR6772,264.02011541806985,0.2877531482288598,0.46842403057577875,0.7899133534804109,0.4295783722815366,0.6101771251537347,,0.0
FTH1P10,763258.1191164665,6.289789738066066,0.17643240035758792,14.152349808244576,1.806195432497124e-45,7.278676271119458e-44,3.375302384513137e-45,1.0
KLKB1,10722.25777087543,0.1719866848290725,0.20838825304121153,0.7068857837744013,0.47963745918791023,0.6573637914322511,,0.0
CIART,51816.273978833524,0.2859643409014962,0.3164456858618382,-4.161862877262979,3.1566188894285354e-05,0.00010557981653597317,5.898887281404036e-05,1.0
PAPOLB,491.983225875559,-0.7164949049560713,0.5570406076343729,-1.7475197091837826,0.08054722915362844,0.1643505529116706,,0.0
ACAP2,515464.2642633075,1.632375501017865,0.09707495334514386,-0.11310835513402552,0.909944651064962,0.9518389458818517,1.0,0.0
PDXDC2P-NPIPB14P,258631.50124294581,1.605802736426965,0.15720804743618047,-0.841402795958591,0.40012231967040335,0.5835993086377715,,0.0
SLC35B2,540933.5229918847,1.687958811531279,0.14237118826006023,0.1267657654398269,0.8991257923141152,0.9452833124749912,1.0,0.0
PHF10,509759.2570839464,1.982802202212778,0.11804277386605641,0.5924970007300868,0.5535178285661215,0.718049997233881,,0.0
CCL14,420843.77265219326,1.2825317458147687,0.29273741444663104,-1.704003976549665,0.08838034433637823,0.17800748917730028,,0.0
GUCY1A1,142131.3886808806,1.4174816553006826,0.2824815277888024,-0.11536197016977887,0.90815822107069,0.9507786781249189,,0.0
C12orf76,58805.05633566757,-0.9644956908766922,0.13123726420442497,-14.891632377216231,3.735369614117637e-50,1.829964898210376e-48,6.980419581804723e-50,1.0
JAML,41358.23653825998,1.4119711740021668,0.35855465944335035,0.46974234647263213,0.6385391094395703,0.7839754127443569,,0.0
FMNL1,200085.24527777877,1.467482257745533,0.163872731471665,-1.4195694264772096,0.15573307149859908,0.2857981516166427,,0.0
ARHGAP1,2746119.8706886293,3.5699501792188286,0.05006554542820461,17.195863405410076,2.851779242652128e-66,2.7941844853985657e-64,5.329222466541767e-66,1.0
SNUPN,122996.04612330883,1.310175003382152,0.15987808644432805,-0.6981299264819639,0.4850959441264544,0.6628744616445318,,0.0
MED11,66782.54415083956,1.4076343816212606,0.14798608353324627,0.3007356932825966,0.7636160486875846,0.8659520604076004,,0.0
TMSB4XP2,1584.5921332867504,-1.0502645163550912,0.24942791392526092,-4.476045635278764,7.6038238432696175e-06,2.7394598229861775e-05,1.4209539171584996e-05,1.0
TMEM196,45.21519750946561,-0.22121071960907374,0.025336324541637013,18.73355964416135,2.6368142390922388e-78,3.660044653539977e-76,4.927509630794285e-78,1.0
PVALEF,7.795240097444761,-0.6687306635797952,0.056889468707803,-2.14002181162908,0.03235300407631418,0.07269242867326527,,0.0
ENY2,342041.89236716763,0.724661346801181,0.13987319726356381,-6.701448069293714,2.0636419568599232e-11,1.214607639390935e-10,3.856401966503005e-11,1.0
TECRL,899.4313117201721,0.6427066261932203,0.8817540459239016,1.4722389648396004,0.1409563587411807,0.2642997841011932,,0.0
C15orf62,19009.670174974202,0.35947936531317165,0.2777480241118999,0.5819829535567003,0.560578163019892,0.7237386432777273,,0.0
TIE1,1455796.4279219168,3.083673679805931,0.11569436997412814,6.118781118838553,9.429381737001858e-10,4.892899329158701e-09,1.7621024883993373e-09,1.0
OSTCP3,843.281946298833,-0.19575673989595524,0.367598513233065,-0.6323522866744656,0.5271567043696554,0.69676264892866,0.9851166984798685,0.0
EDDM3B,1627.0903096576335,2.4146586880074605,0.9849315829306641,3.2310206669363417,0.0012334902072455908,0.0034167131738393666,0.0023050675264047185,1.0
ACOT11,16606.877920179115,-1.0696650306458488,0.27467009952168153,-4.040081862316357,5.34325478729677e-05,0.00017405635053534523,9.98513245030739e-05,1.0
FAM171B,202416.05221777284,2.7932379256438,0.2137002661371581,6.664508775046027,2.655520375838407e-11,1.5465775428979626e-10,4.962466461505056e-11,1.0
ST13P3,27598.926928609297,-1.3782178226800281,0.18355415008336345,-10.12275722062808,4.3790261388362324e-24,6.061494076389101e-23,8.183243685775861e-24,1.0
CALML5,44005.86986512817,0.44809994632816214,0.13006276406633135,-0.27858499339980686,0.7805633304854892,0.8778921815070874,,0.0
MYBL2,190200.4072610843,1.5359755694918389,0.321361492490312,-0.49892199475249194,0.6178343384478256,0.7694909528798377,,0.0
RNA5SP244,10650.504332144585,1.113683574401713,0.15412473752618958,7.597654627037167,3.015458101565158e-14,2.1838034976117528e-13,5.6350950387139466e-14,1.0
NME7,98038.0766827653,0.3149507286369593,0.2288664188889173,-6.566761913673478,5.142116389283587e-11,2.9298923143956767e-10,9.609257889771908e-11,1.0
MCCC2,751769.0301597,1.8031625047099333,0.17298880825407878,0.1639770989568133,0.8697491721514354,0.9288023946604478,,0.0
SGPP2,31137.944586910366,1.1692756780636628,0.4359645937986261,-0.08728873677470882,0.9304420065998509,0.9598535407391015,,0.0
MAP3K14,147194.8707142788,1.3111685106406554,0.18352431780875503,-1.9705863015634564,0.048771214752640735,0.10536522270598606,,0.0
LAMC1-AS1,5763.360840651231,-0.9589325880170058,0.5477093755184479,-3.3940724854485516,0.0006886146339568991,0.001954007567224659,0.0012868389401206526,1.0
LINC00562,1363.0613982429757,0.0734970396611262,0.30442501402333155,0.24803292760501175,0.8041089301121327,0.8938071384355528,,0.0
ERVH48-1,786.2843899594907,-1.875201610119145,0.34875765088079314,-5.738777810025566,9.536223267299686e-09,4.551337886026412e-08,1.7820683495398852e-08,1.0
CD151,1882893.9880625582,1.8443056793501809,0.09378700206539003,-0.1987409819834449,0.8424653644363476,0.9135849448976624,,0.0
UQCRFS1P1,60320.359179529056,1.0256660250894711,0.2310241261318269,-1.6236251967397477,0.10445582451875118,0.20541745577339615,,0.0
FABP4,9932242.584987845,2.056725881146234,0.08285412999712707,0.4874858516296313,0.6259140668478296,0.7749212133427258,,0.0
MIR4639,539.7571109141848,-0.41494596209266615,0.36209324485724315,-1.304115989295354,0.19219403801885526,0.3373353031191499,,0.0
NPM1P21,12673.370713117489,-0.9866287527058042,0.24571062184768525,-4.771191497412155,1.831393183738012e-06,7.088669046583149e-06,3.422390328772942e-06,1.0
LY75-CD302,117079.39705202993,1.5712956549699388,0.20210045888925485,0.24028489864008773,0.8101094012649994,0.8971226778033226,,0.0
TMEM92-AS1,2591.282264123761,0.07419049865239014,0.33717307831579946,0.5009779789821762,0.616386620919598,0.7688607197464589,1.0,0.0
ABHD14A,112159.46743572425,1.2698090187144233,0.18142845616612133,-1.3551225368326099,0.17537851944840488,0.3139972990625866,,0.0
PCDHGA12,1551374.9337512122,2.803556902650868,0.0974935527121244,6.072786089585148,1.2570986299073903e-09,6.429602716117943e-09,2.349185435170991e-09,1.0
ZNF670,24584.371555621325,-0.45456126143384223,0.2307540808287443,-5.471748245993854,4.4561756995791614e-08,2.013337248715829e-07,8.327415845473848e-08,1.0
RBM22,880212.0201881742,3.96719679437733,0.07625946626384986,22.79859091075593,4.735120201513619e-115,1.391846802762562e-112,8.84868947156453e-115,1.0
CUL3,454391.64010922564,1.7088180767433916,0.12599521920401613,-1.9142646534212215,0.05558634839222883,0.11850041933275064,,0.0
NUDT19,142160.67375793244,1.3192895470435884,0.24338613729340852,-0.8683898578730586,0.38518094516255563,0.5694524209991983,,0.0
TBC1D5,251759.03419790854,0.8016872096113756,0.13270582169674963,-11.46963604247506,1.8744598831894513e-30,3.6304945877122826e-29,3.502870619408261e-30,1.0
CDO1,134155.45419558973,1.4099712106774869,0.3548781750998384,-0.9456121550180735,0.3443464422892256,0.5250836655841503,,0.0
LINC02073,169.97982595780326,-0.35470935729584124,0.07250995831504788,-0.474856194003251,0.6348894766287749,0.7810297180487417,,0.0
RPS29P17,971.6058772263361,1.2130353673015495,0.28031997095337546,4.56249666845344,5.054889598607385e-06,1.8491422638536676e-05,9.446254047958528e-06,1.0
PEX26,297883.1208563219,2.1465789270608067,0.10688403269241899,-1.4525321493643906,0.1463536966437022,0.2723759486512402,,0.0
KPNB1,2746621.112136366,2.818726753385136,0.06718017117767033,7.75155837886192,9.077159718870267e-15,6.810595662942151e-14,1.6962814927148363e-14,1.0
SMIM20,86973.51014654385,1.5317914116812572,0.14634700571782858,0.0019501083217871298,0.9984440396643524,0.9988019656432556,,0.0
MTFMT,49153.726117130245,0.14481213362410242,0.10286747072074233,-1.6225002495002585,0.10469627973164948,0.20580932723015438,,0.0
LHFPL6,632487.6593602573,1.9540244523081103,0.17304381664296672,1.0683212245215836,0.285375637647435,0.45516184529978704,,0.0
KIF21B,59769.85847420504,0.10401121330226663,0.24457595053562056,-5.8763660464856775,4.193704578151247e-09,2.0545040957864494e-08,7.836926618183164e-09,1.0
SSBL5P,15404.106322354786,0.07692030660273744,0.2459845404222308,-0.8663084851375277,0.38632101435423793,0.5706314243949533,0.7219319778340041,0.0
PRR5L,69019.13841599072,2.20383643000238,0.21003124106135132,5.279971000902247,1.2920433401669906e-07,5.604462301054211e-07,2.4144878724063023e-07,1.0
LINC01864,33.825685470175635,1.4165987013751151,0.07897684936084627,1.4554863844752155,0.14553465688429976,0.2713569703174798,,0.0
SPART,393742.80357883294,1.8788993935683387,0.12716368071575376,0.6408088695605321,0.5216468695923937,0.6936320934947289,,0.0
TRMT10A,36506.72949607413,0.5697770768984005,0.17782283068717958,-1.0135129257424131,0.31081522530894756,0.4863076685593208,,0.0
RPS15AP24,55795.67096597444,1.2361768313774149,0.2782258434697763,-0.5969194805632414,0.5505611404510256,0.7158552959356461,,0.0
SVOP,94.6944292141678,-0.6163820698072513,0.04990660623169035,-18.224722218530363,3.2853989151499057e-74,3.9088424711914477e-72,6.139543148468242e-74,1.0
FARS2,207513.05460736388,2.5651174343606433,0.1367698989432039,8.118352450580245,4.725547678445728e-16,3.9095300909260425e-15,8.830800953325841e-16,1.0
APOBEC3G,55244.97403893656,1.0864608314216186,0.24419366279654922,-1.1033432966822845,0.26987811097579995,0.4372605373272974,,0.0
MYLK2,2301.8211403516625,-1.368878691087573,0.6428620086385618,-2.7866816406193196,0.005325076526369082,0.013555480082662405,0.009951162080129507,1.0
LAMP1,4719613.5370410355,3.0484237392325286,0.03703627921719919,10.598319342069539,3.033831562872144e-26,4.782352151316121e-25,5.669430186863164e-26,1.0
DEF6,63090.461263185556,0.36944065781110985,0.3281049398174738,-5.115094222713195,3.135843824008719e-07,1.3101849154324052e-06,5.860064169248904e-07,1.0
LINC00445,10.15570950621453,1.8863386687323516,0.05160808597328472,-0.40706126702222006,0.6839629904034279,0.8160104619689039,1.0,0.0
REST,239871.59100178117,1.3942215171047505,0.1639163797240874,-2.546656343797354,0.010876048026491406,0.02643366341847157,0.02032446222452414,1.0
BORCS6,57570.6392422931,0.7861684195863468,0.20809921131668785,-2.631357926616036,0.008504441672203678,0.0211321208533077,0.015892556109200366,1.0
STX16,732021.4399974599,0.6799315259782474,0.11195244032259606,-8.569094477082922,1.0430193941185731e-17,9.74199609796357e-17,1.949127865523751e-17,1.0
IGDCC4,24957.255605516373,1.036928610274399,0.3388712193575932,0.05066986469576315,0.9595885902799502,0.9775488471761321,,0.0
QRICH1,475430.6528448194,2.9999127233748046,0.10550445175352949,0.16473853202735317,0.8691497871362033,0.9284184451303137,,0.0
RSPO4,18611.431330862288,1.2623383063444404,0.5288776616343599,-0.31191481064691984,0.7551052663862006,0.8609249115971714,,0.0
TWSG1,269678.1550376747,1.5136424391044212,0.19472265016105658,-0.4368146443004319,0.6622457777299144,0.8006876727114401,,0.0
CCK,1070.5501160801896,-1.3828934402811752,1.0244218993816516,-2.353620190476527,0.018591596434350807,0.043391969818986915,0.03474278510936835,1.0
COX5BP6,1350.8527166774882,1.36687894774286,0.33994416846194,4.383237669781362,1.1692842801975918e-05,4.132187799255563e-05,2.1850836006534652e-05,1.0
SAMD14,217743.10766457324,1.5438964566367526,0.17637129217082267,0.48228768572940744,0.6296015938669105,0.7773953952441196,1.0,0.0
CDR2L,162681.07636438613,0.4433384504570871,0.23315823886970197,-6.803601166751617,1.0203577677453884e-11,6.195294976213494e-11,1.9067792690440187e-11,1.0
HDAC7,2618057.014655096,3.142432270682962,0.07188507060725004,8.36661290186279,5.929810171182359e-17,5.225972032698103e-16,1.1081249598129485e-16,1.0
WIPF3,71461.97626109999,1.6556917395406736,0.271727909944991,0.8100977769950393,0.41788398183415143,0.5988083201331286,0.780914830675114,0.0
FBXL21P,165.67912246961956,0.12306325466597404,0.7664246678361244,0.3167162203352411,0.7514589398954066,0.8592769617064867,,0.0
ZNF670-ZNF695,8106.77863713782,-1.3129322021079015,0.3813144825391631,-3.8998086015694886,9.626876111460536e-05,0.000304851076862917,0.00017990089726614922,1.0
MIATNB,13368.140334030224,-0.14023561405997606,0.15168451431402696,-0.6346956462655923,0.5256269337157741,0.6957768974245624,,0.0
LINC01291,61959.69803693182,2.74062216606883,0.4803146069396133,2.213445219420274,0.02686696602354903,0.06144358316689909,,0.0
MPI,419302.9191622246,2.040930629192514,0.10795888128495461,-0.7793749732477799,0.4357588618746807,0.6149406182667654,,0.0
MIR621,2660.6446801780367,-0.30484140373220237,0.26809026158238214,-1.2855353450514657,0.19860527373777015,0.34483340961349457,,0.0
FOXD1-AS1,6485.588446243518,0.5158390761292946,0.4590491355049359,0.8205432800544303,0.41190646702601086,0.593511134869947,,0.0
YLPM1,508940.56518015126,2.959960595621912,0.09671800920128398,-0.3280802330499619,0.7428509993168011,0.8549557489903621,,0.0
MIR3659HG,259.7371372368467,-0.13575764144971386,0.55810225811046,-0.3577096638062875,0.7205606003493121,0.8412713364358674,,0.0
LINC02794,34.37205344156189,1.9803973237766466,0.06191347910294197,12.981241453577443,1.5632598445097707e-38,4.705788821093569e-37,2.921319911374467e-38,1.0
BLZF2P,95.98987128270242,0.19831733065087523,0.6872338759550567,0.5011480916575591,0.6162669030871504,0.7688607197464589,,0.0
CP,623145.00448194,1.482732755216257,0.18172262803440828,-0.9104955555366179,0.36256122457430495,0.543896259140739,,0.0
ORC3,135106.64340080283,0.5489926802666776,0.17175034962773114,-7.167761418056922,7.62340041156406e-13,4.960173418826251e-12,1.424612260904473e-12,1.0
FAM228B,150875.71784794235,2.5741787438398296,0.15765926407098407,7.577881519912797,3.512429269679945e-14,2.518164858047444e-13,6.563802939637505e-14,1.0
AZU1,6579.4114045736405,0.1380885632540197,0.44013075380492234,0.08462413120002406,0.9325602139556802,0.9613738082133813,,0.0
LARS1,2093430.2287854087,3.546098177137082,0.05809676228284702,17.27929233783789,6.736951729305721e-67,6.870315875783814e-65,1.2589584065572433e-66,1.0
SPACA9,45194.78492229259,1.4787398165061254,0.18834095702382428,0.6702371670206391,0.5027066143284233,0.677971872453889,,0.0
GJA1P1,2715.121300587935,-0.15507233030624237,0.42303553023538587,-0.3239326886864731,0.7459889951924319,0.856427396034204,,0.0
FCN3,116727.92861546241,2.195786259838266,0.4023049809980544,1.4488586065769755,0.14737707294693306,0.27358009319517423,,0.0
C19orf47,194564.88888936123,1.5512460471260685,0.16716465809597622,0.8068896413840722,0.41973006727954587,0.6002836709204037,0.784364676961814,0.0
ANKFN1,4389.449930021647,0.28016819213904365,0.4873319529999871,0.449535189124918,0.6530456293232333,0.7945627002016549,1.0,0.0
CALHM5,50857.13668011212,0.31411304863740036,0.25043486948500443,-5.103046857203628,3.3422820488888055e-07,1.3917819498581134e-06,6.245842706917486e-07,1.0
HNRNPA3P10,80421.73681597825,2.553215133749537,0.1615607984540183,9.861939815768643,6.086202246750583e-23,7.878951457775301e-22,1.137350509611543e-22,1.0
INSM1,54842.203592711456,1.2070509256055206,0.600259777139401,-0.8504122047555783,0.39509595301130274,0.5798221665778208,,0.0
DEDD,325330.8069090898,3.7708612237655346,0.13006716046253827,8.20201233635276,2.3639603196444216e-16,2.008964237629792e-15,4.4176176953115835e-16,1.0
USP30-AS1,2469.1916738095306,-2.3878488965655342,0.24383757518981913,-10.062010188508753,8.132066346635133e-24,1.1102714626813048e-22,1.5196684941711203e-23,1.0
PDZD8,248892.1009503201,1.6735159970973217,0.14616353882200972,-0.24313709467504677,0.807899195845086,0.8960933809511411,,0.0
PPIE,145414.34114838362,-0.15254856675991407,0.20846845555131338,-15.765657566939156,5.361142148042816e-56,3.3487034142212436e-54,1.0018559204850393e-55,1.0
CLEC20A,1322.67686948307,-1.5838756567252084,0.2645308080890966,-6.267410937870644,3.671004562132498e-10,1.9661318110370944e-09,6.860138293558749e-10,1.0
F11,212.466103733157,-0.2604574183792719,0.7440814163044005,-0.7045062437640932,0.4811175630953206,0.6587527204620978,,0.0
EXTL2,73736.44108517891,1.5755369262294905,0.13193316614493975,-1.289204074633383,0.19732714885279534,0.3434495864916121,,0.0
TASOR2,610556.9190947162,1.1298991854289482,0.16908947355987952,-3.0560457615497105,0.0022427702309389575,0.0060253348623666506,0.004191145416605075,1.0
TMEM64,131242.71827206356,4.109503319270309,0.32251966854591335,7.628410207973965,2.376662907373317e-14,1.7287022631942452e-13,4.441355477989702e-14,1.0
CBLIF,3699.5651225287825,2.647290034044769,0.9791329618029181,2.4379337386826325,0.014771481366336898,0.03504895175099025,0.027603998649059644,1.0
RNF130,357506.0394680509,0.34920240601169367,0.1598387180978797,-15.769421048509304,5.05106642020993e-56,3.194959354656838e-54,9.439109536944287e-56,1.0
C1GALT1C1L,4519.356357727842,-0.8271273399487915,0.30315375552338536,-3.3503670124589187,0.0008070455169592503,0.002272003632814295,0.0015081549918643882,1.0
NIT2,880177.7930924356,2.91465849476899,0.07965072586723886,10.011408903003272,1.3580455023092318e-23,1.8242347782363526e-22,2.5378284872996376e-23,1.0
MBNL2,877781.1822038547,2.3297931324846632,0.11495167740399478,4.621168799118973,3.8158413594876874e-06,1.420831258071167e-05,7.1308000274345455e-06,1.0
DHX33,168552.3466053694,1.7284639966102233,0.14583496263625512,1.8536123959614748,0.06379463287367917,0.1339419245671323,,0.0
NCEH1,106546.17960374095,0.4626515147091289,0.2900384590216041,-5.154210962378504,2.547010802053846e-07,1.0731376878468019e-06,4.7596907172262785e-07,1.0
STOM,2063929.3844311852,1.6147136256401722,0.09894361850460773,-1.7053827315581371,0.08812306683202516,0.17763249897524394,,0.0
ZNF137P,24057.307907274437,-0.6123545395137954,0.1563252349484837,-5.0847844143109935,3.6804387350954064e-07,1.5249711740689674e-06,6.877768271978962e-07,1.0
UMAD1,45722.90671372587,0.013696316430880326,0.1489912346966215,-0.9869409152124348,0.32367160471585155,0.5010763907032696,0.6048567721634668,0.0
TADA2A,180598.02725152043,2.4891248775316,0.1514766540916305,6.766923186585886,1.3154987124498708e-11,7.900897916000005e-11,2.4583197704233373e-11,1.0
SEPTIN4-AS1,30267.699490748782,1.1304517357025385,0.24090354700635766,-0.01578964671742199,0.987402208131241,0.9919778296580504,1.0,0.0
IL13,219.78945980982252,0.2950209574083035,0.5461939131781597,0.7620890864561991,0.44600683598419966,0.6255111309045877,,0.0
HAND2-AS1,38411.41059251261,1.7059090766443885,0.4411025302360937,1.213088746605076,0.22509589200864688,0.3802583408949319,,0.0
AP3B2,25059.418251388503,0.9233313642929103,0.35311795560119774,-0.4326878023948665,0.66524159239048,0.802660588577839,,0.0
COPS8P2,15724.905360295186,-0.3081733608933453,0.12944152360594205,-1.4499357292456279,0.14707644266981376,0.27341554465069173,,0.0
C15orf39,247903.6862437819,1.4356420878200689,0.1462865718402129,-2.443097998784201,0.014561782523249307,0.03456780392811249,0.027212126876842477,1.0
PDLIM4,145388.33716027293,1.223589255460473,0.3607240153254309,-1.111417172801883,0.2663888238652682,0.43273058480556975,,0.0
GLT8D2,103287.17199007774,1.5107107181309807,0.21366815564864522,0.056784363475465095,0.9547169699774889,0.9747447615321808,,0.0
NPRL2,145654.40193373236,1.6947630257623079,0.1371157270335982,-0.5265743548168955,0.5984892047884889,0.7554055459277794,,0.0
CYP2S1,17571.256353916455,-0.27977531789807353,0.3168323086113583,-3.6733493587447597,0.00023939182971538463,0.0007232412171026463,0.0004473601245653616,1.0
RGP1,682500.9394340724,3.323046153832727,0.08661350730769377,13.822571883342057,1.8629307642307988e-43,6.844900756515663e-42,3.481325740037884e-43,1.0
UBE2S,173785.72906691197,1.6034333946640058,0.21947562564044415,0.6959120751409248,0.4864838947213487,0.6639112018159564,0.9091099558424007,0.0
SYNPR,48.29529062544144,-0.11905522466660041,0.06732022622490305,-2.550203184718638,0.01076601539181325,0.026247026566137994,0.020118840281559764,1.0
CENPO,280864.8720721785,1.0531506658314704,0.1610034473809568,-5.0485523660989395,4.45170453700384e-07,1.824870186333732e-06,8.319060423114507e-07,1.0
MYRF-AS1,7946.650661816052,-1.401365600683463,0.2293842820157077,-5.916945877729718,3.2797455531094958e-09,1.6210572234310732e-08,6.128978507437603e-09,1.0
UBE2E2,145283.036514074,1.2323991287221103,0.1684650286361443,-2.399208741976786,0.016430545220683438,0.03880124502256859,0.03070435096026744,1.0
RBPMS2,61922.16860911846,1.1305489469566325,0.35568164997872986,-1.3124527087844076,0.18936743249144283,0.33354566801541763,,0.0
FRMPD1,10874.855781363574,1.3472956001841228,0.40842081989704665,2.1809113714832504,0.02918997246786686,0.06621075461730853,0.05454835169107356,0.0
TRPV6,124955.89862211805,1.459686904543759,0.38488926898298764,-0.5377738585910995,0.5907331815560793,0.7501635853203885,,0.0
CAMSAP2,357716.3715679719,0.8014972037461974,0.13779520388956978,-6.68467953981926,2.3143051240812598e-11,1.3541665930953225e-10,4.3248252449641194e-11,1.0
HNRNPA1P30,309.8019205102426,-0.2424011709464574,0.5494946080997082,-0.6277205001000175,0.5301870535159223,0.6984826539464972,,0.0
PODXL2,376896.0491176207,2.590425007417728,0.1869005970658926,3.2234663812125643,0.0012664916400656522,0.003504240711743114,0.0023667384911772865,1.0
RARS1,1290425.8089018625,3.6710053374355374,0.06554240218047508,17.947433094540614,5.026028491129874e-72,5.707969175039995e-70,9.3923202581062e-72,1.0
PCDHGB5,1549938.5194239682,3.048952801737423,0.09405952320390817,7.8447652009122795,4.337643031307445e-15,3.365714631590575e-14,8.105909583935417e-15,1.0
RASD2,76663.14869301721,1.2893653522386903,0.3470587089131389,-0.9421671778132329,0.34610705526446095,0.5267455266588988,,0.0
PITX1,115839.6536775148,1.5507812142785597,0.4698548308917752,-0.2253397615835337,0.8217149697085313,0.9033725605553519,,0.0
MAN2B1,1289682.1581960865,2.718125508057368,0.10218914410886272,6.249033449559073,4.13000470482917e-10,2.2025222529382455e-09,7.717888373235364e-10,1.0
ARC,13999.972808555885,0.4377807526671761,0.430956634186165,-1.7282315578931924,0.08394671802464007,0.1700371909076313,,0.0
UBOX5,165456.03729177552,1.269414597003606,0.1334114509341208,-0.4303096333312922,0.6669704204806123,0.8039569659719596,1.0,0.0
PIAS2,156162.7025491292,1.4385809140677503,0.15008128935914924,-0.4165505102110349,0.6770072147208221,0.8112721947146159,,0.0
GRIP2,19530.15451146871,-2.3353871378866358,0.3285131246500671,-7.672931093828797,1.6810980934695847e-14,1.2390040078270672e-13,3.141528486562272e-14,1.0
GET1,323277.60170752683,2.817928121450019,0.11937203626305198,9.047968542774067,1.4565271928420017e-19,1.50377404599824e-18,2.7218647653820054e-19,1.0
BSG,2519918.22294004,1.9992183181421217,0.08068321508536211,1.0594208405482024,0.2894081625820081,0.4601249088203291,,0.0
RPLP1,4460928.279645408,1.7980069173619821,0.06297982425950333,-0.9685268130677648,0.33278133461965786,0.512960729525614,,0.0
TP53BP2,324055.56857268914,1.0962046806529433,0.19616233820699444,-2.919192875662033,0.003509390141757477,0.009186182576407602,0.006558123611952922,1.0
ZNF664,919760.4293676447,1.9779869891985218,0.11834685244059615,1.3704533776583696,0.17054541949876378,0.3075479831235376,,0.0
LTN1,441709.9410895774,2.3181539465400425,0.11173038452131762,4.9400515488508265,7.810192042201212e-07,3.1222023707903566e-06,1.4595186849244375e-06,1.0
DEPDC1B,25382.77454731668,1.0356692350593166,0.4999757375968082,-0.2108667360427572,0.8329912612787076,0.90995682764516,,0.0
NUDT16L1,165912.35067075878,0.7142500598913899,0.23554140394941636,-4.846576892090042,1.256099177514678e-06,4.9229236000320364e-06,2.3473177225283644e-06,1.0
TPD52L1,236340.1462002901,1.0203288502463266,0.248973983665682,-3.6851634426144075,0.00022855592240190109,0.0006925979043312915,0.0004271106747353402,1.0
IFNA20P,1652.3062148349213,1.639290390790781,0.3026374978477132,5.742263789798095,9.341914149640979e-09,4.471412356873178e-08,1.745757105675242e-08,1.0
YIPF3,966138.6860220305,1.7308818178899448,0.08220263022099587,0.21723884483492747,0.8280222136393987,0.9073743424465077,1.0,0.0
EXOC7,741863.3694763727,0.7673703076926636,0.09822460919744361,-10.040854435613722,1.007972199020151e-23,1.368705727854265e-22,1.8836339111831322e-23,1.0
ZNF833P,13408.10984926699,-1.7277862956577708,0.22657794774743112,-7.997113378444995,1.2736994581608253e-15,1.0199801590432123e-14,2.3802080001606744e-15,1.0
PPP3CB-AS1,143777.71072266204,2.5665253324458788,0.15253712661354682,8.226156945555838,1.9331568292775676e-16,1.648461548788397e-15,3.6125597142483195e-16,1.0
PRAM1,13140.37838598307,-1.2063962996605753,0.28125203439013696,-6.00289041161826,1.9383545455858274e-09,9.76407022610119e-09,3.622272873706948e-09,1.0
ANXA2,2550699.34032991,1.890889203427472,0.0829971004533829,0.15027978875097808,0.8805438781358469,0.934595955616998,,0.0
ZNF441,148371.1074558402,2.8734620947017304,0.1555122831139773,9.765770646782402,1.5790686641775175e-22,1.9925773017411753e-21,2.950862421426722e-22,1.0
CIBAR1P1,10287.380185488504,-0.5206584343610283,0.2160814662986666,-2.2717994034834557,0.02309862891343647,0.05326435102927644,0.04316523884833285,1.0
TNIP1,645956.303094986,0.7683968476771574,0.18732525416725201,-7.855113073195381,3.994116553962517e-15,3.108816264820981e-14,7.46394929698979e-15,1.0
RGS7BP,4113.951647837443,0.13782726342602833,0.3913783849298243,0.7405581637202433,0.45896138249968277,0.6381274425016458,,0.0
MYH4,920.6144710280605,-1.100479128922037,0.5399810782760872,-2.5787029466533062,0.009917202644119261,0.024340010615257344,0.01853263336300073,1.0
PP2D1,17175.632744885523,-0.9154340894341149,0.12519540701923607,-7.782986904607987,7.083196797845614e-15,5.3547253250884317e-14,1.3236624681688307e-14,1.0
KMO,104926.64670633888,0.5865595988784644,0.41691976559514876,-3.6837669565378497,0.0002298123622205563,0.0006959832569794665,0.0004294586290262228,1.0
EEF1A1P1,157.8537586366333,-1.4521992979935745,0.47729898466209214,-3.511621281137778,0.0004453821906385136,0.0012961996544092326,0.0008323017227451954,1.0
MAB21L3,777.143142571647,-0.2810176317505988,0.4888757048154752,-0.7510396107424291,0.4526288174840515,0.631960380264824,,0.0
CEP170,233633.66483977655,2.673880589081966,0.1573847309274716,5.6046692454478935,2.0865302142666417e-08,9.645135504801487e-08,3.899174076548395e-08,1.0
STEAP3,266956.42968447367,2.0082917277836243,0.24031960597293,1.7692798414366135,0.07684718581110901,0.15789695209626306,,0.0
DCBLD2,129947.56786359599,-0.007103712416759785,0.22127516745809114,-13.985225584523674,1.9186750935071395e-44,7.432263133531145e-43,3.5854971736182406e-44,1.0
CENPS-CORT,42889.82648755416,1.223551765826496,0.1897150238261403,-0.9232405788188949,0.35588184632269704,0.5364529671416342,,0.0
LINC02172,1276.6916503274301,0.1337018282097154,0.5330529812518241,0.36703538080404113,0.7135926268980637,0.8356743277735234,,0.0
HOOK2,1065342.672745137,2.4248239947533787,0.11658869301818982,4.317745873380421,1.5763076952301432e-05,5.462419939712223e-05,2.9457028994259633e-05,1.0
PITPNC1,187270.1079361975,0.6747418515591561,0.19565159634235788,-5.379761140134634,7.458473175558676e-08,3.2924019839458223e-07,1.3937917149688372e-07,1.0
MRGPRF-AS1,8661.656204385616,0.31318107072475415,0.5208144797398148,-2.0006673668923862,0.04542824840607357,0.09894838464154931,,0.0
IQCD,13433.557782819265,0.24143012165578825,0.31857522175401026,0.7199138352192438,0.47157804907683154,0.6504210629966678,,0.0
NEURL2,22598.227443633252,0.11170930056052736,0.3946767704983429,-4.166963045890935,3.0868451459807184e-05,0.00010338448521759818,5.768498576838314e-05,1.0
RCHY1,366404.60501419206,3.160965125128897,0.10581568484653364,15.550925041910403,1.568242398073299e-54,9.329175313300328e-53,2.930630988471307e-54,1.0
ZDHHC1,103959.81143850759,1.570899515755311,0.19618230145005966,0.6162564132475333,0.5377253010789378,0.7043120527619631,,0.0
COL5A1-AS1,35.43979571323026,-0.10584565768728925,0.03981588782847147,13.971481765071788,2.327336003825887e-44,8.945921547013814e-43,4.3491765187426917e-44,1.0
ATP2B4,912404.4503068989,0.6974740273789098,0.10831299443273097,-7.8338752586507505,4.730581310905155e-15,3.642328938458098e-14,8.840207483393066e-15,1.0
ECM1,472060.6330132272,0.9642221872917851,0.21119724848551752,-3.8536844131968495,0.00011635355161766184,0.00036338668589591016,0.00021743406785095594,1.0
SYNDIG1L,2964.135291178309,0.5499373976500757,0.38167678498122376,1.8146607711118115,0.06957605713330722,0.14492353376204095,,0.0
RO60,282992.534548924,0.47458525884345953,0.1472098963761702,-9.089606074627746,9.939853126289585e-20,1.0369404190411076e-18,1.857496113390765e-19,1.0
C6orf163,3382.445628616841,-1.6305124963507511,0.2825859746904296,-6.177987502271968,6.492385259168116e-10,3.4006760104887923e-09,1.2132553904286865e-09,1.0
SSRP1,601574.9125119469,0.6044009744100387,0.15695477147928083,-12.249608468692246,1.6880892139441285e-34,4.2819196964867055e-33,3.154593044906062e-34,1.0
MFSD2A,131331.4966032963,2.979742192926171,0.2543724447474403,5.286387767729985,1.2475529752692027e-07,5.420888884713223e-07,2.33134712693351e-07,1.0
MLH1,204473.73338570463,1.9112097570414657,0.11598704014570015,-1.3329090374378532,0.1825616564263116,0.3240399147441342,,0.0
TMEM44,84256.22167361793,-0.029866046420540315,0.2139232001235978,-8.17449946620034,2.970966438115742e-16,2.5077566370378992e-15,5.551951866591011e-16,1.0
DDIT4L,26164.33218148112,1.1020749716159208,0.4054284966551336,-0.011954838576963818,0.9904616460737653,0.9938427400463063,,0.0
LINC02354,443.38470445676296,0.9091488786487585,0.8425017289418293,1.8917643291523887,0.058522387959379064,0.12417680366582472,,0.0
NOP10,240895.05746429524,1.5633183113404814,0.15492124083289316,-1.0913087468866554,0.27513705022467827,0.4435031741847475,,0.0
WWP2,426316.58246954094,1.5963989777660774,0.22483787063599614,-0.5407206430497353,0.5887001477690057,0.749405959913671,,0.0
SUSD6,592565.3953330539,1.7847717033093224,0.11275635587797096,-1.1397679287062823,0.2543829984320014,0.4184173282306488,,0.0
MIR622,1093.0157985017681,-0.761094865196632,0.5702573128029278,-1.8719706575597377,0.06121066308980316,0.1289501195024226,,0.0
SNORD56,1516.0781736348304,0.1356568080404089,0.3611102220070094,0.7124744354609718,0.47617103652424686,0.6540480125100774,0.8898379467134112,0.0
IK,951959.716575909,2.937511964412331,0.08431584543813096,10.462401190718692,1.285557981605524e-25,1.964505576172111e-24,2.4023684495448032e-25,1.0
GPR150,4188.542813637062,0.24211283583583215,0.4375644526128841,0.9488751916476053,0.34268409346483486,0.5230276160793463,,0.0
SHPRH,416960.19862228737,3.024118001245209,0.11162290819221335,9.551696010503614,1.2759016095554093e-21,1.4931335697771383e-20,2.3843232396964772e-21,1.0
MEF2AP1,264.83478751085903,1.0708035811027554,0.5787614227079695,2.3915376110139377,0.016777964821263838,0.039565592360479185,,0.0
SULT1B1,8441.660595861047,-0.06465759542926233,0.489749840729799,-0.6593404775622209,0.5096771551950754,0.6833530304560751,,0.0
GSTO2,89180.30144295665,0.8493529221101158,0.4068246693775524,-1.8238006701545173,0.06818221254674578,0.142198045115229,,0.0
NKX1-2,118.32332070334614,-0.872401426128763,0.059384986471640276,-0.531116152970291,0.5953382913867027,0.7540951690898233,,0.0
NDUFS5,403553.3971690054,0.8187599938885879,0.237987572379091,-5.689680306307808,1.2727743294395654e-08,5.966278915768769e-08,2.3784791788367644e-08,1.0
TERF1P2,2979.060486257276,-0.06832173173790457,0.14520301171232133,-0.37192081975199953,0.7099518033952854,0.8335594834507145,,0.0
CLEC1A,63058.13363851475,1.0779094677991272,0.400097008744476,-0.937199992469652,0.34865569366862403,0.5290663259493462,0.6515454380187413,0.0
RNU6-395P,1911.725762759705,0.03306475636712421,0.2150783628723919,0.07996276017039657,0.9362668741713216,0.9636509928391542,,0.0
EHBP1,902276.354560849,3.19740026891286,0.10620753128958356,11.052652770262114,2.1283124081156527e-28,3.71859339278109e-27,3.9772539653529975e-28,1.0
LINC01852,3830.9749274693763,0.19429214768119601,0.23158340884501138,1.0512650930344556,0.2931368544590631,0.4653128531549995,,0.0
PHACTR2P1,1037.6830353033263,0.2549578742923537,0.5118414554141677,0.8404207214424989,0.4006725349010186,0.5840600564948601,,0.0
TTC4,151201.27659630775,2.1020881206890056,0.11442398924371071,-1.557424895540198,0.11936963919993833,0.23066128657466817,,0.0
RPL10P8,7075.832848392934,1.7136435250493105,0.362474671075728,4.3475270272184785,1.3768110908973882e-05,4.80441691425576e-05,2.572896417806376e-05,1.0
NCLN,380758.8850121425,1.9347692035860384,0.12835383467182218,1.1372090029550024,0.25545092424726257,0.41989745673143786,,0.0
TCTE1,5454.5095492770415,0.0776709109644223,0.38361011790851485,-0.31194967529303236,0.7550787693974201,0.8609249115971714,1.0,0.0
UBE2O,272252.0935489462,0.43416799826508995,0.15209117161022206,-8.870474888055098,7.283462713103233e-19,7.235678564090827e-18,1.3610868802309968e-18,1.0
GPATCH1,155130.5559923273,1.4566242494505928,0.0961764878453271,-0.9945999880379911,0.31993085333989124,0.49720836939212104,0.5978662954896921,0.0
ZNF469,109107.6253131072,1.2457661364481438,0.3415949418325003,-0.5944977229749775,0.5521792648066384,0.7173125731010854,,0.0
PTPRA,1038646.8137592558,1.802018876692685,0.07785669673783376,-1.0998461118534055,0.27139917730331886,0.4390358332744203,0.5071734065013779,0.0
TRAK2,361030.6506765623,1.7100405749744927,0.13479786133751087,-0.4860655945551186,0.6269206596599097,0.7756183551177442,,0.0
MSI2,648505.738058374,1.7895235436914174,0.13980796481053423,0.49925628872716044,0.6175988446851397,0.7694585014644816,1.0,0.0
HSPB3,82.8723122163419,0.19311142001223155,0.12870034884517736,-4.941947625430984,7.734599612730832e-07,3.0969386430141e-06,1.4453924556774858e-06,1.0
PRPF19,1441744.9667143421,2.3480358702854045,0.0972368012744976,4.146728384468457,3.372597549548548e-05,0.0001125024696601742,6.302494373632796e-05,1.0
EXD1,481.82991849556583,-0.22847875009099317,0.5384855555751178,-0.6027166348347481,0.5466972133344736,0.7123457562013988,,0.0
SYMPK,2022639.4540971387,3.56067284846555,0.055760443428970456,18.31917529736127,5.818791323859354e-75,7.269125061331298e-73,1.087378468411563e-74,1.0
HJURP,65639.84647661503,1.5956448523434794,0.4304672819808964,0.3320466934150745,0.7398540010211241,0.8528374724573373,,0.0
SYNDIG1,25922.511355321127,0.11253186000716853,0.452849529510992,-4.063583781799494,4.832496538659576e-05,0.00015814004717538898,9.030660136006694e-05,1.0
MAP9,93989.98348081985,1.9764564373367457,0.25426092220448443,2.1189560912191285,0.03409417790447047,0.0762616862079852,,0.0
PI15,295086.7445738146,0.48727733647175847,0.44669232712467044,-5.179425222889237,2.22570606920578e-07,9.449323048276366e-07,4.1592570036728806e-07,1.0
LINC01090,230.1787829724598,-1.8906492566422095,0.4540676251152441,-4.581269107124683,4.621626737982421e-06,1.6981080007131e-05,8.636600153215466e-06,1.0
PEG10,828609.3833468308,0.7476048663682774,0.30463618696068717,-3.006105645512973,0.0026461704351590665,0.00703720791085144,0.004944993890983491,1.0
ADORA1,87646.44745167522,0.5987602106290882,0.3528119796005643,-3.677036298574508,0.00023595947460760395,0.0007137345609044775,0.0004409459590928186,1.0
RPS2P2,452.44666398213377,-1.2216690894327318,0.6423651421246449,-2.5257551715770443,0.011544990605784044,0.02792367766558706,0.021574539288370557,1.0
YBX2P1,51.54774959382744,0.4111760332779955,0.14637970111196705,-5.085273348866173,3.6709697801188434e-07,1.5235744178782274e-06,6.860073295158512e-07,1.0
MCOLN2,20268.810850984024,0.7152752924098419,0.3446786197717624,-0.7349258381609983,0.46238466140985957,0.6418155980736301,,0.0
PPIEL,19865.540711793048,2.087530264512055,0.3116503904494268,3.602163039345192,0.0003155803263130164,0.0009358782733448921,0.0005897363091197244,1.0
ZKSCAN1,969354.7204637749,1.5525884763572622,0.09378732308146151,-0.9564259222740552,0.3388570934276104,0.5189300937351422,0.633234441233272,0.0
RAB12,264592.1692027281,1.8212254605301332,0.14075310751227485,0.9557752489548561,0.3391857956307939,0.5191152896683238,,0.0
ATG13,335015.75107051246,0.5521980727445679,0.13128563658635667,-15.992827278929711,1.433736793289288e-57,9.814222953515851e-56,2.679275525828935e-57,1.0
ITGB3BP,92493.38968235548,1.6486912198305936,0.1395296969400986,1.1429660715536356,0.2530526781284167,0.4167779276887601,,0.0
PACS1,466537.45929181867,1.052324265577072,0.1311000932725987,-6.650564903004697,2.919702139225064e-11,1.6925465881331375e-10,5.4561524269662105e-11,1.0
KIF20A,126596.85734248735,1.2090544288345597,0.46359119150042943,-0.8253685582148469,0.4091623798067966,0.5910212478424323,,0.0
MFSD6,306762.8810285246,1.5232673705142508,0.20138791818463173,-0.6751361147795609,0.4995892905187653,0.6756286020899243,,0.0
LINC01094,17351.73471903835,1.5762036019971861,0.32202917233670825,1.5423277781690914,0.1229939619959853,0.23602182338476901,,0.0
HINT1,774435.3112477853,2.0409951250950784,0.0982494158307124,0.9087169771974791,0.3634995402963005,0.5447859086025644,,0.0
ESD,493871.763514567,1.8979455772842628,0.12056073179579818,-0.34697458446269835,0.72861041267777,0.8463194402954015,,0.0
TMEM184A,373930.73118425376,1.6075028894189418,0.12949139277993083,0.26777426684551486,0.7888730796751444,0.882626323304361,1.0,0.0
DIAPH3,26323.027872959025,0.9431865195413828,0.4692975621225575,-0.5199607868274485,0.6030909063666499,0.7581497507205408,,0.0
RPL7P32,141468.41624081117,1.4739912807708788,0.26795717609872866,-0.6150457374016797,0.5385245156978575,0.7044520955346059,1.0,0.0
PYCR3,148310.01376782256,1.1929923156212117,0.3414081593308291,-1.387396118763942,0.16532100785742976,0.30013624276390855,,0.0
GIGYF2,474088.4749586413,2.775746471724721,0.10117437061031435,-1.922020642434919,0.054603160391557624,0.11660341558829634,,0.0
CHP1P1,657.1186966126027,-0.0968893957320457,0.31441217426531765,-0.36744400899420104,0.7132878494546107,0.8356743277735234,,0.0
A2ML1,63029.463379148205,1.227606542686171,0.48219045023861257,-1.0502685143559793,0.29359467684494345,0.4656757850072215,,0.0
HCAR3,11884.507035353217,-2.4662882192397992,0.30945244185548265,-7.5213857130247925,5.4198692910465165e-14,3.852501685257389e-13,1.0128304729752971e-13,1.0
CNOT8,1347670.9699144133,3.321746594066534,0.06575050399056667,13.339970771496958,1.355126572024486e-40,4.425861098304808e-39,2.5323737772649053e-40,1.0
RHPN2,145280.1172528069,1.5630460974119103,0.3628007977788366,-0.27034062848987894,0.7868982115362753,0.8820008732037398,,0.0
CCNYL1,124059.26488862645,1.4671035030406923,0.1748609525335795,-0.11660422802329064,0.9071736871061624,0.950146073039089,,0.0
SPAG16,73169.69049205704,1.1561164738283718,0.2515898868971604,-1.550760337725343,0.12095912877540065,0.23310172251857966,,0.0
APEX1,453726.47752054315,0.7899203846021176,0.12600741363486742,-14.614793985368165,2.2603709704878293e-48,1.0362452972043747e-46,4.224036551805417e-48,1.0
ADH1C,100824.09325062534,1.0893949960982852,0.5058744138499441,-1.4647077923045102,0.14300065804756987,0.2672304742945799,,0.0
GPNMB,2515351.1408476843,1.48625565116918,0.07708451698687631,-1.3670663484390482,0.1716045099598913,0.30910401336183213,0.320683521417194,0.0
SH3TC2,23984.30248105764,1.5353022351602714,0.31528569687032826,2.2856549660545866,0.02227445179791661,0.05155416194265368,0.04162506942191073,1.0
BNIP1,95128.78725103757,2.2492702924821755,0.15335348740266952,7.808669447659008,5.779485563537663e-15,4.415915804433899e-14,1.0800332595735865e-14,1.0
CHCHD4P4,275.27290950624035,-0.3997475836850434,0.5397856028727946,-1.0201922560853018,0.3076372895641224,0.482657311130901,,0.0
CFAP20DC-AS1,604.4166732379211,-0.3810754752170494,0.5203137516477313,-0.9370007921892634,0.3487581504256847,0.5290663259493462,,0.0
TSPAN14,3178824.595725831,3.5289983246825174,0.05879219291918524,14.424229346754828,3.643164212182176e-47,1.5830340494151597e-45,6.808112030020319e-47,1.0
WFDC6,163.74885788794265,-2.1508097709888703,0.06786054013254864,-0.5080159205770622,0.6114421782002379,0.7653142310052474,,0.0
BTBD10,143875.46272520465,1.3377323434126187,0.15620064887098525,-1.118524585316798,0.2633430123162679,0.42877974341622377,,0.0
NFIX,2132921.495463107,2.5656632363535343,0.09036280069706076,4.489704706416038,7.132197699751829e-06,2.573255733260642e-05,1.3328194429940125e-05,1.0
ANKRA2,106884.98279138301,1.433211576829172,0.17385490195879855,0.2549278924390609,0.7987787927759495,0.8897676387653632,,0.0
MAK,15752.167091858451,0.022485103440120575,0.21364399206291487,-0.8427055586020262,0.39939313763462936,0.5830463069705647,0.7463603248916391,0.0
CIDEA,33566.637418895196,1.1034314418035378,0.13952422791528604,-0.2811712393495883,0.778579062854342,0.8764495555492559,,0.0
TMEM107,47810.830440167054,1.416039903724906,0.18290376899408833,0.11184342370069277,0.910947556363677,0.9523022885249568,,0.0
LRCH3,229416.43691105567,0.6215212090332568,0.09299701447492616,-17.253938911303365,1.045242583154368e-66,1.0446154376044754e-64,1.953282418856536e-66,1.0
ABCA3,413849.5634033917,1.5190898377793967,0.26185511458979066,-0.7020088956395869,0.48267361585125546,0.6602573387376741,,0.0
KLHL7,243439.36933152424,1.6191788199804609,0.15373403222007548,1.027478720695119,0.3041951003636765,0.47875997370623347,0.5684603277925547,0.0
ST3GAL2,156209.55481176643,1.5829994476710048,0.15982810123423172,0.3502079340091854,0.7261826528686981,0.8450709632941044,,0.0
ANXA2P1,24668.57366900733,0.2572272502749635,0.19959229206187287,1.094213603948463,0.2738613063912654,0.44187437779694966,,0.0
CYP4F23P,46694.26121912111,2.782381113718333,0.5818479438120665,2.3882089668036626,0.01693071198195849,0.03986741806464828,0.031639030581094456,1.0
PPA2,298257.7457107586,1.8461624846605298,0.13727070335344366,0.8337020580946164,0.40444889809093143,0.587167676862401,,0.0
SSTR5,9.360433929500228,-1.5852600065161948,0.0622866847033478,-6.883668156936519,5.8330667941079695e-12,3.598498119772534e-11,1.0900461768944474e-11,1.0
CFAP45,23075.656210676632,0.3725296511299494,0.35220742214298206,-3.1177518528703216,0.0018223616931343047,0.004951789766499249,0.003405512857364293,1.0
RNU6-1016P,845.3158417952916,-1.0398278949317015,0.42180373816962763,-2.8609415104202593,0.004223849695253464,0.010907791693633881,0.007893259883014795,1.0
SLC16A6,98645.51416506487,1.4746392530474963,0.36453654575311684,-0.5173561211795917,0.604907584190544,0.7594781905025499,,0.0
RPL26,1792354.8418454088,1.9004203628884442,0.06991204634463126,-0.765247613307157,0.4441241122327797,0.6235707189736442,,0.0
SCAF8,289974.8124607202,1.0701959723858872,0.1101460149593707,-11.769657556812106,5.595116925708211e-32,1.19114387445718e-30,1.0455796289365717e-31,1.0
GORASP2,553251.02472535,1.721998040072382,0.11689877034526043,-1.55312029879128,0.12039439750019652,0.23210293376098845,,0.0
S100A1,415097.12640352,1.2170867562338783,0.2131525306818539,-1.985643608330891,0.04707291067780977,0.10222656873403539,,0.0
ZNF43,92087.46695954287,0.44987881846149086,0.26599163867928655,-6.618528622748408,3.627916705801015e-11,2.0861564762816654e-10,6.77961846630055e-11,1.0
EIF4A3,515041.35282746813,0.6456900174122665,0.13073125635738123,-8.176835709030208,2.913948902216662e-16,2.4637906369503655e-15,5.445401145989776e-16,1.0
SV2B,43091.527938172556,0.13016027071099762,0.4008971846068173,-4.765931265492394,1.8798334086269344e-06,7.259294855416377e-06,3.51291231971159e-06,1.0
CBFA2T2,229837.00577762956,0.3369330717857368,0.1371573943295401,-9.77705035073842,1.4126752508495911e-22,1.787123602150736e-21,2.6399170637604365e-22,1.0
MS4A7,138892.28921671846,0.7631215675172918,0.28683587391111875,-4.9212504197066105,8.599301445797766e-07,3.4266913337042613e-06,1.6069823980797095e-06,1.0
CFAP100,446.2033834405994,-0.5616834014252421,0.34455886269176983,-1.8275426677930082,0.06761821699591564,0.14131670026289855,,0.0
CRYZL2P-SEC16B,97239.78159653189,0.35584916111336323,0.27035387695225754,-5.981166288202614,2.215455579839897e-09,1.1103943362547608e-08,4.1401015454225755e-09,1.0
TUSC2,250684.03021537597,1.4859015135225784,0.15038686695839704,-1.9505332456099627,0.051112594848383985,0.11004292824531442,,0.0
PPIAP16,385.7064918271191,0.00573297729471536,0.5238692976867707,0.015528551023651594,0.9876105068138484,0.9919778296580504,,0.0
MANEAL,64366.50677936587,1.4153896208700354,0.3587823097365437,-0.17226007985200573,0.8632330668271875,0.9268356840994771,,0.0
SVOPL,6661.70911693963,-0.7150580844541001,0.6297702002960547,-2.6791658089883725,0.007380583631565196,0.01849587583095852,0.013792362156668396,1.0
IP6K2,467059.6752289542,1.900797112283577,0.12053093693449039,0.17584048461572077,0.8604192630213043,0.9254661478345666,,0.0
RFPL1,1401.2969882321431,0.29293850751024775,0.3773692851511948,1.0307228392010832,0.3026708112719564,0.4768840185672697,,0.0
MIR1282,255340.97692972273,1.3260959343945413,0.2251277009341935,-1.5373350788722289,0.12421127547229266,0.2379922329505546,,0.0
RERE,1156902.1180200547,1.8407992315924302,0.11295902921018175,0.08851030225083034,0.9294710964647416,0.9598535407391015,,0.0
PAK6,38936.026379358926,1.288966342132598,0.36640679339879134,0.11403990205282596,0.9092061624922707,0.9514120771593002,,0.0
IMPDH1P7,1233.2074056417766,-1.1860732111212706,0.2910858789759182,-4.362658034240688,1.2849170571142954e-05,4.516053286552466e-05,2.401170730890103e-05,1.0
TNFAIP8L3,47551.91923130928,0.843891579545434,0.3274657928915238,-2.1459713086149756,0.03187526784058533,0.07171576470031737,,0.0
HTD2,71032.46557605562,0.29283454126905895,0.10757518248964147,0.09350939074583871,0.9254988896482494,0.9591499426041799,,0.0
SYNJ2,705681.765148072,2.9834636831414287,0.12618499996608784,8.270431247182078,1.3347532889593175e-16,1.144041541154324e-15,2.4943014902504524e-16,1.0
SLC11A2,1046025.5846863132,3.183738151460984,0.07289538942336712,11.955980157860564,6.0416491548033994e-33,1.3785443299795702e-31,1.1290247130348762e-32,1.0
MEIS1-AS2,685.7435038810523,-0.9873744267640894,0.6209398200442485,-2.1867929383428413,0.02875764322206837,0.06536917028409141,,0.0
ZNF318,445831.7579077443,1.6408446072333325,0.10746466535785301,0.7621560075282512,0.4459668988267532,0.6255111309045877,0.833394387972059,0.0
CNTRL,152089.22878630523,1.7945149338134698,0.12932004294278715,0.7102787134267603,0.47753131735305787,0.6553994274802181,,0.0
BSN,17222.67612612459,-0.20581754951853745,0.34518477269875464,-1.2421246074681347,0.21419059072488356,0.3654183618478126,,0.0
DUSP5,278012.53852031054,1.7885504785126927,0.21467444097800514,0.9412183016573622,0.34659299971864077,0.5267455266588988,,0.0
LINC02315,154.12497219510198,-2.449956828434473,0.8956567235537338,-3.4821873643778134,0.0004973355778519147,0.0014365236315179292,0.0009293888865093559,1.0
ARFGAP1,556105.1477771283,0.45685209102163826,0.1224344782637391,-10.514246481391375,7.427212596036346e-26,1.1526019050432801e-24,1.3879499380102327e-25,1.0
REV1,217518.25175410006,0.7101812708385052,0.14903256678794827,-7.68789775802891,1.4957225782407314e-14,1.10563989992144e-13,2.7951105921723765e-14,1.0
R3HCC1,150069.82593135512,1.5794514843812224,0.1882319548472829,-0.16541060675942484,0.8686208056861944,0.9282502493614014,,0.0
MYL6P1,742.0056135432352,-0.3185363750985142,0.4491560549967729,-0.7907468216390351,0.4290917475217546,0.6100061059363322,,0.0
RNU6-322P,356.7366335918267,-1.1014053725744903,0.47522100957983704,-2.76510310390289,0.005690480652567145,0.014426855312469823,0.010634005916558721,1.0
YWHAH,822448.2423680819,1.6995960429854726,0.10335866012203207,-2.706158587170837,0.006806653213583194,0.017152216897768646,0.012719837736826934,1.0
DPY30,197470.14927023923,0.6629120179963278,0.17329264514049936,-7.584921664016563,3.326880052038047e-14,2.3920028230264927e-13,6.217060441299223e-14,1.0
RDH5,116766.30512197402,0.4616580566174197,0.45692284520520055,-4.880344543607022,1.0590066321307904e-06,4.1865950480676895e-06,1.979003792355108e-06,1.0
BCL2L1-AS1,292.0878796464696,-1.3463047311112513,0.424600556051824,-3.5901417814350385,0.00033049814328021536,0.0009777970526768716,0.0006176137703706941,1.0
LINC01505,1319.2505542026925,0.09065906226463219,0.521842028474699,0.25681444739344605,0.7973220166354028,0.888541060911487,,0.0
SLC16A9,32077.174410428397,2.2525095286169083,0.3512402680629521,3.832447077983562,0.00012687489851870501,0.0003945201418157866,0.00023709568732160395,1.0
TTLL11,23908.461223170252,0.16984035096650374,0.16806055179864907,-0.589296852433043,0.5556621559564712,0.7199464962130476,,0.0
MOG,606.0997648363975,0.0634228846411307,0.32323162770614716,2.3426005961414074,0.01914987080498018,0.0446116104487114,,0.0
RPL12P8,134257.9351021797,2.7590261431203364,0.15684072215047717,9.284333096137585,1.6272300114844094e-20,1.798953178625574e-19,3.040863263794912e-20,1.0
KCP,248032.70745765307,2.848224871099572,0.14590176341304467,7.826109517584032,5.031990287818485e-15,3.856572924574995e-14,9.403461282060197e-15,1.0
GNAS,7878779.35598111,1.1054283830977467,0.04489676365209415,-3.9870280044130935,6.690613093986931e-05,0.0002156967331009851,0.00012502989390670416,1.0
IYD,15156.655315784019,-0.5454245745219898,0.7508789897288429,-4.658058344598127,3.192057547048833e-06,1.2029194240273769e-05,5.965112775842565e-06,1.0
CCDC34,137776.73212567932,2.1270706183198724,0.2627711214468547,2.202541014824539,0.027627115261640117,0.06295152529065921,0.051627784204343934,0.0
FMC1-LUC7L2,895335.3885894734,1.9822045763637552,0.0790096057454859,2.1835801973262234,0.028993110004858463,0.06585389577012625,0.05418046772411285,0.0
BLK,4811.346052733531,-0.37053245234124527,0.3967535381445978,-0.9163269110537422,0.35949545736020516,0.5404328521146045,,0.0
EXOSC10,470220.1043351098,2.499163068966766,0.10132044604545071,0.1540674434640726,0.8775565580980245,0.9326684937440265,,0.0
PBLD,90392.52999352173,1.8142066968207564,0.16787100927730655,3.911222414381282,9.183015729202048e-05,0.0002917198321603473,0.0001716063186193816,1.0
CALCRL,202649.8329417389,0.16890188432950223,0.3665112260060257,-9.203121076482503,3.4770077231465085e-20,3.752615030791167e-19,6.497609421302582e-20,1.0
BNIP3P39,101.84233979268986,1.045476621468945,0.05999875195657385,-17.07624214781416,2.230282223130883e-65,2.0638370868490782e-63,4.1678086271447355e-65,1.0
CENPS,53152.33782263622,1.2782018820880976,0.2485798204010331,0.03501957350844564,0.9720641330423698,0.9842710298753685,,0.0
NR2E1,55.903842970607094,-1.9228205595240826,0.041754323878513425,-19.316296708206796,3.91768373066246e-83,6.7505743455587295e-81,7.321116530336691e-83,1.0
TRAM2-AS1,59177.90297227602,1.0841302311328993,0.14177142271982915,-1.013709045803767,0.3107216064299553,0.4863076685593208,0.5806566444766217,0.0
CCDC80,3102164.682294323,2.467725768503536,0.10593588758329306,2.3736391917786133,0.01761375282971631,0.04128326589591576,0.03291545358642199,1.0
LINC00184,734.4107443658031,-1.48938303045402,0.5324655084562835,-3.3585060440810293,0.0007836500748809827,0.0022086291168529446,0.0014644350875767653,1.0
MCRIP2,156170.91709998756,2.2823119510722862,0.227604308033534,3.847098320621651,0.00011952501245864222,0.0003723606529026404,0.00022336069082117997,1.0
ARL6IP5,824538.6544209276,1.946450241126338,0.10016986487038027,-0.3908816679854834,0.6958847049621568,0.8245897466264275,,0.0
MPP2,61288.944246023406,1.6150565993323411,0.37052483353987614,0.5718566400496966,0.5674191013468716,0.72964314190178,,0.0
DIO1,62874.7202546285,2.3765351154512344,0.5060143978987551,2.1361866698910474,0.03266420153812526,0.07335865846562335,,0.0
GRID1,34359.04988369068,1.3193892378420145,0.35961075502056683,0.4155137164122881,0.6777658761439974,0.8116404336822888,,0.0
OR9A3P,21.55143873391335,0.23004641359572,0.0420500543073026,-0.43998868633685756,0.6599453014857259,0.7994537385513146,,0.0
RHBDL3,4856.914324318098,-1.7857180992424417,0.46758572398096426,-4.342990217230911,1.4055639531697272e-05,4.894496915671865e-05,2.626627925949561e-05,1.0
SNIP1,112662.02344007627,0.8189846149378703,0.10228853652496811,-0.5220951993508584,0.6016040488130407,0.7575989248724236,,0.0
EVA1A,74354.7244628213,2.9423597929462266,0.3182679185780026,5.209487261117544,1.8936320819631242e-07,8.080682761374664e-07,3.5386983969969075e-07,1.0
LRRCC1,118575.97026788048,0.7566307174720953,0.2414112148463077,-3.8906131869815948,9.999122151676992e-05,0.00031583826417149136,0.00018685719293915455,1.0
OLFML2B,306286.0591234549,1.0798076062828816,0.2361877967322757,-2.712142754563513,0.006684979629308063,0.016862616460198075,0.01249246193255512,1.0
DLGAP1-AS5,1889.398790205866,-0.4470831704330739,0.6652277964314707,-1.2715824839501793,0.2035215035139185,0.3516759584009398,,0.0
WASHC5-AS1,26708.61780192976,0.4410311246691465,0.257633259667216,-3.502248477232603,0.00046134914851162,0.001337992858451866,0.0008621397513509968,1.0
CHUK,161837.27461715546,1.6471577430312498,0.1319592278624571,-1.202469215532541,0.22918178631594344,0.3855964263369594,,0.0
RWDD3,73512.92570710139,1.6315346855127948,0.13181994800217983,-0.9280477945723485,0.3533827779777674,0.5340324651296833,,0.0
AP2S1,275671.9048369244,0.4474915419197889,0.2974367627612448,-7.78093373642267,7.199119817239117e-15,5.4341392336471094e-14,1.3453254198483121e-14,1.0
TAF1D,488102.6365628274,1.6648981669505574,0.16254267253615112,-0.29841254627109964,0.7653883145089994,0.8664806088811666,,0.0
CSMD1,8302.485941924562,0.32066385834400035,0.5518180192538961,1.0775481747299005,0.2812354408549862,0.45028308168931946,,0.0
DUSP18,32303.482512143695,0.06975776221777882,0.14346571110871043,-0.4080273891310773,0.6832535669106772,0.8155516593844119,,0.0
LINC00958,1116.2355291041456,-0.7356987885064118,0.08657821315572412,-11.380454131709563,5.232653483415755e-30,9.979988342224628e-29,9.778447814745148e-30,1.0
KCNA7,295.63490583107733,-0.3158597743872117,0.6173873554713465,-0.7913327518629194,0.4287498409969198,0.6098670525082859,,0.0
UBAC2,992406.3019197475,3.143030951145771,0.07482788206134287,12.485504067847474,8.957423917004348e-36,2.39359611300913e-34,1.6739060326578432e-35,1.0
WHSC1L2P,3293.867807962918,-0.021328019655155198,0.28670333991406843,-0.0024678272077880677,0.9980309607708079,0.9988019656432556,,0.0
NOS1,9178.207005544737,3.766881169996695,0.5883918775698489,5.601303541957228,2.12745813445221e-08,9.825238722604153e-08,3.975657553424717e-08,1.0
RALY,882069.6483529866,0.8045467890306925,0.10297306901454945,-7.439484580790767,1.0107889750207066e-13,7.024913085088277e-13,1.8888977218318888e-13,1.0
FAM110B,124836.01142369844,0.2667722753051156,0.2615290272112356,-7.188262973981588,6.562078233069627e-13,4.291977085163472e-12,1.2262791671895634e-12,1.0
MRPS7,399031.4124966272,2.57382754432082,0.1760823528883136,4.17367606857622,2.997238310138269e-05,0.00010065322470269443,5.601047058998104e-05,1.0
CTSC,643886.5983656874,1.912906405755333,0.16365293706706785,0.9754636914209566,0.3293303036446277,0.5085486796391238,,0.0
PCID2,151967.05123421084,0.15042115318332333,0.17060988944714547,-17.505598161292497,1.2985571176152717e-68,1.3518520659840653e-66,2.4266604026639913e-68,1.0
SUCLG2,314363.0840343605,1.8237310541761855,0.13160228570894345,0.528304437802965,0.5972880519730972,0.7548427910241696,,0.0
CBX2,108708.43453794488,0.6056972265242593,0.3918461319833413,-3.778624487683602,0.0001576970137249149,0.0004858273597924783,0.0002946940828658937,1.0
ARL6IP1,1479304.618504489,0.8723784208363823,0.10459049781513059,-5.561310447972672,2.6775639743449124e-08,1.2297598510846993e-07,5.003660127076113e-08,1.0
RNF149,314275.2467830885,1.9106456447305074,0.11553332098319492,-1.0435939021760323,0.29667331533469277,0.47017968814699007,,0.0
DYNLL1P2,6619.235617414798,0.10829663097420386,0.6169968806937929,0.16699071527333,0.8673773544846002,0.9279981582822017,,0.0
KCNE3,29209.95211616399,-2.0527313203520663,0.28745153395065015,-9.603113104905205,7.756555834834287e-22,9.339640844979984e-21,1.4494954938918073e-21,1.0
ARPP19,810831.9147080124,1.879351610399598,0.09809104418906123,-0.2331893402499905,0.8156143829583296,0.9000938762461954,,0.0
MTND6P4,6553.737363761339,0.5008594690044929,0.4346820850039752,0.8501772729000606,0.3952265352971377,0.5798435105342915,,0.0
FTO,367621.4046567533,1.5094492272144784,0.2054474407674889,-1.0382366616700864,0.2991598883083232,0.47307024110021867,,0.0
CCNE2,86851.03468022068,0.6670476658428668,0.35350386328324845,-3.321750868027614,0.0008945452658292779,0.002505629312415304,0.0016716689204745333,1.0
SRRM3,27195.595550759906,1.1793892736477813,0.32942466995180486,-0.10218234701419847,0.9186119394478548,0.9555170402624752,1.0,0.0
PRPH2,16014.544039245991,1.1305336129177463,0.339610189160935,0.7172781224589105,0.47320250356472127,0.6514030055958435,0.8842905423758085,0.0
SLC6A1-AS1,140.49408225216422,0.029858102939319897,0.6513069144906898,0.07361498910583714,0.9413167439195619,0.9676526989027053,,0.0
LINC01344,709.2338530638228,-2.4365223657227815,0.6232801886939467,-4.60857131205512,4.054453156628544e-06,1.5007483276794692e-05,7.5767024770653835e-06,1.0
SNORD20,374.55307244435295,0.3825048075529128,0.4282268654777338,1.0738161593754398,0.28290508592933505,0.45194268362816087,,0.0
ZNF527,53017.97813262445,1.2872914509331728,0.1571316156337918,0.5090116118516687,0.6107440849181488,0.7648842587308244,1.0,0.0
SLC39A8,198980.14420410703,1.662147485137706,0.2674554505644506,0.526124813110589,0.5988014895074276,0.7554130295269387,,0.0
RFXANK,352234.43404993555,2.172357363858474,0.1872508909885809,3.345021464696838,0.0008227620267985599,0.002313642007829152,0.0015375249992192984,1.0
SLC25A34,16056.847856265633,-0.49592471509850133,0.369954693889194,-1.9440493187821188,0.05188950403527173,0.1114147472642523,,0.0
CD79A,94031.15064012546,2.6278166697890017,0.3241860457092961,2.744281368475827,0.006064353474092272,0.015351354766990418,0.011332675508615962,1.0
CLPB,53123.97859651778,-0.04428568355570639,0.24988199107216957,-7.937472260849976,2.0634317221612645e-15,1.6263356964731606e-14,3.856009093358205e-15,1.0
ARHGEF38,117476.13555448696,1.2488252667808863,0.3607413039336017,-0.7299612140357001,0.46541389304505376,0.6449454308225552,,0.0
GLCCI1,78827.185264072,1.6903693617032662,0.22609775922292827,0.5135550579233876,0.6075631076755694,0.7618551691480101,1.0,0.0
MMP2-AS1,2478.0266308739765,-0.4116773102189493,0.4272914534774331,-1.034200106671481,0.30104262429818807,0.47544563641531157,,0.0
LXN,125779.92437689372,1.2778857162560076,0.17308086008906534,-0.44568020537197145,0.655828265154817,0.7960101629775613,1.0,0.0
PARD3B,154576.17925201711,1.669845951726965,0.1934441052467214,0.3177558961826469,0.7506701077877568,0.858767978162871,,0.0
ZNF790,24272.161243108432,-0.2246104199431049,0.1308505146504923,0.005429648982132914,0.995667788192974,0.9976643147383779,1.0,0.0
ELFN1-AS1,1324.4854490078149,0.3183113976781572,0.26780018870040695,3.050988027234533,0.0022808966976600054,0.0061211819539243005,0.004262393716606973,1.0
ZPBP,428.4885043017031,0.41391726911535737,0.7093676335765106,0.9587212405419346,0.33769919511780255,0.5180657702824999,,0.0
PAPPA-AS1,11336.52344890537,-0.6243020858721307,0.2687830873557578,-3.3217769753725177,0.0008944615755494597,0.002505629312415304,0.0016715125254377896,1.0
GPRIN1,95005.43739929945,2.7437834062550603,0.2974456465656302,4.544371398099415,5.509943411457728e-06,2.0111897170967324e-05,1.0296629479077884e-05,1.0
B2M,12082177.602355594,1.7989682651571828,0.03915661758233504,-1.4160894060632583,0.15674932943378914,0.2870216253133422,,0.0
HERC2,565903.3369339416,1.9720870147181615,0.10985827742462682,1.0600368038447956,0.289127856140321,0.4599719506950602,,0.0
MATK,36000.47277730231,0.9413028104965918,0.4204167531267367,-1.076843071225295,0.2815503795663121,0.4504012174593127,,0.0
GOLGA2P11,180.33338382896304,-0.6936559986949564,0.8398175887855869,-1.554644443515399,0.12003077280897308,0.23167005474176844,,0.0
RNY1P4,178.30813242232838,0.18888593585599947,0.6714723725133881,0.4773786466921917,0.6330925167858776,0.7795429986153936,,0.0
FAM149B1,188366.87968239532,-0.004514050618668937,0.21003650230324572,-15.913777759560176,5.0850351717412545e-57,3.387989433758807e-55,9.502588164992912e-57,1.0
RUNDC1,191451.1305934509,1.465193787611765,0.2279766709040112,-0.19962967602392503,0.8417702168114417,0.9130292540496581,,0.0
CLIP1-AS1,241.6786444118412,-2.0805894538862253,0.4883140488762307,-4.700863857274178,2.5906319807089037e-06,9.859396807008677e-06,4.841207183097379e-06,1.0
DDX18,445541.089357967,2.0137958219400973,0.10780529812353559,-1.2831706948301977,0.19943228048260808,0.34602885610124745,,0.0
CPSF4L,8412.451396753215,-1.163092766306913,0.1625964887613749,-7.504466793599557,6.167914325288812e-14,4.3655903517660335e-13,1.1526203396958935e-13,1.0
PPFIA3,54051.10137487833,-0.30470525029449413,0.2664801518646609,-9.616776042331127,6.7926817736337465e-22,8.198799715663729e-21,1.2693728804355959e-21,1.0
API5,409515.74618076615,1.1088301123346715,0.13414555582423504,-5.9776511581751555,2.263778430815724e-09,1.1323424243029202e-08,4.23040419550717e-09,1.0
MCM8,150038.21141279122,1.6545595145691219,0.18193279056395928,1.4249460641397311,0.15417279267041176,0.28344424024063564,0.28810824419373504,0.0
KSR1,767471.8396853603,3.446896152673408,0.14426358152701582,7.995331777006385,1.2922540677667382e-15,1.0331829722608625e-14,2.4148816666531006e-15,1.0
FOXD2-AS1,16283.972733587661,-0.10735339564904477,0.27587143124634284,-0.48303758856107276,0.6290690471318565,0.777121885912951,,0.0
IPO8,540603.290348956,1.6517066585652616,0.10302629555473512,0.40142789298077886,0.6881051167258767,0.819071288299001,1.0,0.0
H2AZ2,1059368.874063116,1.7233963075176104,0.0868905542892867,0.4864726081837915,0.6266321217464333,0.7754533710665992,1.0,0.0
TMEM132A,440792.4768484385,1.153441050565877,0.25833482704133615,-2.6681996022256373,0.007625893838750055,0.019053295756117014,0.014250782166130899,1.0
PTH2R,10981.236748180887,-0.1704921496463102,0.4225057415226131,-0.3182352093389053,0.7503065267506931,0.8587030504763206,,0.0
C8B,35.89219957130972,-0.5546748037604997,0.03721477227742215,-5.744536424142869,9.217315391882712e-09,4.4202423237272464e-08,1.7224728875556434e-08,1.0
KRT18P17,7924.505279194045,-0.8327483494027481,0.45062254429038695,-2.6817970537500764,0.007322786890782343,0.018369460890180406,0.013684355307868127,1.0
MIR3142HG,10967.47684184121,2.144290700594828,0.4334976203330375,3.2156979484479606,0.0013012771618326248,0.0035984958371209886,0.002431743447149449,1.0
RPL23AP34,233.59994503607328,-2.41889502464818,0.5439072413174864,-4.9199793388878135,8.655334851469107e-07,3.4435277271330515e-06,1.6174535621836622e-06,1.0
CENPUP2,150.91794855984554,0.6520700603166757,0.8746279564870882,1.4110068162992024,0.15824260417044334,0.2894356855928643,0.29571364735965044,0.0
MIR6757,1548.3962497879368,-1.2397537562142806,0.6113806685354268,-2.911659595487042,0.003595141948322459,0.009390969323453909,0.00671837109789354,1.0
LINC00670,41.985421283519756,0.6048178027202625,0.028650485311421153,0.6304623081937388,0.5283921557746063,0.6972209142872214,,0.0
PTENP1-AS,227.54348101763543,-1.0889526737461148,0.7369725887069868,-2.181728022978648,0.029129611457144794,0.06610384579988762,,0.0
DLC1,494797.82269416266,1.5845127933220722,0.21637973842392644,-0.6994143346306524,0.4842931320389353,0.6621101999448864,,0.0
MIR4458,393.50888314067384,0.006418958276800222,0.41353711758481276,0.024295433081701436,0.980616955930179,0.9880379204988687,,0.0
SBK2,328.95988104817326,0.12988431287122565,0.7456696938335073,0.3332219494851228,0.7389667507163249,0.8528374724573373,1.0,0.0
FGF10-AS1,15667.599070707609,1.252889134703424,0.5343948443559038,-0.02505547149820944,0.9800107176172834,0.9880379204988687,1.0,0.0
PTCRA,678.5630330287682,-0.3014016067361145,0.6138329909434128,-0.7575235178375662,0.4487362816578261,0.6282810869835127,,0.0
TAGLN,4970112.1275929045,1.9185082074724706,0.0668219380655545,0.41250709844657785,0.6799677788966803,0.8136491837037144,,0.0
NNT,486588.0123546867,1.5007633158283329,0.13140028618257987,-0.9414106069632985,0.3464944800272871,0.5267455266588988,0.6475067003352108,0.0
OR8G5,69.40389687522335,-0.7916494564306417,0.13152430839203816,27.944158273889293,7.763001991493076e-172,3.87917209514909e-169,1.450700110377371e-171,1.0
HSPA12B,364722.2659144284,1.6764636321542499,0.19639941477772146,0.16764100593375494,0.8668657096180026,0.9279981582822017,1.0,0.0
BLOC1S1,746804.9476192917,3.1476239740568044,0.12947034343864625,8.32373675089964,8.52327855723426e-17,7.432953394502546e-16,1.592775727393403e-16,1.0
FCF1P8,110.47349978004426,-2.5590845598466303,0.6641026545825978,-4.384402658523354,1.1630447371498259e-05,4.11595931412017e-05,2.1734235420858937e-05,1.0
RN7SKP161,14.246895110146673,-0.31787142000374935,0.04080106544020454,46.34629011956081,0.0,0.0,0.0,1.0
PTGES,196084.54282942656,1.6558040601397297,0.3293727823989903,0.23072749887583183,0.8175265088401437,0.9013099095828871,,0.0
GAPDHP72,30130.829078600345,1.3856226145117911,0.3633252782285106,0.8255549944429853,0.40905657411505714,0.5910212478424323,,0.0
MAIP1,83397.59148801761,1.535568384654902,0.14948999024256968,0.044844435971692305,0.9642313059155749,0.9805871219982202,,0.0
METTL18,49469.10180404397,0.5246483856566606,0.20530705775552074,-5.174222883414737,2.2886150024396856e-07,9.68349633123718e-07,4.2768171904230026e-07,1.0
RGL2,1142260.2937920007,1.6552936749834837,0.08227083157014889,0.03202794306845845,0.974449766977979,0.9853958907713378,1.0,0.0
GIHCG,66194.9329643574,2.6544799213547807,0.17618353111968418,9.901237760503738,4.111544855680227e-23,5.37837425231259e-22,7.683391789017986e-23,1.0
HSPA8P4,700.1951322490754,-2.3514987502648625,0.3637628377249573,-6.805071174813094,1.0099929074095495e-11,6.139823063656349e-11,1.887410081647539e-11,1.0
DNPEP,475077.3216251517,1.8372253582852436,0.1228296905791022,-0.7955270533760412,0.4263069804887887,0.6074297067301047,,0.0
RN7SL481P,1429.9671382234944,-0.320496493273578,0.39037183089024025,-0.8216765272788729,0.41126102181159374,0.5933467585839975,,0.0
ARFGAP3,333999.8344265677,1.7299616363776078,0.13502175238424446,-0.43448718200783354,0.6639347008767766,0.8017597149060544,,0.0
RPS10P9,572.7984340702502,2.146314158339527,0.6406044855549284,3.8775321864951584,0.0001055213711153796,0.000331837817157679,0.00019719158244710242,1.0
SIPA1L1,295971.07967531355,1.6458726824454548,0.1373207509258977,-0.9250334477924224,0.3549485092514568,0.5353690614939721,,0.0
FCF1P6,400.11901640284117,-2.8374332120287544,0.42209698906035753,-7.071803230885412,1.5293317865988422e-12,9.797526843121045e-12,2.85791732895827e-12,1.0
PPIAP31,232475.3280089032,1.324602548125344,0.1973170501920365,-1.3327652729094497,0.18260884529107102,0.3240399147441342,,0.0
CDC26,25720.32129296136,0.1463640889993662,0.1532522870409818,0.056214596257846715,0.9551708534177344,0.9747447615321808,,0.0
WDR75,283111.21888833697,2.0721187841079574,0.11432493857536659,1.026100731613034,0.30484410548599816,0.47947938152770947,,0.0
MAP2K1,338782.401112357,1.6261637863164553,0.13426869541867714,-1.6807208192046283,0.09281715476650013,0.18522656644097488,,0.0
GRASLND,8958.658214230632,-1.3702164476033054,0.2888438916667333,-5.118818827644342,3.0745513169167487e-07,1.2867280511417917e-06,5.74552465618287e-07,1.0
ZNF780B,118115.98556494065,1.2530862290190108,0.19540421215792914,-0.6637312114690859,0.506862359310885,0.6814073740856853,0.9471919257578504,0.0
UBAC1,193696.16606835314,1.6820707834107105,0.12985766041895944,-1.6611733086260918,0.09667864459528921,0.19204649941910795,,0.0
SEC31B,175222.8953321605,1.67738208579966,0.2744732289079497,0.7141915620485789,0.4751087338261184,0.6531274671056708,,0.0
KLRF1,6212.314672360367,-0.22917568910992617,0.3643295933878829,-0.4757492965700091,0.6342529961789123,0.7805628347707945,,0.0
SCAPER,101833.09857786492,1.5140918607113776,0.14121600947519067,-0.5509247835835072,0.5816852372570764,0.7435868842603252,,0.0
DTX4,169974.3624576106,0.926776868713863,0.29183675493087213,-3.603514374168906,0.0003139433770128753,0.0009320271963814795,0.000586677283071555,1.0
PRMT5,274901.7354897534,1.1196833290360375,0.1603622902963791,-4.8596331808534226,1.176034477910603e-06,4.62363830536529e-06,2.1976979379653264e-06,1.0
ARL14EPP1,18883.19342356083,2.8200511576960534,0.22494875871005934,9.252824288765753,2.186376673373494e-20,2.4011701619444724e-19,4.0857607467641546e-20,1.0
ATP10B,8279.403559166407,2.3286590089012975,0.5832550786730122,3.066973000400155,0.0021623838808803087,0.005815625539698011,0.004040924552265858,1.0
ZNRF2,238857.93724203933,1.524810067904124,0.1833479443176422,-0.04206091387316254,0.9664501387899584,0.9813760096593014,1.0,0.0
LINC01883,24.05863645526796,0.8435944520397947,0.04284703540189517,-0.483421081283112,0.6287967826399643,0.7769776268179776,,0.0
YARS1,517086.80535784864,1.811888564510811,0.11724591034205707,-0.3543651842914519,0.7230652227808312,0.8423151156397484,,0.0
KLK8,21289.01951492252,0.13149753090035385,0.6100044343515743,-2.692368231389366,0.007094656459415623,0.01785095585483377,0.013258039763537722,1.0
CES3,29768.104002239495,1.0223036025989996,0.43166122554766645,-0.49796855315855176,0.6185062071529129,0.7697821960505868,,0.0
RPS15AP1,411033.31998571166,1.655675196446174,0.13095993520025254,0.5193893172229084,0.6034892794071478,0.7584597407438424,1.0,0.0
OASL,49394.451742596466,0.5222122893807798,0.458346996717235,-2.9580688323855586,0.0030957298839938098,0.008154645350720647,0.005785101806401296,1.0
GATB,101476.25734346815,1.2639166255282723,0.1748265744393824,-0.8085640381232848,0.41876595717288423,0.5994931367478844,,0.0
NAT9,204797.48482413744,0.5032588082122568,0.1595626077017129,-7.842148279757125,4.4290291860925245e-15,3.425984341006865e-14,8.276686179096615e-15,1.0
EME1,52436.5567614355,2.1351745723414397,0.3318837809026471,-0.3100857564392935,0.7564957435062525,0.861539083752401,1.0,0.0
ARRDC2,988523.7555090021,2.577415547238795,0.13895776268910057,4.023081438696295,5.744162297002522e-05,0.00018638687661117924,0.00010734322736769483,1.0
TRIQK,157316.91072321302,4.789013032512071,0.27468821367945806,9.402271138553717,5.339780416575447e-21,6.105922824171054e-20,9.978639768746265e-21,1.0
POLK,147004.67212262255,1.5360501117927454,0.16392722609800978,0.04451256256109688,0.9644958384273068,0.9805871219982202,,0.0
SHISA5,926895.4822997388,1.6352993148171757,0.09783300379557658,-2.472987349948707,0.01339888856826519,0.03209695406309739,0.025038985106814193,1.0
IQCA1,26160.138161031362,1.0970645291407228,0.35244478285499337,0.151151471217316,0.8798562307201835,0.934595955616998,,0.0
AGO1,277698.8187135608,1.618182461636788,0.14168407120391496,-1.1048443779626935,0.26922702737818616,0.43636959319130597,,0.0
GORAB-AS1,4506.948182007701,-1.049085989476788,0.30349268408864327,-3.8253280790692625,0.00013059804761508584,0.00040559256925580106,0.00024405326998226773,1.0
LINC01139,12234.692261884458,0.037150724005033345,0.5476030335836877,-1.9652393495884144,0.04938654159530751,0.106602396696221,,0.0
SLC1A2,44246.62931344544,-0.044022840495627394,0.47304443051995715,-5.209874979510647,1.8896792203306767e-07,8.070706892301189e-07,3.531311542255943e-07,1.0
FASLG,4249.846355605426,0.46357254387608365,0.5326448303209387,1.339559060004485,0.18038874133430216,0.32135562939305096,,0.0
GEM,163114.5605739748,0.7425709480265071,0.31298712751483143,-4.15430755251961,3.262740860992599e-05,0.0001089833962725937,6.0972012275168354e-05,1.0
KLRA1P,43131.63969570111,1.4688212814443535,0.21986426130915757,1.2190135155215063,0.2228390627263528,0.37746671065884235,0.4164273733895231,0.0
TIGD5,64259.29029099736,0.07540839258545594,0.2510766834346021,-6.228324966897119,4.714483987128876e-10,2.5008786076096597e-09,8.810125835333953e-10,1.0
CDRT15P1,1087.3505203543095,-0.41449401710395595,0.2692107113178842,-1.6070173812155053,0.10805055532145175,0.21157077779831285,,0.0
DPH7,141168.0927549103,1.3287890298425713,0.1561961154222906,-1.0884507586250214,0.2763961635281822,0.44516730415337574,,0.0
BTN3A2,143066.63772439328,2.1300713338188806,0.36392359814490133,-1.820336785478721,0.06870773271021924,0.14323426798204655,0.12839661194950094,0.0
IGFBP7,2474145.837153784,1.693306678192647,0.08568429231436658,-1.2889467627421247,0.1974165952798269,0.34348562904362645,,0.0
CDKN2A,63963.93771159466,1.2017488361271316,0.47460764584297094,-0.8368527563439725,0.40267533876935935,0.5854433133053503,,0.0
NFS1,159050.249180298,0.3751615665217632,0.18836927505885379,-7.558835254064459,4.0669461171393954e-14,2.911537213086756e-13,7.600048521819581e-14,1.0
HSD11B1-AS1,12901.203837064044,1.839619960998572,0.593712716848957,3.5854844227126206,0.00033645308680115124,0.00099365016237905,0.0006287419875637071,1.0
AADACL4,139.77195918138585,0.6119730262241156,0.968178567108206,1.4044529534767087,0.16018401183379716,0.2925582993908934,,0.0
FN3KRP,221839.38295204923,0.5631719690746536,0.1730953410417814,-7.211063244948078,5.551666002148094e-13,3.655029645946512e-12,1.0374597985315642e-12,1.0
SNORA64,5518.990430865318,-0.7770731434412651,0.3709821394364148,-3.0948438230590734,0.001969165551567239,0.005321752439795291,0.0036798505090431914,1.0
H1-10-AS1,127659.84910036084,0.2832876613060537,0.20698055584881944,-9.639799110098831,5.429412436962672e-22,6.585139307646232e-21,1.0146138349851336e-21,1.0
TMEM269,40144.227469010526,3.203112573360318,0.1458834555082193,16.31732859811761,7.431733361392913e-60,5.54274203087767e-58,1.3887947496963496e-59,1.0
TTF2,580740.5614958884,3.6131188804067524,0.13380685389938654,12.067429046379797,1.5696173131858942e-33,3.734941768566625e-32,2.9332003418062504e-33,1.0
CFL1P2,5425.252565289595,0.4651014144337208,0.39192991132534466,1.2303908236868162,0.21855078795329008,0.3716112786905507,,0.0
PLCH1,37180.24924349211,1.8400545245222806,0.6089126167430524,1.4980302210863494,0.13412539880579516,0.2539691617402647,,0.0
NCOR2,2041337.3978892502,2.731971761636528,0.06288105125317972,6.896332995736871,5.336203010682255e-12,3.308313454637621e-11,9.971954541652666e-12,1.0
LBR,257491.73194794107,0.5216674428231395,0.16998595384679582,-8.328388300135154,8.195034119733448e-17,7.171731260299131e-16,1.5314355084632776e-16,1.0
MKLN1-AS,8061.310518182625,-0.9517429855856828,0.19328609292891866,-5.694480144853933,1.237483851995755e-08,5.822699442959311e-08,2.312530594024977e-08,1.0
CCDC54,671.3174354281234,1.261337459186888,0.7093492738146453,2.4632090473698045,0.013769960436951079,0.032928590214924135,0.025732420457533486,1.0
SLC38A8,895.4517867578131,0.15512792161490793,0.8058703857218609,0.44033741708566987,0.6596927444724707,0.7994537385513146,,0.0
RAB19,4274.3394221829585,0.9504656807057487,0.6953849760416952,-0.0019658397364896237,0.9984314878355015,0.9988019656432556,,0.0
SAMD9L,484547.5842731815,2.0143776751603775,0.17525345478818904,1.6818705857612706,0.09259393755613406,0.1848549364634446,0.17303362227673968,0.0
EMX2,16792.25019422997,0.8286909675291068,0.40199775644498426,-0.0772077452488693,0.9384582802236383,0.9651113451898581,,0.0
DNAJB14,225233.61331131947,1.9254446584945035,0.12279110215013786,0.16894312051486107,0.8658413813870721,0.9279981582822017,,0.0
SLC20A2,300120.9131258408,0.6950712355110242,0.17017157061110139,-6.694202105168483,2.1685154517316402e-11,1.2733339262400712e-10,4.052382839305537e-11,1.0
LINC02620,3961.785310333545,-0.2068649279271273,0.7725500779294333,-0.3894375691932977,0.6969524850013051,0.8249337127828751,,0.0
SMARCAL1-AS1,1375.8938575254163,0.1955600262140482,0.18801616020484507,1.1207734877763535,0.26238429208879677,0.4277762830563515,,0.0
HNRNPA1P9,2073.049744131934,0.11096870232002058,0.7756096975770558,0.6320599927523938,0.5273476762553917,0.69676264892866,,0.0
ARAP3,683935.3224144671,2.844628047508876,0.1656804591030965,5.053999534545107,4.326526606867443e-07,1.7750125988929895e-06,8.085135921659167e-07,1.0
PPP1R15B,437432.3891948061,0.6185995098112803,0.12806560555634966,-9.470381490766234,2.7882350775834988e-21,3.217739187687008e-20,5.210475199208954e-21,1.0
TBX19,31579.641133927165,0.41493543994272897,0.28468492360552955,-4.276492108395925,1.8986128399143454e-05,6.507111358746216e-05,3.548006118568431e-05,1.0
NKX2-3,17.561356727703917,-0.9350906847931361,0.04150689552626281,-0.3617521254006979,0.7175372708470966,0.838917581287539,1.0,0.0
PRANCR,21325.506016241125,0.11917871090504695,0.20436916750558787,-1.6449299870044491,0.09998425010321263,0.1977132163695107,0.18684416520783603,0.0
DNAJC3,1433441.2376310178,3.2162486250599636,0.0952567889257492,8.737648140728764,2.3801346905807465e-18,2.2784546070559368e-17,4.447843324170528e-18,1.0
CTNNB1,2200361.1236298634,1.8022245393930236,0.08713337370783035,-1.1197314778818543,0.26282820684976327,0.42836025754346607,,0.0
CR1L,741.5137076686566,-0.7305840827647071,0.39779769812273585,-2.1807198706444217,0.029204142402710135,0.06621284010269625,,0.0
ATP2B1,598256.1262820715,2.8190726558322057,0.12656469803203627,8.62178327610807,6.591937728188074e-18,6.191712937548084e-17,1.2318591184650638e-17,1.0
TTC39C-AS1,569.6940173750811,-1.6004974646563606,0.38189076256807575,-4.584076001209337,4.559983689474627e-06,1.6791627484380776e-05,8.521405570794583e-06,1.0
CBFB,266423.9801115054,1.514082600267942,0.1473990245202041,-1.861744518018706,0.06263911030591925,0.13173721978058858,,0.0
RNA5SP452,64.43891009112254,0.5901178405053632,0.030617588971842767,-6.8989193724819176,5.23995991728607e-12,3.25268070890416e-11,9.792101610575351e-12,1.0
ELAPOR2,125559.65793734572,1.8317705274385212,0.2148731900737433,0.10928754874932291,0.9129744220984433,0.9534238635790848,1.0,0.0
KCNN4,713178.8203243956,3.8191078886441017,0.1487727582393932,6.450260448341494,1.1165809509924184e-10,6.206401570755411e-10,2.0865949933093173e-10,1.0
SLC25A38,175401.88394396644,1.7457351218069541,0.1253903976181763,0.2415600045901773,0.8091211160631363,0.8964982153093356,,0.0
FDPS,583090.9795334475,1.112532267713996,0.1483623543299038,-3.4637270382828604,0.0005327468083709487,0.0015317237062310877,0.0009955631269370348,1.0
RNY4P10,1973.6867255981256,-0.20618076216274567,0.33441376510694865,-0.561143247702982,0.5746998878068097,0.7363526511206738,1.0,0.0
CCDC73,82306.09369791509,0.6232524327029272,0.22983858051856695,-4.716598892561538,2.3981982566307386e-06,9.147936403346413e-06,4.4815993599041885e-06,1.0
LAMTOR1,363412.8503298668,0.9188980781322527,0.15074569016178904,-6.472700090006554,9.626691270155176e-11,5.386850646916621e-10,1.7989744307017733e-10,1.0
SLC30A10,21.340596439814284,-2.042472117207651,0.2199814702219343,2.7932005984467465,0.0052189316696714195,0.013305613037422493,0.009752805367744234,1.0
LINC01354,7934.251356808665,0.767469169780652,0.5200697835324386,1.9874135177079109,0.04687659091144168,0.10184448903672787,,0.0
HSD11B1L,119268.0725998608,2.8901898039369187,0.19593181897611203,7.587396535363678,3.2639705101219143e-14,2.353544103763233e-13,6.099499117082724e-14,1.0
NUMB,450639.76027007774,2.1335455494692726,0.10308387754514621,0.19501779787185697,0.8453790144377213,0.9155178358021279,,0.0
MIR4253,246.37371961779417,-0.1528327211955213,0.38420714079588114,-0.4920287557934905,0.6226990153464791,0.7724992501703961,,0.0
RPS4XP13,17914.8975263505,-1.5681246584103261,0.21857228339407295,-8.936706916959867,4.009399589968077e-19,4.055661892929247e-18,7.492509256196889e-19,1.0
MAPK6,255276.06196131092,1.418917827154959,0.2062106385632458,-0.9982898784352912,0.31813881421782475,0.4954003286526863,,0.0
UBE2QL1,38146.698841289195,1.2104767828199614,0.3626978278260981,-0.5977222434987778,0.5500252809665656,0.7153764521056554,,0.0
RNF122,110869.3264336586,1.2967858807602952,0.329840329524436,-0.4293634394894398,0.6676587559691773,0.8045070662112321,,0.0
POLR2F,181931.0474016632,1.4438340004837154,0.19079985666688618,-1.3537256302839553,0.17582392796632984,0.31468200861309104,,0.0
ADAMTS4,637028.3701913042,0.9982355399882387,0.21670211101025758,-3.450961283474698,0.0005585936950488772,0.0016005498200163761,0.001043864133941376,1.0
SOX9-AS1,75555.2528692068,0.7421528589311992,0.44224439877311905,-2.906733815828824,0.00365223836182353,0.009525174892501136,0.006825069219907321,1.0
LPAR6,221539.23760492838,1.7507104254121102,0.254466200568959,0.8207899069418357,0.41176594862687055,0.593479793853035,,0.0
LINC01968,218.3568079355238,-0.07497313871755742,0.6578900815817648,-0.20112387519641758,0.8406017137152495,0.9125541523865093,,0.0
MGAT3,92624.06377327334,1.5847832613697084,0.4084274073854265,0.7388139797581047,0.4600199617195144,0.6388882014209043,,0.0
ACO2,747268.6818817807,1.8162317289855083,0.1335968389416149,0.22086235251961897,0.8251996118653949,0.9054726527209878,,0.0
PRELID1P5,26619.061582616287,-1.287669340639719,0.17460864130561612,-9.75206569625792,1.8075222945694085e-22,2.2580472264908334e-21,3.377781939402892e-22,1.0
CTNNBIP1,221200.05073731154,1.5777041682692794,0.15876369708653865,-0.7813640798077375,0.43458839131349347,0.6138620424485983,,0.0
MFSD4A,47158.71109532456,-0.11324783729282496,0.3924108122931672,-5.627582498099389,1.8275276543865712e-08,8.495028547878788e-08,3.415166675007366e-08,1.0
OBP2B,3353.3032196020736,0.46334438381330206,0.028269727445885642,-6.735595821364286,1.6325952974169505e-11,9.677436181723014e-11,3.050889566638931e-11,1.0
ACOT12,183.20755733368915,0.5654303154579814,0.7736437649620965,1.2982541077365608,0.19420003064090707,0.33954428030532285,,0.0
GAR1,100965.47875689561,1.2864603298203965,0.19318913577310245,-1.1516298423417108,0.24947321298048097,0.4123776530808678,,0.0
S100P,182104.46858647504,1.4142691005123718,0.42985354655606184,-0.803519509977543,0.42167452477055556,0.6027881601301749,,0.0
NUP210L,1528.5376228326386,-1.3393014495554227,0.3674433769051362,-4.064416518576823,4.8152769386595994e-05,0.0001576798090595152,8.998481249993276e-05,1.0
IGFBPL1,4006.287455002169,2.957820060680973,0.7225853749444244,3.489628710774277,0.00048369206674382637,0.0014003529881337778,0.0009038927664618175,1.0
PMS2,43559.54927583592,-0.11673755934270963,0.12096906878674205,-0.4233203863426234,0.6720615223271711,0.8074756977804458,1.0,0.0
ADAMTS8,12412.515823501584,-0.00756740302276013,0.38889494787776485,-0.0632570774418853,0.9495617945141074,0.971566770926441,,0.0
RBAK-RBAKDN,25224.342774927725,-0.17446666746492115,0.11487943333376997,-0.7608520133786076,0.44674546321397746,0.6260199326080329,0.8348493192521486,0.0
ETS2,643326.9922640369,0.991905984819925,0.24803571491188142,-3.9259038162378475,8.640467979515628e-05,0.0002753598118216811,0.00016146753363365592,1.0
RN7SL832P,7176.362760438501,1.7388530390168877,0.26207802371979805,6.468655380097229,9.887881028254305e-11,5.51448007792263e-10,1.8477839004557504e-10,1.0
CCDC15,18573.155724728338,0.21262624005834177,0.23987438304716932,0.6163408362095082,0.5376695923930304,0.7043120527619631,,0.0
CST2,7699.351094480359,-0.3539649345647718,0.007318220062248408,0.9445104364171807,0.3449088712418369,0.5255559529924084,,0.0
XPO4,199989.61992403082,1.644780511374709,0.1481740658102899,0.26736467426541377,0.7891883955421022,0.882626323304361,,0.0
UTP6,562888.1200477385,2.8620855393626794,0.09554822762603868,9.758393385736378,1.698241436934167e-22,2.132189060391968e-21,3.1735648692445896e-22,1.0
CRIM1-DT,13106.74978866394,0.36492835366803755,0.28475129128827037,1.4888796397793826,0.136519065886758,0.25753117353868976,,0.0
AP4E1,89370.27870648133,1.7782271462267958,0.12465061322974792,0.38938384278461663,0.6969922224073041,0.8249337127828751,,0.0
TMEM26-AS1,7671.155566389512,1.1413681535782123,0.5809669686694684,1.6561875320072874,0.09768384735811732,0.19377776309984607,,0.0
NIBAN3,3881.2203055572986,-1.5819439762586616,0.2889764814243935,-5.906546609301848,3.4935348827624712e-09,1.7250191511031686e-08,6.528494319059113e-09,1.0
PPME1,245866.23333624844,0.39170044879965976,0.19545566002285508,-11.965729522972259,5.372332559255197e-33,1.2314470549815697e-31,1.0039471128869939e-32,1.0
CENPE,96430.37504586045,1.5328091416934329,0.35376130375591464,-0.18921136326922025,0.8499271619288322,0.9178919447068025,,0.0
LIG4,49852.25230505469,-0.5134454475486512,0.18920769425590236,-9.953788260731526,2.4276215038758355e-23,3.209212871658082e-22,4.5365836405637806e-23,1.0
FUT9,11146.631861060914,0.10660429924490122,0.5678341421029317,-1.7455108802892318,0.08089598020452334,0.16499478084979716,,0.0
TTC9C,329997.17907573975,3.2867272922123396,0.10930619998265143,15.028996890137986,4.741311671316406e-51,2.4175851450579674e-49,8.860259693929725e-51,1.0
LAP3P2,61787.78917675391,2.695764029350704,0.2142541182317414,7.910307320231727,2.5675427565056757e-15,2.0141304794754884e-14,4.798059519169358e-15,1.0
RNF139,317014.2707869408,2.85944978482246,0.19767888940982536,5.060307848801622,4.1858010199794974e-07,1.722936383594526e-06,7.822156954688687e-07,1.0
EPHA5-AS1,8.759297152895964,-0.2547969348383022,0.05599713585984955,-0.27214720815276383,0.7855088320172268,0.8816323829793665,,0.0
TRHDE-AS1,88051.70411012787,2.2694517534962935,0.904984903520795,1.955716835211231,0.050498520410383885,0.10881462116890396,,0.0
MED12L,52020.663478709124,0.8763895735658664,0.3215926257825611,-1.292049618443615,0.19633996182002966,0.3422081580797657,,0.0
KCNAB1-AS1,6.959527190011134,-0.10065941873952132,0.05971683435204189,-0.26838738074785207,0.7884011520209779,0.882583604363565,,0.0
PHLDA2,44871.29018890264,1.1429439758005506,0.3829542036542962,-0.690543607048161,0.48985239694049887,0.666973413490919,,0.0
PRRC1,471497.13783474296,1.7416441503218865,0.12439846619194568,-0.8934735284226107,0.3716036420413291,0.5547963547297644,,0.0
CELA2B,10062.021596391336,0.7055054940848152,0.6015999331189049,0.36709119797410794,0.7135509926771434,0.8356743277735234,,0.0
PVT1,85703.1724913927,0.5094546352721143,0.32507468930055083,-4.493657426033429,7.001022197200679e-06,2.5277534623852454e-05,1.3083062049144277e-05,1.0
NIFK,200820.14498953204,1.8113184016968815,0.1463786024654476,1.6347827898627294,0.10209458980448137,0.20148762450750135,,0.0
HSPA8P15,1115.3728626187797,-0.9542054572731618,0.34227605535749817,-3.108714151242365,0.0018790341624830226,0.005091938020568147,0.0035114187396887296,1.0
POLR1A,256111.8961586276,0.4876811187499226,0.16566900633366824,-11.726640978563976,9.307958201086442e-32,1.9379944637845396e-30,1.7394116354087117e-31,1.0
LAMB1,1330423.040174198,0.9205776760113668,0.13736321261206574,-7.090710084076112,1.3342559950063306e-12,8.591852070936383e-12,2.4933721791498253e-12,1.0
FAM135B,13369.70242355605,0.4780424865669475,0.5367422492675791,-2.1942006080839955,0.028220990884423924,0.06421689045968412,,0.0
MGST2,182023.7436415351,1.8431243091903613,0.1552287120241228,1.9044337715555897,0.056853714397519656,0.12084134872156772,,0.0
SLC44A3-AS1,22845.499924272208,1.2810821355897855,0.26600736425376403,0.20235599156723905,0.8396384302905914,0.9125541523865093,,0.0
FAM110A,184551.3348913716,1.5322516491189788,0.27715271787599616,-0.15527002989436112,0.8766084417218658,0.9322009753743697,1.0,0.0
NADSYN1,641557.4501443364,1.707220875482871,0.10212011418428268,0.5869155618308805,0.5572604177311868,0.7209942381364057,1.0,0.0
DENND10,86080.31208609781,0.6945962535284586,0.11676731695896683,-0.9821276304731769,0.3260369748143438,0.5037745093219778,,0.0
CSTF3,128225.47431007637,0.3294725748447039,0.21644826599755052,-9.385395452342248,6.268078169771874e-21,7.102400592823141e-20,1.1713383176645495e-20,1.0
ZNF165,49294.14243805081,1.3000771032165594,0.3315826397680801,-0.44921559089689517,0.6532761416162336,0.7946496785920933,1.0,0.0
NEK2,30839.22841687871,-1.5543700035115078,0.05100665508509569,-27.84644139578901,1.1895018263289373e-170,5.403582387423363e-168,2.222864856456881e-170,1.0
GIPC1,1593840.4137008865,3.303292862936201,0.08991536515872894,9.725006477389742,2.358903839389912e-22,2.9104796260324417e-21,4.408168468747715e-22,1.0
PTCHD4,2294.395407412625,-0.44124559788300227,0.3050120374115863,-1.4467561211048219,0.1479652401402638,0.27445519858236755,0.2765079674573292,0.0
MAPKBP1,178170.42119253194,1.3832860463709087,0.17365684136863438,-1.836478611427494,0.06628690256364766,0.1388246655953677,,0.0
TIFAB,5877.36025038267,0.506717242321248,0.6311009806993816,0.8406612399622205,0.40053774043178825,0.5840347502006553,,0.0
YJU2,104782.7901191545,1.3974374344562566,0.17330934888247582,0.04635512172478177,0.9630272057090888,0.9798914573260674,,0.0
NDUFB10,388441.2443631759,1.0324857099925029,0.16669836635970198,-3.963428620976213,7.388096060968628e-05,0.00023711185624059237,0.00013806400903762243,1.0
RNF215,97515.5936633555,1.512614543493553,0.1460439949420272,-0.7494090846383898,0.4536106770774959,0.6331543445129182,,0.0
MTND5P1,3241.100349447198,0.030819730487726335,0.4516612023554391,0.411084657971669,0.6810104592864026,0.8141170490560177,1.0,0.0
CCT4,684891.9381985795,0.9135257549903115,0.12637529907934927,-9.846611404309963,7.089392695586894e-23,9.153926434069176e-22,1.3248203178701463e-22,1.0
ETFB,243797.7740457473,0.7726897825986803,0.21750448395157046,-6.433508208644186,1.2469185745984823e-10,6.900168457661812e-10,2.3301615995768945e-10,1.0
INA,7450.11664634535,-0.07805425778181885,0.7299133268827005,0.023673120447570542,0.9811133467710959,0.9880379204988687,,0.0
ELL2P1,14269.112510964853,-0.9496368218985225,0.2648677862199618,-4.930114187441802,8.218156668035621e-07,3.2800422420266774e-06,1.5357565022503367e-06,1.0
GEMIN7-AS1,41103.77840896808,2.1683594371737276,0.16999322788869603,6.535037092759501,6.359377836609418e-11,3.60292642285003e-10,1.1883998148667637e-10,1.0
SPECC1L-ADORA2A,209589.38938283297,1.61980293311882,0.2247231351628698,0.5257191770811499,0.5990833375158022,0.7554130295269387,,0.0
PID1,169988.18614695026,1.3355220913251284,0.31601652738272407,-0.821031256818559,0.4116284643987198,0.593479793853035,,0.0
ZNF322,213120.86838724144,1.1430277661657278,0.12540798468633305,-2.549787355712755,0.010778864120610286,0.026248530219634306,0.0201428511633095,1.0
ADGRL3,47164.915075665886,1.1649784200576636,0.4627000761931259,-0.6665773735212378,0.5050421258262612,0.6798748660435957,,0.0
PHACTR2,118816.68661315445,0.2596565630300057,0.2102076709902085,-9.753190135727031,1.7876068671374937e-22,2.238764790748385e-21,3.340565263682145e-22,1.0
FLOT2,558444.6040301385,2.350481675659583,0.13544525560429335,0.5161948695377412,0.6057183131994246,0.759923276690315,1.0,0.0
DYNC2H1,122365.22845719657,1.4016442359543142,0.19583116292640726,-0.829816513959675,0.40664253253775773,0.5892611341118463,,0.0
AHR,1017591.3450490416,1.8834911846538815,0.0972484606128639,1.195784834415161,0.23178053558794487,0.38876439663181056,0.4331366254049964,0.0
TYW3,131091.81722859596,1.968449904208749,0.12083221163494827,0.058986724938166424,0.9529626816651344,0.9734584034851007,,0.0
MTCL1,51545.367610556925,1.4629221883837051,0.2913021657686596,0.6380239475335072,0.5234580914193778,0.6941932279253267,,0.0
ITPRIP-AS1,917.3904659773882,0.061915803911065104,0.44299806209809833,0.14797108438934659,0.8823655883119005,0.9363306104893961,,0.0
SNAP25,28579.822891936674,1.262257533699711,0.4589707305279499,0.07112400503177818,0.9432990632951872,0.9684950522469797,1.0,0.0
SPOCK1,364521.8629605468,1.311746516383745,0.21942172430629645,-2.1159267353995874,0.03435103918766526,0.07676750573379397,,0.0
MAP2K2,483539.829885488,2.0192178352752426,0.11578339568005216,1.500996712606435,0.13335641184472538,0.252800451437061,,0.0
AKIRIN2,142135.3147311635,0.4426967637860317,0.1494945399101743,-12.090441246277313,1.1864777943097455e-33,2.8780725913426204e-32,2.217213739029842e-33,1.0
TPSD1,18343.565133999036,-0.21085264740416,0.5487385817127313,-4.103250619194041,4.073855346304109e-05,0.00013437000109228802,7.612960046926565e-05,1.0
ITFG1,331304.27022088465,1.749419118371679,0.1348781892159085,-0.39420627743982817,0.6934287514486253,0.8228600026095417,,0.0
CCDC30,80686.33202818033,2.636447032376523,0.18970487290328766,8.284123476364572,1.1898211457142447e-16,1.0215698050058557e-15,2.22346158008006e-16,1.0
SETD4,247144.03669512918,2.4142125813117152,0.11971612111603755,8.226783361728435,1.923078118910472e-16,1.6426703179821586e-15,3.5937252655929796e-16,1.0
ZNF525,121220.37925937885,1.1834322436394495,0.21593230995741425,-1.0238304107649618,0.3059153837893218,0.4808616460507207,0.5716750833190879,0.0
CPT1C,24071.379548474113,-0.30478458375046785,0.2776651425067312,-5.285772639921739,1.2517528619659819e-07,5.434412729143363e-07,2.3391956062991816e-07,1.0
UBQLN3,383.21673353349547,0.33962710358474374,0.7488001740595847,0.7967621476949899,0.42558918253404776,0.606896110154162,,0.0
TMEM106C,263181.05129780737,0.9504761550212444,0.2650416829993449,-3.5291528424244363,0.00041689227886037883,0.0012182518815586625,0.0007790615996504537,1.0
TLR1,43610.18953857604,1.114100820903929,0.258509555685261,-0.41663160335000526,0.6769478895933665,0.8112721947146159,,0.0
BTG2,866587.1675401727,5.04969029757914,0.21384802515162188,9.805465439208836,1.0665416449031305e-22,1.3665406665592162e-21,1.9930847418028958e-22,1.0
LINC00412,199.29028004708363,-0.0634618974845053,0.551349802177765,-0.1659637143325115,0.8681855058699793,0.9281820652187177,,0.0
CHAC1,14345.464877697988,-0.007942066235959675,0.3654251929945279,-0.30664315716710433,0.7591150004540336,0.8629957329090057,,0.0
CHRM1,13142.410240778278,0.28882987990755793,0.5542052498255117,-1.8255035075388004,0.06792508236653677,0.14178013224126326,,0.0
CHN1,101911.12478983155,1.214911185182778,0.19865481323704254,-1.7228416200616787,0.0849171699941082,0.1717364691403658,,0.0
PEX1,415201.1743490834,1.648393649739961,0.10736248232000979,1.021153634194275,0.3071816555877728,0.48224528211501744,0.5740414109843308,0.0
ABCB8,405329.36682145484,2.4913183495005113,0.11515003397935898,6.167084029838963,6.956079683316646e-10,3.6321348147892666e-09,1.2999076356594344e-09,1.0
PRKCA,58673.89077422362,0.36104064912931877,0.27011295422416515,-4.399941450642895,1.0828008922970925e-05,3.842866519040178e-05,2.0234689823517467e-05,1.0
PRELID1P4,896.6478285634221,0.10824122830318418,0.26632464641285847,0.5294166400616936,0.5965164574205777,0.7546310728431966,,0.0
GTF3C2,1296501.7365842902,3.353615707142118,0.06665016615217323,15.161059917415853,6.4027660702205665e-52,3.4036831971161883e-50,1.1965079301754738e-51,1.0
SNORD14D,1815.4177604257832,0.058310485225139014,0.2981463096480284,0.33167614819887414,0.7401338130687432,0.8529632527455049,,0.0
LINC02019,7403.445387285456,0.4969724002912898,0.23663140752595155,2.334868388859009,0.019550297180009182,0.04545967194439548,0.036534343683061285,1.0
BEND6,44107.66569209338,3.0647465761515056,0.3314653830615859,6.392055472965673,1.6367049497002098e-10,8.970757463866681e-10,3.058569421709779e-10,1.0
LINC02575,836.7865616900875,0.43417093672894597,0.4696549458514648,1.184129805748452,0.23636168313169992,0.39409387074044194,,0.0
NDUFA7,572942.8761047553,3.1096926453809353,0.12074176728855801,6.817430037540532,9.26835143880315e-12,5.6549392111965e-11,1.7320101772512842e-11,1.0
PEX7,110202.25339648046,2.0023203125134335,0.22739087255654156,2.780468114316284,0.005428058999527652,0.013796546704292817,0.010143609132625159,1.0
GPR55,4804.185701275789,0.13167581818832808,0.5582211126364093,0.5557016448735077,0.5784148319377738,0.7401636146461089,,0.0
CRYBA2,198.7630718925616,0.43724212432186504,0.06142990825621957,-6.006256262750293,1.898560335815217e-09,9.582935351584485e-09,3.547908002269499e-09,1.0
AFAP1L2,176966.02437251,1.5430199639011075,0.26312970783479944,0.1505412142509978,0.880337636940878,0.934595955616998,,0.0
ARHGAP19,127254.613460967,1.426241199158944,0.16026358577471395,-0.06098995982221597,0.9513672050720041,0.9725822266253692,,0.0
MIR6892,615.5810209848421,-0.14030520342501618,0.25160807469701474,-0.6126652408096722,0.5400977103110838,0.7054020539530804,1.0,0.0
PVR,373904.5195287171,2.544754053371248,0.12285533775960443,6.050453682908732,1.4443848694258956e-09,7.3424121999198375e-09,2.6991739687813016e-09,1.0
GRAMD4,221729.92483134527,1.6706412299036593,0.15143229125550944,-0.03489784249006419,0.9721612010103929,0.9842710298753685,,0.0
IGSF8,375358.29747750633,1.1015813212717747,0.1980305088196776,-3.063102461366134,0.0021905504224111515,0.005888208962231589,0.004093560381745895,1.0
GATC,766376.6551144646,2.4491739332868216,0.0892155957559395,5.564957271070174,2.6221665432973405e-08,1.2065346424361703e-07,4.9001369546958905e-08,1.0
PLK1,128384.08963080177,1.2881799310209667,0.2978294454282477,-1.3332669036499532,0.182444230691426,0.3239779036123155,,0.0
C1orf198,721979.5211808851,2.833431760488297,0.10399207603971254,5.529615845199654,3.209328080098948e-08,1.4659060709556162e-07,5.997386842279148e-08,1.0
LINC00513,3575.8552632087094,1.3014209045560456,0.501300757819744,3.106067767943845,0.001895932598581591,0.00513494590520987,0.003542997455165374,1.0
MKKS,344382.79968248267,1.4307495525309109,0.1120814811894126,-0.9975229916171221,0.31851071951593124,0.49582494249878767,0.5952124403220301,0.0
CANX,3016000.350980849,0.8941830382329073,0.10418371864445519,-7.8988076217793335,2.8158408956661574e-15,2.205447798690249e-14,5.262063184608747e-15,1.0
EIF3KP1,1178.8174487016936,-0.032622496779583086,0.3698244993746706,-0.12842722669834822,0.8978108857717298,0.9446959351866359,,0.0
PPP3R1,315689.7434506963,0.557423453239073,0.1520577688704668,-11.971923386401711,4.985922251867471e-33,1.1481407139438594e-31,9.317372285931844e-33,1.0
GDAP1,82919.56799123902,0.47982636073401197,0.3390735615151487,-4.223283843666532,2.407682812856967e-05,8.156739671760179e-05,4.499323491341161e-05,1.0
SLC1A6,4392.5577329980415,0.6568933182610192,0.8700026677519401,-0.43023638325547414,0.6670236983213809,0.8039569659719596,,0.0
MORC3,884177.8525076259,3.6825756841725124,0.07644144139348533,19.27575152080595,8.584442817846472e-83,1.429882025359294e-80,1.6042057128189536e-82,1.0
GAN,99277.46820781208,1.1389243746704973,0.2053035832060132,-2.2451663419318475,0.024757455958798243,0.056801197165341974,0.04626514862607137,1.0
SNORA59A,1967.9706386808205,0.5378425853288987,0.33766686006353414,1.754339511494663,0.0793723493058537,0.1624840759858054,,0.0
SEC14L1P1,5531.241476484482,-0.7906048661207644,0.24922794628009226,-3.809871646440938,0.00013903895617660685,0.00042993667327630223,0.00025982709948186406,1.0
FAM13B,216323.89556835275,1.8149057794406256,0.12355678388294052,-0.6528352658468851,0.5138624856115775,0.6865751511329278,,0.0
TMX3,299490.82752287027,2.2046756605214735,0.10990818269656294,-0.9827727421386664,0.3257193001188424,0.5034393265369179,,0.0
HSPE1P2,19190.00946876992,-0.26982909437800057,0.21091445004948847,-0.9851581356686187,0.32454640076910424,0.5022478676504224,,0.0
IFFO1,197271.33469533268,1.2648747891372174,0.265896787206217,-1.4745058114139333,0.14034545416447722,0.26345087695713476,,0.0
RASGRF2,166022.27134294,1.4764849673782665,0.27053170285168293,-0.11387941260380052,0.9093333857460333,0.9514120771593002,,0.0
GRHL3-AS1,136.2066485540616,0.06947107910974114,0.628741937681553,0.17297175579078827,0.8626736285717501,0.9264517777719827,,0.0
MIR6831,220.39483221970923,-1.176018954963819,0.5684964655100154,-2.6151209021176527,0.008919587610388174,0.0220940379821867,0.01666835425920333,1.0
UBTD1,100468.9337396557,1.2616062698844122,0.21510734956559732,-1.5014430382367556,0.13324100924300877,0.2526775420065711,,0.0
ZFP91P1,327.5815774633662,-0.8468400152172593,0.546782039097687,-2.022651834441178,0.04310905603199516,0.09443926040854005,,0.0
XBP1,4914783.115095104,1.7946146329076724,0.09580481377101666,-0.16618175582512232,0.8680139165501233,0.9281820652187177,,0.0
HAGLR,41854.05132120935,1.0053688238614824,0.3133820189656253,-1.098417054979476,0.2720224184537149,0.4396170844156576,,0.0
C1orf174,133671.9849978833,1.6603192876412236,0.11945865931734828,-1.6215553721305538,0.1048985847904041,0.20612592536281923,,0.0
PAPLN,171135.08193237704,1.4156820639547112,0.2959725642975095,-0.48537696277735837,0.6274089707830781,0.7758688341304709,,0.0
ZNF831,9376.592373630981,-1.0170572240506341,0.3683954749907395,-3.6155608654926663,0.00029969804629333434,0.0008924857790988032,0.0005600565210649932,1.0
RPL22P13,388.2967448372527,-1.6511626393148489,0.43713250976984797,-4.184585968888819,2.856863172354783e-05,9.613296479634243e-05,5.3387229888769075e-05,1.0
VTA1,179713.20631658752,0.8914142017463145,0.2050523821067128,-5.055091910859701,4.3018354609172494e-07,1.766332933295275e-06,8.038994688931748e-07,1.0
ZSCAN12,28474.94564968865,-0.20791166913681644,0.20080171482183787,0.16720670623200032,0.8672074078957079,0.9279981582822017,1.0,0.0
CLLU1-AS1,2217.977752998472,0.16307618392990977,0.7351711068025831,0.9872907242144999,0.3235001366364051,0.5010763907032696,,0.0
OR7E62P,23.622638656124302,-3.029099651307612,0.03985868796869688,-4.888929849576633,1.0138561358314325e-06,4.014452544175648e-06,1.8946294355832715e-06,1.0
LINC00944,2142.7549144191703,0.5948301000678818,0.39395483846268936,1.9073603510956476,0.0564739399906818,0.12013634658724436,0.10553488337076923,0.0
DAZAP2,2426209.72904333,2.6030479345640405,0.05315635481366359,6.731069828645438,1.6842010931044745e-11,9.971508130619739e-11,3.14732717361371e-11,1.0
TUBB2B,100065.74684088878,0.4385741050303107,0.2931136944834054,-6.750792824188047,1.4703943548870577e-11,8.810024689892838e-11,2.747778829981536e-11,1.0
GOLM1,690135.8010733814,1.744889196143685,0.23339677269604725,-0.08701891786971823,0.9306564748611059,0.9598535407391015,,0.0
FAM53B-AS1,419.9542291378325,-1.549993683249777,0.5845269596568631,-3.215110888425221,0.0013039414130855702,0.0036038690493299746,0.002436722229315106,1.0
SLC25A33,67529.69282186357,1.3090439389200061,0.23918032406173093,-0.32382560276950123,0.7460700715398147,0.856427396034204,,0.0
NUMA1,8247675.830609292,3.370736583374931,0.03745278261322667,12.858389703111559,7.716751110025419e-38,2.2289367223582093e-36,1.4420570417650343e-37,1.0
HDDC3,188930.88449791924,2.681217750734043,0.1527273441766113,7.467277209527475,8.187117735468296e-14,5.737871994969857e-13,1.5299561452556125e-13,1.0
H3P14,6278.877453096413,0.1522682282566752,0.28292835290082036,0.7610312727023949,0.4466383885860721,0.6260199326080329,,0.0
E2F3P1,467.20915651960877,-0.3869714180264291,0.5516133551041941,-0.9869051663060138,0.323689131316821,0.5010763907032696,,0.0
NFIL3,523601.4266760146,2.15208260615117,0.20360771572098083,1.7615560880288714,0.078144328679553,0.160232749450852,,0.0
HMGA1,921619.2937799336,1.761168331920527,0.1419167092451895,0.08095608232433789,0.9354768790391592,0.963140087313845,,0.0
RNU6-658P,159.588798118043,-0.20195009498682823,0.45466401048639443,-0.5729058337617703,0.5667084544118581,0.7291045691802407,,0.0
MIR3936HG,16347.746085468383,-0.390700384670563,0.2785530752062498,-1.5806434043494788,0.1139595955815484,0.22166449946321423,,0.0
SHCBP1L,41.05127879848976,-1.343805839976493,0.0540078658466348,-3.8626793464022406,0.00011215017369407182,0.0003513570018490764,0.00020957906430414246,1.0
ZNF181,117834.01661809818,1.3191310073654623,0.1430588708796942,1.2487357754762214,0.21176173121056896,0.36246743672271914,0.39572676546717017,0.0
PRICKLE4,158350.7405702852,1.3422814057616608,0.21781501926345467,-0.5203659627762853,0.6028085287931652,0.7581497507205408,1.0,0.0
TXNDC15,283784.9854361041,2.061687815904872,0.11468292028579744,0.8306795093682189,0.406154704906899,0.5891306416312843,,0.0
MUC12-AS1,2577.7875800287,0.11275263335261236,0.4431922800888186,0.5185962262988141,0.6040423412092109,0.7587731470644612,1.0,0.0
MAP1LC3B,558221.8884828205,1.814808991162041,0.11481325476782737,-0.3650185219823435,0.7150975802439709,0.8372405361947335,,0.0
UHMK1,754115.6895960801,0.8777148670444328,0.12426120658225748,-5.77777753871167,7.569379735416927e-09,3.654511163080038e-08,1.4145172228077182e-08,1.0
RAB20,223610.07851674422,2.13470428940505,0.1475943486974339,3.8308259797994673,0.00012771381006187145,0.0003968817841288381,0.00023866339150305596,1.0
PLOD2,616999.8243516523,1.6962642607249219,0.16086004028869508,0.024510380553010826,0.9804455037194236,0.9880379204988687,1.0,0.0
TAFA1,521.7357050887586,-0.049842410550336655,0.4601142675647157,-0.1566913652511935,0.8754880925491445,0.9316043437964385,,0.0
ZNF687-AS1,2905.480017657116,3.3314697648765415,0.2550594062538287,13.33085845486729,1.53125432703348e-40,4.968621994926168e-39,2.861510049433919e-40,1.0
RPS20P4,732.1339838494412,-2.2126572079422773,0.2498834542411215,-9.10768983781933,8.41547502707246e-20,8.797516466586001e-19,1.5726300938773776e-19,1.0
CFH,553953.493000949,0.9468742852573325,0.20622020308633868,-3.7651570891928263,0.00016644440626767659,0.0005115145744892865,0.00031104065000732233,1.0
LYPLA1,303273.71410303476,4.646913164291145,0.2687132876729334,8.378160604544163,5.3761253242430185e-17,4.754778450485374e-16,1.0046558805251446e-16,1.0
MMP8,2062.629382858212,-0.16811365899150504,0.5685793911829882,-0.2764338306880113,0.7822148755040148,0.8789583388562091,,0.0
RN7SL236P,78.94505817802677,2.1721960998331182,0.8592327788723897,3.2466122104614814,0.001167873997143983,0.003245754373597599,0.0021824481539747505,1.0
UHRF1,82763.04811809001,1.61235764568588,0.3646109599214851,0.24395423344417483,0.8072662655432273,0.8956764431298258,,0.0
C2orf66,590.7967309152838,-2.6459736009020705,0.47573410389233334,-5.972790378447429,2.3322950201508257e-09,1.1654478215693676e-08,4.358443610955002e-09,1.0
ILRUN,1976203.243912064,3.055595315286984,0.054613914008871264,10.827623177976708,2.5468026638183376e-27,4.2421243037000776e-26,4.7593017618175884e-27,1.0
CARS1,321867.1501742607,1.6266802243302985,0.13872873873004957,-1.5114554503447548,0.13067245080906112,0.24894023510975158,,0.0
NENF,337837.3364327385,0.7093793353534702,0.19382317637689275,-6.200079736850837,5.643456167473597e-10,2.97786171793723e-09,1.054612956950844e-09,1.0
TMEM18-DT,32119.993513315938,2.678295136671365,0.1569778184492158,11.886658448760071,1.388513855392802e-32,3.0837349935101475e-31,2.594765794838382e-32,1.0
ABCC2,17507.79430201465,0.23019985991892622,0.39330922495270226,-1.9707652814522192,0.048750729595953744,0.10536522270598606,,0.0
MEGF9,302484.4880790349,1.5770807076255213,0.22249899319645813,-0.33634170939744845,0.7366132005475682,0.8520500377630088,,0.0
AIG1,633273.8042140668,3.3179097371041597,0.12029207866799105,12.202661717744345,3.0082686092173948e-34,7.478765293661354e-33,5.6216597757140325e-34,1.0
CISD1,165867.09231162124,2.3336082514067855,0.16652712383271065,5.033816429185382,4.808101191445125e-07,1.964520167919157e-06,8.985071673018433e-07,1.0
NPFFR1,1873.015472170262,-1.282261387644286,0.5023809910143371,-3.0361283414376437,0.0023963733810092496,0.006417297848286827,0.004478189149178467,1.0
SRRM5,152429.61112684468,2.4675130935624963,0.1537856043725546,7.26914722842829,3.617639499832256e-13,2.4167572968799175e-12,6.760413081773292e-13,1.0
HNRNPA1P66,73.686614122409,-0.32544632024904485,0.7400651908843883,-0.8442925253237774,0.39850596193011467,0.582091286689501,,0.0
RUFY1,252264.8302297163,0.8501168285870445,0.11278972817652899,-13.53001395949904,1.0400389123517535e-41,3.535424792531777e-40,1.943558132020087e-41,1.0
PGC,71226.29937421331,2.4335615319904695,0.3880051361052314,1.3711002795675682,0.170343697848104,0.30742831070854226,0.3183273964648376,0.0
ERICH2,6771.696782090267,-0.10525248576078314,0.3169938889206279,-0.36352689576777664,0.7162113252409026,0.8378218187772197,,0.0
DNAJC25-GNG10,155595.19735368568,1.6025059321298072,0.15376261272695538,0.6650737789081168,0.5060033048445636,0.6807987325265751,,0.0
CPA6,4190.505197271232,-0.2847940148355904,0.7134283632519589,-2.56035897975834,0.010456409099101949,0.025600527323964936,0.01954026786395379,1.0
KRTAP5-9,2740.9170527388674,-0.09631718020595051,0.35556452062076405,-0.14055879497478166,0.8882185018253858,0.9390499187634417,1.0,0.0
SAA1,1549937.4417751476,0.6762275591746827,0.2702736639229993,-4.257528703162063,2.0669912867941264e-05,7.04553578452268e-05,3.862660979846765e-05,1.0
DSC1,2681.655092434716,-0.01460310148369933,0.41320457668304966,0.038525368853028645,0.9692688050748763,0.9826407423329595,,0.0
SLC6A15,134694.33332012824,4.014904332919634,0.3632167805141387,4.29351873869611,1.7586346420045936e-05,6.052270871967599e-05,3.286423824269616e-05,1.0
ATP5MGP3,2102.9043589096464,0.24279084714063884,0.2277139581152192,1.2006110941315957,0.22990209553892216,0.3864180193097861,,0.0
IL7,18525.121839249252,-1.4742754059457095,0.21695341878582156,-8.393995015504313,4.6989607542197165e-17,4.1706406552106435e-16,8.78111701153176e-17,1.0
C9,14158.80752685248,-0.4982912150857566,0.2516741319043342,-2.933425135687564,0.0033524449291106348,0.008789174874483652,0.006264834446808467,1.0
C1orf52,95249.46693869049,1.3671544865429486,0.1220303138622388,-2.473276352013727,0.013388057140111388,0.03208638922260748,0.02501874402735101,1.0
ATAT1,177472.3562561314,1.2795676808846725,0.1695641200043791,-0.7258027839802831,0.46795968000142363,0.6477547149493391,0.8744930893669086,0.0
ST7-AS2,3845.908302256128,-1.1134321177367965,0.17515841388651815,-6.683279263487188,2.3365370089737524e-11,1.3655760741335486e-10,4.366370768078474e-11,1.0
SDHAF2,132486.532854347,0.3566312364349148,0.1656605902889393,-8.679484528161135,3.975665458108045e-18,3.7625758132889965e-17,7.429469070368698e-18,1.0
KCTD20,328834.69379251724,0.5614092949933334,0.13378519548973353,-15.530189337030436,2.1673893456902026e-54,1.2741699482839932e-52,4.0502784444330375e-54,1.0
SLC7A6OS,404725.9330386705,1.129344475051894,0.2559984641566028,-3.1366857723043178,0.0017086914896977093,0.004655578720839397,0.003193093258795607,1.0
STIL,86310.16172374297,1.4390361683218227,0.3282813901788027,-0.38488297458899406,0.7003241203761819,0.8268186393966712,,0.0
FOXS1,14599.794315195366,2.92369964352665,0.2900430973302298,10.337223766045463,4.7819016306189245e-25,7.027988955353755e-24,8.936111611145387e-25,1.0
WDR55,233443.71630790978,0.9362438453706724,0.1219922528249041,-8.89807612961806,5.682303864978841e-19,5.701701287811098e-18,1.0618725659423811e-18,1.0
UNC5D,852.8100763501545,-1.4441246860845507,1.0026156879011792,-2.4576363358605056,0.0139854715110926,0.03337411706825679,,0.0
FLT4,158657.88429497642,0.7108834200519385,0.28752850304688277,-5.2683670050384155,1.3764270965712484e-07,5.954983724300025e-07,2.572178833794513e-07,1.0
FAM177B,3286.0283767808805,-1.4686738204867558,0.3704352046828351,-4.414898306027081,1.0105748551111205e-05,3.601884843787638e-05,1.8884975882536534e-05,1.0
KCNK10,490.99059295381386,0.015346721900227636,0.609746569765827,0.029408385829098778,0.9765388847741576,0.9870074448253369,,0.0
MZB1,62465.501526409505,0.8909464256524434,0.4698247503221822,-1.7708485404486665,0.07658589156654574,0.15748958854239878,,0.0
TK1,208242.98918399255,0.9711230467187157,0.3494667252341324,-2.5427638326265627,0.010997953649219917,0.02667089242120366,0.020552271647401615,1.0
LINC01290,654.8403302358591,-1.085084026966389,0.29794553759036596,-3.929635391439741,8.507476388176752e-05,0.0002714678129739415,0.00015898227192116392,1.0
CS,750639.7851611866,1.012457344049299,0.11819579525721212,-6.627779079865442,3.40774956215648e-11,1.966342328186597e-10,6.368184204224357e-11,1.0
PPIC,258459.73890305628,1.4432155747146849,0.21948733217181596,-0.8419224469899784,0.39983136480521786,0.5835155753305122,,0.0
GNG3,9655.212167679281,1.1707761118996296,0.2375541819023472,4.459525543524893,8.21412839210657e-06,2.9487068660457278e-05,1.535003723835323e-05,1.0
KBTBD12,3693.558489299349,-1.1876461498467517,0.6626229614052832,-2.9208013914304845,0.00349132317953878,0.009143680255846585,0.00652436122967662,1.0
WIPI1,265056.9981435306,0.7679470985060097,0.1569139751738844,-6.075401448716522,1.2367791794200356e-09,6.332157335616719e-09,2.311213747031383e-09,1.0
HSPE1P26,383.5502657672679,-0.9076166901277111,0.7600807240979421,-1.9110125078539835,0.05600297353559697,0.11933767964067293,0.10465477141263203,0.0
TMEM151B,13802.457443828238,0.3054176348604201,0.20213202133740582,1.0788154728648651,0.28066999581862395,0.44981012479334953,0.5244981185885056,0.0
DDTP1,212.72892710167827,-0.3025280494280381,0.7072569934769677,-0.769865216413094,0.44137984904392624,0.6212887621612675,,0.0
WDPCP,34172.2830107303,0.21052418745701698,0.1851563602384788,-3.1798843097028686,0.00147333860407974,0.004045204947574979,0.002753280854370404,1.0
SPINK5,9048.896105835001,0.2906075830631665,0.06773197361800282,-4.736151974710947,2.178142784326002e-06,8.340367427798492e-06,4.070373782078172e-06,1.0
ARMC1,226462.44052032597,0.6639473175873559,0.23734358673850037,-5.279372409691618,1.296271055238135e-07,5.617924078946193e-07,2.4223883556563054e-07,1.0
BCAM,2405214.871484789,1.9871117467029435,0.091873287046698,1.2526496856960498,0.21033322429357026,0.3606846677402095,0.39305726319931583,0.0
KRT8,2720172.235735896,1.3381882846110553,0.13447254089018645,-2.2069336416342256,0.02731869569129443,0.06233402847917729,,0.0
KMT5B,717584.9535636139,1.7184145960700854,0.11034866892808,0.5639669307372438,0.5727766379682593,0.7344533897683837,1.0,0.0
SF1,2713947.1310744383,2.9039885959401617,0.058905055385758937,8.132823208372098,4.1940607843618685e-16,3.481349126155524e-15,7.83759227354385e-16,1.0
ZNF189,115984.69596468916,1.4536140992883095,0.14152803589795293,-1.7499853565316792,0.08012084055838041,0.1636141562199538,,0.0
FSCN2,5774.734603411595,-1.2658751667900798,0.3047180335676371,-5.085014397968151,3.675981822249284e-07,1.5243884784879398e-06,6.869439478601224e-07,1.0
NDUFV2,315323.22648840013,1.757519371865693,0.1384743734045509,-0.09235629581005615,0.9264149618557274,0.9591499426041799,,0.0
SETBP1-DT,8343.05119210554,-0.25553778150164075,0.26146530120760625,-1.0749192907452545,0.28241086444513497,0.45144180730401134,,0.0
ITPRID1,12387.79627393382,0.2971189780904258,0.6020194983186551,-2.204093606876716,0.02751776167422806,0.06273095578746242,,0.0
CDH6,57859.7288401407,0.2544722352289705,0.30298088186659644,-4.744897937133161,2.086114923320159e-06,8.006387305553635e-06,3.898398007416168e-06,1.0
PABPC1L,162254.67437341087,0.7739159742934476,0.2913444476051758,-3.791566172602573,0.00014970024869003081,0.0004614757203603233,0.0002797502403530606,1.0
KIAA1191,377958.1985134799,0.852258756819107,0.13531580754936623,-8.462974049577134,2.6064372613315447e-17,2.355220071405738e-16,4.870743079608724e-17,1.0
HLF,55601.24376166682,2.0410338333689935,0.4740729389097913,-1.1769832726164104,0.23920218280091754,0.398033069415979,0.4470057245535471,0.0
PAX2,1967.192802301994,-0.4138240607098318,0.7388222111689915,-1.1535971299246501,0.24866537559097268,0.41117831959897105,,0.0
GAREM1,87898.66019798162,1.3786444005866032,0.20601317522396764,-0.2952554696774378,0.7677987309395141,0.868641550550552,,0.0
HDLBP,3142222.4129478754,2.0790882441606016,0.05500720660340226,0.034956636711740215,0.9721143186135838,0.9842710298753685,,0.0
WFDC10B,431.9484012614603,0.323983324803657,0.584351239515073,0.8141885588983955,0.4155369387505913,0.5968491184066411,0.7765288268274887,0.0
PWWP2A,69014.54438011331,-2.2060792812143815,0.09447108320997888,-20.546969810140915,8.191974207396517e-94,1.7797954397548e-91,1.5308636916365144e-93,1.0
USP38,194598.78719177717,1.5166897067951768,0.17903325350084145,-1.003871002782011,0.3154407950079592,0.49196555950523474,,0.0
CNTNAP2,81787.27244933016,0.04136047055906283,0.6463754374717975,-4.057981192218181,4.9498753118926305e-05,0.00016166357472893774,9.250010072373775e-05,1.0
EEF1A1P10,1015.0599897097127,-1.2462565933206726,0.21030456618002186,-6.183488411955078,6.270033837680882e-10,3.2911091477827063e-09,1.1717037803624295e-09,1.0
COL5A1,2063712.73104344,1.8289108193337893,0.14199202466001248,0.03961387222985442,0.9684009676805534,0.9823344714940009,,0.0
SH3RF3-AS1,5068.110798241794,-0.47740175096336857,0.34802857294799056,-1.3816239842556506,0.16708718573941495,0.30284860723403234,,0.0
EDRF1-AS1,15642.275001917864,-0.13158229552567646,0.16509768959226245,-0.437867622124178,0.6614822477208911,0.800151728845629,,0.0
ZNF708,103081.0144688515,2.3044177666080943,0.16504195867567997,6.963725613191704,3.3138976180719153e-12,2.0829618110069638e-11,6.1927996998898136e-12,1.0
AQP9,24826.33769368042,1.197458416060671,0.4487574497110908,0.32167205446184577,0.7477011508162332,0.8567444738887222,,0.0
P3H3,271201.4042261835,1.355918232228932,0.25966209918270383,-1.1985010672473209,0.23072200777156993,0.3875354194401798,,0.0
GNMT,26179.242904574454,1.337903715281696,0.408853786803357,0.39133909721849847,0.6955466031176867,0.8244690078676787,1.0,0.0
LINC01740,16.50532064431203,0.3572187533950693,0.04586497047627597,-0.3571459060830165,0.7209825795036946,0.8413708430126021,,0.0
C16orf95,13746.773415730137,0.26905444985653265,0.21867360475774988,0.12501802241599033,0.9005092824529288,0.9463396181739823,,0.0
PRKAG2,435861.3468148528,2.621080616957082,0.11013941759541,7.309792187749519,2.6755585105264423e-13,1.7994301315074876e-12,4.99991244468984e-13,1.0
IGFBP3,6024364.634856074,3.275501778551586,0.04662641205793368,5.809714820184715,6.257934863165493e-09,3.036009758372618e-08,1.1694428014673886e-08,1.0
ELMOD2,180437.2391310651,1.57266405288262,0.17162891576019565,-0.4558426256654102,0.648503149649999,0.7909617375643264,,0.0
PLXNA2,214668.74425989232,0.9432547691839436,0.2392453217627828,-3.304249402768169,0.0009523107188199012,0.0026614634574625537,0.0017796173006518498,1.0
ABCD4,306001.08516843396,1.6312569012363662,0.19084452729765045,0.1424173336816877,0.8867503716411235,0.9390499187634417,,0.0
SPINK7,199.20646069345946,-3.9328126715765745,0.8277612240431069,-5.257617216093623,1.4593387804368998e-07,6.297336688983755e-07,2.727118880270452e-07,1.0
TOP1,520574.3849243298,0.43177735640135895,0.14078158762012966,-10.189350038387333,2.2123837000311438e-24,3.114163760297359e-23,4.134361013109808e-24,1.0
PCDH17,48560.76838008543,1.2020952937387273,0.2706794926090488,-0.34249092727451913,0.7319814706142423,0.848853889222411,,0.0
SNHG15,104301.90372641275,1.8633380981471195,0.2114204342446839,0.9072897513968524,0.36425359236113264,0.5456160674546102,0.6806937924564621,0.0
BPTF,593486.0107573345,0.7582040608582575,0.1269199710904107,-6.806768741168992,9.98151854605284e-12,6.082640021295858e-11,1.8652822802777126e-11,1.0
KIF4B,3626.2901891141564,-2.2647307419857188,0.7181339229321728,-3.6046313545386734,0.0003125963191010597,0.0009286824057954788,0.000584159987489901,1.0
PGAP1,52694.32106248967,-0.6111350600360327,0.2322298863421298,-12.150468012344904,5.703814668424666e-34,1.4040375319269978e-32,1.0658923671697104e-33,1.0
RSPO3,172386.61219334963,2.476699401679687,0.2682949146353612,2.9083729379555825,0.0036331478346792543,0.009480334062606911,0.006789394065030753,1.0
EIF1P7,2650.202864035833,-1.6298886140043993,0.4291965052731989,-4.30360675368974,1.680398206565998e-05,5.8110379503185405e-05,3.140220582726362e-05,1.0
ATP5F1A,2087205.1679118914,1.940950808973264,0.07092651969032969,-1.9004114535029886,0.05737914502023566,0.12185447839614008,,0.0
SLC4A8,84885.84415558535,0.27049925412947695,0.4287564862409212,-5.946536093539541,2.7387616670093078e-09,1.3590458838178262e-08,5.118022457010288e-09,1.0
TMEM30A,2200966.919540885,2.904915619133221,0.07420430695598908,8.302369959325302,1.0205482870668617e-16,8.822975416043439e-16,1.9071352993541914e-16,1.0
SLC2A4,101416.72680533545,2.27312503175154,0.38683529624046975,1.8450766776617356,0.06502638530732857,0.13629901316305407,,0.0
CLDN3,424162.59758531826,1.5934039025259075,0.1817896994153584,-0.5647618018639436,0.5722357917103349,0.7339482164210841,,0.0
MGAT1,1003616.2606078457,1.0027338875614984,0.10356772253861712,-8.025487421162417,1.011236182449956e-15,8.16801922360909e-15,1.889733434443691e-15,1.0
CDKN1C,322193.26814394456,1.560559712954217,0.2989117380824754,-0.5323246951408537,0.594501131234004,0.7533060599582139,,0.0
PDZD2,217150.82387503996,0.9436372752410266,0.2665846908716599,-3.2656344238337662,0.0010921915253459223,0.003045580944282128,0.002041017596168128,1.0
PRKAA1,762155.6996671904,1.55233041393291,0.09595754421804355,-0.6383642571948314,0.5232365922675934,0.6941932279253267,0.9777910439645342,0.0
RBM28,211021.77635951657,0.8343651914561403,0.15336459105870875,-6.54828098844821,5.8203132818185335e-11,3.3087719532704453e-10,1.0876628821708008e-10,1.0
TCF7L1-IT1,123.62439846009246,-1.6770241631397782,0.7260218540399097,-3.0000180788731328,0.002699635821955341,0.007167949097933496,0.005044906582763964,1.0
FAAP100,265983.1383290134,0.7256811368962032,0.13910686367435462,-6.9315193705764315,4.163444300554929e-12,2.6071091691570148e-11,7.780378148793185e-12,1.0
EPAS1,8244177.015896386,3.058466163292175,0.039756839872466844,4.758657186349596,1.9488509766008375e-06,7.51420395839073e-06,3.6418879319649905e-06,1.0
GABPA,484377.76387857413,3.0506241766390576,0.08266166458778289,12.334080542713316,5.936267731084738e-35,1.5369704586647894e-33,1.1093317072636662e-34,1.0
SELE,109298.08365594673,0.7056116350188276,0.3996174813146359,-3.7499449094592365,0.00017687342378842598,0.0005428971122056294,0.0003305297302433675,1.0
ARHGEF26-AS1,15298.059333923618,1.0657113425252498,0.4074844934722628,0.2602413969619246,0.7946775738544198,0.8865826828645984,1.0,0.0
TMEM45A,569489.6132180666,2.944095286260437,0.18855039800839604,5.062461704324815,4.138772198754158e-07,1.7049830731388728e-06,7.734272504552927e-07,1.0
CCDC27,5908.3589610007475,-0.16290389054343765,0.22187675591073788,-0.6183081327723854,0.536372241922473,0.7034782396027814,,0.0
SPOP,620187.4490681324,1.5446286558297593,0.1293671925571798,-0.6712156303698804,0.5020831727854124,0.677971872453889,0.9382608879613709,0.0
STAT4,79343.63307148291,2.407280258458273,0.2441366146201652,4.83637755648319,1.3222665972083232e-06,5.170083087832544e-06,2.470967160153325e-06,1.0
CNOT3,518016.1352780806,1.5301925197418986,0.0958261998404211,-1.6279002026058738,0.10354604846513744,0.2040298123739321,0.1935002259462572,0.0
LINC01781,423.7712353878058,0.16837151719763443,0.6895941009351036,0.4196522133304227,0.6747395392249771,0.8101089566331596,,0.0
MIR4709,95285.2037603083,1.223239790556161,0.20114229286762686,-1.4330042651132302,0.15185661844610115,0.2801135187800544,,0.0
CASP9,79543.63533122928,1.3980677308201683,0.15561819641695152,-1.133841962838749,0.2568608453926393,0.4216601985634095,,0.0
TMEM43,642564.6950474748,1.0116074139989408,0.11985866999220424,-8.513663803349205,1.6852215544822834e-17,1.5483077060235346e-16,3.1492341465026065e-17,1.0
RBM5,930678.2437867753,1.5892596509195533,0.13766794908331395,-1.4597700159053135,0.14435329178094272,0.269455883089044,,0.0
CLCA3P,47.38748997194375,1.7580064089000915,0.09909628461303151,-9.517575658914678,1.772661438508341e-21,2.0647993492368718e-20,3.3126362035251234e-21,1.0
TVP23B,163134.2218740233,1.7492244834031965,0.14917827018741536,1.9268681878907943,0.053996058944862854,0.1155538786070577,,0.0
RBM12B,130419.11986204055,0.13472169320733568,0.20662269584186357,-8.78823910534766,1.519223619003801e-18,1.4655522054366782e-17,2.839027832521314e-18,1.0
TACC3,172681.70453923327,1.4753273319474833,0.34824871367154664,-0.29992073117472023,0.7642376206691927,0.8663135684988493,,0.0
LINC02569,902.9257973218262,0.585232513770749,0.42423348793633364,1.7301549875416062,0.08360258805192704,0.16947753853771985,0.15623116398484646,0.0
NUFIP1P1,6162.623522927732,-1.0720127636249905,0.1424392104645099,-7.953977141706656,1.806174661429951e-15,1.4280782884755485e-14,3.37526356887265e-15,1.0
NDUFAF6,148942.7136426882,0.8602701115459838,0.30863129075213275,-3.1111979013675017,0.001863300186053394,0.005052040710639615,0.003482016091888112,1.0
COA7,136844.76831644337,1.4976339068532636,0.20403620156428962,-0.5048035407225189,0.613696828696019,0.767070496456418,,0.0
PSMA8,856.4273284988909,0.6543099427350385,0.6982635717951853,1.5538261761828667,0.120225884873477,0.23195704506284345,,0.0
DPYSL3,1797111.8291368135,2.4320078815977113,0.08606413749053402,4.6466166483816,3.374233676776147e-06,1.2677477957030381e-05,6.30555186344443e-06,1.0
THBS1,4241189.34610424,1.6490433881902922,0.07145195003927864,-1.426022674171757,0.15386179719045448,0.2831343380254371,,0.0
ZNF292,703923.9978067447,2.515331605666125,0.12258748611445301,6.177693194342313,6.504495789468065e-10,3.403451880625332e-09,1.2155185287947615e-09,1.0
KL,31369.061312263228,0.35024555404238344,0.3976956863924246,-3.1705327414636573,0.001521596838939773,0.004166257207770984,0.0028434627539947817,1.0
DNAJC2,354896.70837185427,1.3906426357443633,0.11534715160169323,-1.194237852590811,0.23238494012436306,0.38902615635311627,0.4342660979062985,0.0
NME6,80712.54179817974,1.3702544980683407,0.14248456261845927,-0.6119847865990568,0.5405478231057036,0.7057838911351337,,0.0
EARS2,154622.3400547401,5.356684551968474,0.2550006237989873,12.077375796333143,1.3908814520465402e-33,3.32547110807491e-32,2.599190207882035e-33,1.0
MSI1,68536.17168973156,3.1212602816378627,0.33688816542319533,5.4842599299720085,4.152039043955467e-08,1.8793241940802054e-07,7.759064735469509e-08,1.0
SMAD1,143376.70557880058,1.3933003333343053,0.18951567641711486,-1.294813168682847,0.1953846880904423,0.3408331832365028,,0.0
LINC00641,265427.5594247448,2.935059413489984,0.2143070134195378,6.392004713081062,1.637248510515592e-10,8.970757463866681e-10,3.059585193360663e-10,1.0
GNG5,453262.9352194232,1.9550596464982168,0.15013396465123488,2.179833523335024,0.029269804010827957,0.06630154607529797,,0.0
LDHAL6A,3333.375929422227,1.875482122432497,0.4108399816823547,4.920436077944036,8.635159946396396e-07,3.4382385858281107e-06,1.6136834050913537e-06,1.0
LENG8,3421605.941212695,1.4948769011706742,0.06489453730309122,-1.378748304033313,0.16797237067260273,0.30378766598324153,,0.0
COX8C,255.38575493758168,-0.007586529537583866,0.6280596593944218,-0.025925497702242346,0.9793167626538543,0.9880379204988687,,0.0
HEATR3,142680.8277992954,1.6402345978006634,0.15586040640119872,1.335474430115594,0.1817211186417924,0.32315317788364295,,0.0
FCF1P7,625.8121627745354,-1.536985917878086,0.32413218375932895,-5.059502904694742,4.203508750827087e-07,1.7288010887146464e-06,7.855248028378068e-07,1.0
OR7E29P,320.8039303386669,-1.9269791472121809,0.5624398600997981,-3.9681641315810414,7.242844523389944e-05,0.00023289893232547972,0.00013534964129910079,1.0
EHD3,155385.48334598762,2.3241467371646034,0.19663042733949132,4.023975612308972,5.7223845559500385e-05,0.00018580088126109385,0.00010693625888587263,1.0
GBP2,744449.1662778913,2.1066149161651775,0.1384236151114075,2.1740402916082826,0.029702109417315232,0.06714656511363931,,0.0
MDH1,453939.4324150146,0.6540675590144979,0.16676692884361224,-11.117221875153598,1.0344305690277594e-28,1.8593703429610478e-27,1.9330776190844104e-28,1.0
ITPRIP,403914.3676717103,1.5976787417195861,0.2247154999289978,-0.488538116176409,0.6251687342222726,0.7744095599674506,,0.0
PRKCG,400.93384230939483,0.23477469911943405,0.4270008943194092,0.6815949997460343,0.49549507760787503,0.6718446018833694,,0.0
ZFP91,831043.0605859807,2.4678194235399973,0.08935568065252428,5.398593378483188,6.716540732981363e-08,2.983338137129588e-07,1.2551441302433757e-07,1.0
PSMC1P1,451863.5079682663,1.7608349080230055,0.12426568284424826,-1.3309808769606875,0.18319530328213862,0.3248498688789378,,0.0
PMFBP1,62123.7194589266,1.0740513506767762,0.18895427986422067,-0.5799548663538023,0.5619450545160742,0.7244683791065075,,0.0
CCNB2P1,1028.5511219273085,0.9353386468009057,0.7569364801709142,2.014606212226573,0.04394592605727254,0.09606202646902487,0.08212333302475351,0.0
SEC14L6,3892.033197291301,-0.06870978649276765,0.409773023543912,0.05893547262851392,0.9530035040722659,0.9734584034851007,,0.0
DNAJC9,111459.69628473427,0.24632935289785532,0.27310585725620895,-9.532947941990386,1.5287905751154722e-21,1.7848987158532747e-20,2.856905947588637e-21,1.0
IL12B,2322.498669153511,0.7813840935047339,0.7791481724456786,1.4531799118655389,0.1461738080990872,0.27230723622854613,,0.0
LINC00882,9555.27564663124,1.6415458072554738,0.24607087237254902,6.964205002380137,3.3026339615608825e-12,2.078496461702737e-11,6.171750899745598e-12,1.0
NOA1,155951.8940615956,1.874295790492401,0.12821154492991468,1.436169017053907,0.15095425296359796,0.2788607771013305,,0.0
CFAP221,3608.3114457020138,-0.032639978372492245,0.45425597593105405,0.13386921059487453,0.8935059974835059,0.9427498431882327,,0.0
SLC22A7,524.3488261467895,-0.1696004532191726,0.5898427811586994,-0.35805091117343063,0.7203052140944228,0.8411767574281245,,0.0
MGAT2,322898.76109473436,2.5276056141775523,0.12517030042467947,6.545955352419522,5.911624120753532e-11,3.35305172887689e-10,1.1047264671430591e-10,1.0
RPL12P10,693.2382014283831,-0.37033555013803743,0.5928795392073478,-0.9325083207630901,0.3510738885480902,0.5312889827603896,,0.0
LINC01960,2529.9902628682726,-0.22239917061339656,0.3410831513111539,-0.788215726395505,0.43057053180123084,0.6110653074157201,,0.0
DNM3-IT1,147.77828718263595,-0.5868448316440609,0.6082476252611388,-1.426424056534173,0.15374597379180716,0.2831343380254371,,0.0
DOCK10,117389.1827022885,1.5404187691988716,0.2104769806641348,-0.04120612600245317,0.9671315699786677,0.9818684386800899,,0.0
ERP29,578922.5306664752,1.406481312376521,0.16622843404026383,-2.319452005354051,0.020370540615597708,0.04730092539783538,0.03806716210027739,1.0
DLAT,278877.9333522676,1.8120475261809459,0.24371516299140702,0.8509641102968243,0.39478928971718474,0.5795423268850682,,0.0
CAPZA1P2,3148.4037268165503,-0.4212099285738462,0.1793978984922078,-2.5730127668244114,0.010081748868736166,0.02471957757461954,0.018840126812668147,1.0
SLC7A1,281372.8999717648,1.902179215046327,0.23682990255698677,1.311984710558219,0.1895252933793088,0.33370609267667584,,0.0
CFAP161,1239.8229820278643,0.05871339097852176,0.324653514842361,0.17578937112253773,0.8604594202200113,0.9254661478345666,,0.0
PDE3A,51540.66221316789,0.423150771603626,0.3040986389606824,-4.261842991786914,2.027478746421333e-05,6.915570850421433e-05,3.788822474146373e-05,1.0
CD3E,56638.78817360332,1.6506791674442696,0.3629758133242373,0.8599623664223807,0.3898097878407153,0.5744262783367898,,0.0
TNIK,92619.84397042173,0.7369007115177318,0.36293009855472946,-2.8606961951561156,0.00422711910867458,0.01091059617047876,0.007899369553495466,1.0
PIGR,155901.27858045837,0.7107102859572041,0.08857127604296494,1.8008716226028645,0.0717231166667406,0.1488373812224679,,0.0
MAPK6P5,790.7361360302527,-1.0118777156166234,0.5076276049017392,-2.4916390118776417,0.01271551980164415,0.030577214845435907,0.02376194930770973,1.0
ZSCAN31,78957.80443838553,1.0173405815547938,0.2561595803063751,-1.286113516119647,0.19840344768250018,0.34472254105335653,0.37076366045978065,0.0
LINC00582,437.2275380987905,-1.3547065298149135,0.6276144040024995,-2.7765905463023492,0.00549323319875916,0.013955102335637785,0.01026540250344036,1.0
ARNT,430391.4387251488,0.6917830889340795,0.1156432911081492,-10.239901600362288,1.3136991101469647e-24,1.8863662222426386e-23,2.454956788857286e-24,1.0
ELOVL2-AS1,263.5991255649327,-1.5173965988242064,0.03756823994596924,1.1868093420236387,0.2353028330812038,0.3927215286929778,,0.0
IRS1,307556.0073466273,1.733462490032499,0.22589023495200342,0.4302121274001146,0.6670413409885421,0.8039569659719596,,0.0
RNU4-46P,3802.9886783082898,-0.9051868419285374,0.6110304016504932,-2.30793347941982,0.02100283660874196,0.04872385075853462,,0.0
UBA52P6,1962.8702554025556,-0.021936838627660642,0.24693575513224192,-0.08289952502140711,0.933931431720622,0.9620398607107706,,0.0
FMO1,59270.13724013434,0.13014486473992432,0.3404168002924671,-5.145051533684169,2.6744738257195535e-07,1.1239987979075364e-06,4.997885455168516e-07,1.0
TP53I3,77395.28336948689,0.48279883742153107,0.23177677950393957,-5.609657626865241,2.0272727622522207e-08,9.379890734235506e-08,3.7884375441190525e-08,1.0
SIRPG-AS1,164.28949782922737,0.5679752000328452,0.74412040742248,1.3008488810590095,0.19331018657775934,0.3389371937996714,0.3612457001978547,0.0
SNRPCP3,1922.7837420105511,-0.02992630770279692,0.21948988188072666,-0.2157062726561895,0.8292167114514984,0.907886920929697,1.0,0.0
FCN2,6317.428930522032,-0.10545198760697581,0.5702097493539012,-0.22777876885062787,0.8198182328616561,0.9029384416155379,,0.0
NSMAF,241307.46985827573,0.3332958042835729,0.1321847184811367,-10.582575675842623,3.5895255175379663e-26,5.622839815403516e-25,6.707875471629476e-26,1.0
CPXM1,476210.61976972723,1.4877317954514688,0.18831731150055828,-0.8285042789476086,0.4073849726584736,0.5897168911860929,0.7612949545154797,0.0
GRK4,26008.631425925763,-0.016530100024112638,0.13117796510465007,-1.828393406623634,0.06749053020364727,0.1411088616851989,,0.0
F13A1,388000.7957210733,1.449370320822903,0.22557995611071793,-1.1965762828977218,0.23147174927834002,0.388403066200089,,0.0
ZFPM2,66017.75133205269,0.2200022423684124,0.29227122930632454,-5.424592334559392,5.8086957498103825e-08,2.594543830476193e-07,1.085491872169128e-07,1.0
DUXAP4,410.07661281802393,0.10062570658363154,0.7411969111416006,0.25436793376925887,0.7992113215407607,0.8900363675155113,,0.0
TMED8,164380.7789212179,1.5058267937872194,0.17082019012354308,-0.6889032795581016,0.4908841354837705,0.6681961386576959,,0.0
PHF11,233119.95339214086,1.609515756671368,0.1420481806064899,-0.48769308166660374,0.6257672528642022,0.7749212133427258,,0.0
RFX7,140958.76596927101,1.4112986490130064,0.15511007613708835,-0.3781809172744495,0.7052962004401069,0.8304942820813916,,0.0
LIFR,657197.4703109553,1.4872971312073107,0.23588762896479984,-2.284282229039936,0.022354949616010845,0.05169258826062295,0.04177549859057823,1.0
RPL22P24,1740.1419238638096,-1.658574766963984,0.19321432346732928,-8.917996583065548,4.747990656270653e-19,4.773784569292646e-18,8.872740953397327e-19,1.0
HOXA7,87320.49734854935,1.4575805510761823,0.314620616075189,0.28960004701643666,0.7721222310268633,0.8707503471995568,1.0,0.0
CCDC112,61147.09250157678,1.0532392939910409,0.20671417063408237,-1.200854636564571,0.2298075936208308,0.3863891471478101,,0.0
RNU6-342P,9.470724063751792,0.1768541356890841,0.12429666557653442,1.6727156627764463,0.0943832843490913,0.18797659302208417,,0.0
UBXN10,45450.67370376982,0.5713227000122023,0.4366166753279397,-2.922643164923865,0.003470740222222434,0.009094540582299688,0.006485897116845738,1.0
SRA1,516932.22295373416,2.88514779809149,0.09867651436519027,9.742140837674247,1.9931045145956622e-22,2.4836766233003803e-21,3.7245861104841156e-22,1.0
POLR2G,809702.7223550568,3.0430738134891646,0.11793370960081306,8.896627310764114,5.756941664514708e-19,5.7650175345851694e-18,1.0758204000590874e-18,1.0
ECHDC3,206986.54075436745,0.7181581774511059,0.25250959622376146,-5.016743956598401,5.255453162237316e-07,2.1368185070545052e-06,9.821054394801745e-07,1.0
KCNQ3,37137.70997515334,3.335303809238435,0.42517501000588137,5.499383354615585,3.8112172871591734e-08,1.7329074416682794e-07,7.122158857118321e-08,1.0
SNCG,244924.07874749965,1.3824827493505178,0.44027725461990846,-0.809931629732554,0.41797947180795525,0.5988083201331286,,0.0
ZNF573,37203.43659639648,0.938569400021001,0.1605562423175404,-0.7673396339453527,0.44287960951740535,0.6223828043084584,0.8276250593711572,0.0
STEAP3-AS1,26182.38022237285,1.3059565180124446,0.2654087155309108,1.6144430769529028,0.10643135441889708,0.2088913896430592,,0.0
S1PR1,567382.9402555829,1.7346585265639989,0.249317957267725,-0.10441836992101775,0.9168373452798954,0.9554334266465556,,0.0
GALNT3,202573.066104133,1.5526545994901326,0.3387091196736506,-0.13846896648038393,0.8898697944828821,0.9399026343333252,,0.0
EMC3-AS1,17347.273361867934,-2.1334670315049067,0.18090496034026585,-12.442102030351688,1.5438678009801713e-35,4.060372316577851e-34,2.88508130198127e-35,1.0
MUC5B-AS1,5557.893257125623,-0.23928219233723008,0.6636622375799303,-1.1006540979315962,0.2710472310991562,0.43875057136458806,,0.0
STARD13,214301.8322065264,1.7092783041672506,0.15511028264005006,0.2750812683892801,0.7832538023031533,0.8798862194434611,,0.0
JPH4,7190.506852008129,-1.0185651343293591,0.40613058280933406,-3.1272163606470285,0.001764700068718844,0.00480294457700875,0.003297758505380727,1.0
IHO1,11829.134094228337,0.22015381869293021,0.3852222162472491,0.5792510394539241,0.5624197964157305,0.7248934028087194,,0.0
ERO1B,85208.71300615338,0.3545757825464327,0.29591204401245325,-5.043777156263838,4.564308404287884e-07,1.8694958275595538e-06,8.529487320952339e-07,1.0
HMGB3P7,491.07009951642493,-0.16638276118316123,0.6072003461730975,-0.4047116154786209,0.685689503099491,0.8173489790605072,,0.0
THAP9-AS1,271072.74221590103,1.6483309625922156,0.139230602876819,-0.6696881102870961,0.5030566326315604,0.677971872453889,,0.0
RSPH9,175105.21207574903,1.400947599505794,0.18581814468055557,-0.14019769476434243,0.8885037932291551,0.9390552992314061,1.0,0.0
MIR6805,3673.054548099547,0.03815752768907203,0.216687397547381,0.12151894591990257,0.9032800092316742,0.9482542449854361,1.0,0.0
TMTC4,99697.45532930733,0.46223362086072534,0.32376946442204485,-6.50446978101127,7.796788714020095e-11,4.3973536347582863e-10,1.4570139567673306e-10,1.0
RHOQ,516457.52309745026,1.0941133993777867,0.13523564390521478,-5.0882932543488115,3.613003752643518e-07,1.5007630716508445e-06,6.751750094225752e-07,1.0
POGK,494970.7931950426,0.886729013960475,0.1575446964459476,-4.936825108199398,7.940461810961604e-07,3.171741620253808e-06,1.4838626652720696e-06,1.0
MEI4,1319.7264438543518,-1.5027927697995875,0.6219325690110561,-3.049896992854281,0.0022891986507874254,0.006140164067624672,0.004277907875087795,1.0
WDR54,142823.79047120814,2.3007955620236764,0.19797408743630676,4.131341947833509,3.6065162361704994e-05,0.00011990526701359938,6.739626638797302e-05,1.0
SLC43A2,236280.78337795017,1.4961213836798117,0.21506045269163931,-0.3321279716682646,0.7397926294853312,0.8528374724573373,,0.0
MARCHF7,786075.4926017127,2.6294070876833238,0.10061891053357486,-0.6286745754287253,0.5295621263050129,0.6982115950253692,,0.0
CLDN22,12413.336361953465,-0.0769223909225843,0.2058678487246563,-0.6980955326238643,0.48511745171784126,0.6628744616445318,,0.0
NGLY1,176620.8878659206,1.9179878160928492,0.11783940565763219,-1.367782392141424,0.17138020082573469,0.30883045925935676,,0.0
USP25,436447.7459210001,1.4064196225751424,0.10555219765250042,-2.7882824700050466,0.005298831974860876,0.013495547083781754,0.009902117942550411,1.0
COX20P2,1530.4420293669864,0.23696544644411466,0.26947587425202607,1.0257502770547633,0.3050093089991929,0.47958826842950497,,0.0
PCED1B-AS1,17629.555678534143,-1.1413740572942648,0.2783929142933257,-4.344654261067701,1.3949518937285158e-05,4.860930692441697e-05,2.6067967886916203e-05,1.0
RWDD2B,329539.82612050325,3.2213860631890983,0.11489620291574323,12.658716498707102,1.001228994472966e-36,2.764166456011829e-35,1.8710326422518365e-36,1.0
STX16-NPEPL1,383599.5427964177,0.7410379329266715,0.20661685829361953,-5.437356836581891,5.4076769140646774e-08,2.425687750411238e-07,1.010552039625325e-07,1.0
PCDHB16,30283.884703947824,-0.32002185983816583,0.2858139696104843,-6.569651090951085,5.0433297089418086e-11,2.883468942286295e-10,9.424651666261113e-11,1.0
YBX1P4,128.1621904912634,-1.9647314396220927,0.6180645103068628,-3.7353929723137393,0.00018742227973890836,0.0005731634833875919,0.0003502427568643699,1.0
KCNH1,14964.31918366737,0.49855851919476046,0.47829100342682573,-1.4061146577417776,0.1596900805070952,0.2917628271641517,,0.0
NXNL2,11582.42800365825,-0.3054636100364909,0.509812892253327,-0.6682998308453245,0.5039422212986076,0.6789429171822976,,0.0
NOVA2,54596.48937386645,0.25906364942379734,0.3877768510392025,-4.881491356594209,1.0528653888039056e-06,4.165612310255832e-06,1.9675274300123845e-06,1.0
HNRNPKP5,23.40300284286327,-0.9159971168218034,0.18302228538894963,-2.795372520669731,0.005183994224957109,0.013223286953604224,0.009687516507894792,1.0
HEXD-IT1,2274.9122986039947,-1.1939388036313159,0.3707849492627207,-3.545395808023819,0.0003920239370809774,0.001150965695413422,0.0007325892347021855,1.0
CCT2,1611143.4593217268,1.8172514358657237,0.08280654738781783,0.2947361794542113,0.7681954229917738,0.86867448035526,1.0,0.0
ZXDC,135823.5621665776,0.15681764395705244,0.14779532631184103,-20.327490218716434,7.346530153740073e-92,1.5296087990932977e-89,1.3728725197546426e-91,1.0
C19orf33,168291.42328810325,1.9331990754219663,0.2853370150265382,0.8374037224644936,0.40236567406324,0.5851633507840541,0.7519152106559499,0.0
LMNTD2-AS1,52008.273165783416,1.0772952175678672,0.34060558098783783,-1.2548145631427277,0.20954608464934033,0.35958165693432476,,0.0
B3GNT3,21017.725501414254,0.4832815461387389,0.5363021624655178,-2.1950363436985576,0.02816099080154113,0.06410955400241505,,0.0
AP4M1,222035.94262702932,1.9118843432408623,0.1829225441123164,-0.5938165621338084,0.55263481037039,0.7173125731010854,1.0,0.0
ANKMY2,168735.79329845146,1.5319086696172384,0.14400886554784242,1.314916632256132,0.18853792230499677,0.33267090316315995,0.3523275982640497,0.0
VSX1,812.5774236321338,0.8178117723302631,0.6224390309632201,1.8307100342761748,0.06714383457905504,0.14050156674687522,,0.0
ADGRD1-AS1,1929.033000555126,-0.278256311423398,0.4823645735487992,-0.673989727229896,0.5003178447508776,0.6760701691358272,,0.0
ZDBF2,50034.84513235153,1.0804812568099116,0.2916952199360887,-1.1754263396922155,0.23982419076946315,0.39880248960898745,,0.0
RAB4B,619643.9804050584,3.814278857062831,0.09073817838542592,16.236631155050684,2.777651326948486e-59,2.0411652471708213e-57,5.190696963635597e-59,1.0
FXYD7,3129.7744669344065,-0.3191411993604663,0.3872923315748034,-0.9410723413512606,0.3466677883658277,0.5267455266588988,0.6478305678623938,0.0
GPR63,22003.219421269627,2.13835609260164,0.30766882622727365,3.702365448858197,0.00021359864534099016,0.0006500319310407599,0.0003991594729876319,1.0
CALD1,4415200.035390504,2.5906640675943233,0.056557097812464194,5.509696621420089,3.5945267791824787e-08,1.6399900146056613e-07,6.717221509190294e-08,1.0
ACAA2,458443.2848716099,1.6018380555570326,0.1805422531185815,-0.6238231782704918,0.5327437159515633,0.7008638068796278,,0.0
RPL10AP6,673381.4084258915,1.7387137046928283,0.10741848897138126,-1.2121786749709564,0.22544399267899395,0.38046053070480673,,0.0
THUMPD1,350468.5811105372,0.6187829675882007,0.1250082235174848,-9.035566996404576,1.631543966598227e-19,1.680994886822957e-18,3.048924906915236e-19,1.0
DHX37,405121.32056970353,3.0482511156016847,0.10541825454830799,13.265208677722848,3.683939351842449e-40,1.1577764113935043e-38,6.8843100004325805e-40,1.0
CRISPLD2,1046839.1648283806,1.9967433756222794,0.13936799560292762,1.081549725325022,0.2794526541142174,0.44872265829329827,,0.0
MSH4,2668.585396977108,-0.4302850091226409,0.4233497269829203,-1.1228050952822664,0.2615202809006162,0.4267853832986215,,0.0
CTBP1-DT,107908.54788671264,1.3414129353159894,0.18580377859848066,-0.8080577470946956,0.41905733973591364,0.5994931367478844,,0.0
LINC01748,3830.3547380614095,2.1109574952693158,0.8951188643924191,1.5384236144014776,0.12394507204172861,0.2375732738751507,,0.0
EIF3EP1,26245.815035877844,-1.6716906258865607,0.13947872935709843,-13.838680839631717,1.48914348474304e-43,5.5949248069631355e-42,2.7828160034633398e-43,1.0
FCN1,19238.58176031069,0.6311923509898159,0.37063262987815243,-0.948943869674629,0.3426491607664456,0.5230276160793463,,0.0
TMTC1,658954.045075202,1.7989086801004455,0.14890506097066442,0.5284821060363029,0.5971647635054447,0.7548427910241696,1.0,0.0
PYHIN1,11799.38108738369,-0.7636797982811181,0.317467441100186,-3.4260971539964893,0.0006123213197383376,0.0017464438554409092,0.0011442668791071327,1.0
MACF1,1152998.5994029767,0.9721292456758593,0.1024130353310682,-10.25323592822099,1.1444659834374085e-24,1.6528602656753556e-23,2.138704756633033e-24,1.0
RFWD3,177265.959885677,1.121920133735172,0.23962964970584993,-2.1695079880920045,0.030044138565786648,0.06787095859549543,,0.0
TMCC2,30064.275990948467,0.4296401266857196,0.365987068284981,-3.817048831792714,0.00013505744759130132,0.00041788363195896766,0.00025238671114948864,1.0
GTF2H5,352503.220497294,2.591442661647032,0.16431396274124285,6.495358968716439,8.283565543362703e-11,4.6508962944026316e-10,1.5479796940981087e-10,1.0
DDX10P2,2032.4723172946728,-0.09219101418366774,0.18126388006239214,-0.5602803072736366,0.5752882574755358,0.7367287090223609,,0.0
FANCD2,65241.51926830327,0.2887397011138522,0.34320629523115875,-5.8225180202040665,5.7967547261424e-09,2.815003242617451e-08,1.0832604101171868e-08,1.0
CELSR1,651763.9178068021,1.8537399841556694,0.23145923766414153,0.3170746482528918,0.7511869608953341,0.859162564338289,,0.0
OAZ2,469339.954177031,2.383581820932422,0.10285192175154514,-0.9652473097139902,0.33442095594800425,0.5146601530250007,,0.0
TNFRSF21,369440.71314832394,1.4160779842196725,0.16320073290437903,-1.182846778208946,0.23686987762519962,0.3946778187706311,0.44264726196451853,0.0
P2RY12,10376.209788852575,0.41415426928791593,0.35569201036303044,0.5279826663794976,0.5975113667355134,0.7549340833318231,1.0,0.0
VPS25,233797.04820156813,1.68863259483796,0.15237148020847868,0.006751339147918211,0.9946132516510158,0.996988111873738,,0.0
ASAH1,1374117.534838197,1.841934210640028,0.11754157343130048,0.2443796269820308,0.8069368188344482,0.8956764431298258,,0.0
TSPYL1,1794942.8370943945,3.364501939614349,0.08177483492986024,10.616735324311682,2.4912180673112003e-26,3.9519418039219264e-25,4.6554288266095986e-26,1.0
GULP1,312409.7599603846,3.1183577313076154,0.15054031640048288,7.321275749981143,2.4562451847505337e-13,1.663124280243688e-12,4.590073742781756e-13,1.0
RPS3AP20,241525.56708934152,1.4783053245630031,0.22752358264016795,-0.6113897854876618,0.5409415632831279,0.705931176644846,,0.0
ACAD9,183552.60267003477,0.5568356284373004,0.16657730836959064,-8.556859249623306,1.159839969915332e-17,1.077271436741062e-16,2.1674346782598777e-17,1.0
SLC10A5,3810.9364908401635,-1.0437218084506028,0.25682856017508615,-4.385759803549276,1.1558161033366578e-05,4.093276448173834e-05,2.1599151340214206e-05,1.0
ZNF850,36380.57676327654,0.9290213993997641,0.20646955298949515,-1.3145631213301208,0.18865677116148494,0.33276310818705973,0.3525496953978834,0.0
RAPGEF5,220129.00231353688,1.5496954554773845,0.2756711176182799,-1.141814642227491,0.25353107475078973,0.4174176002248839,0.4737826404374332,0.0
SH3GL2,2555.1998343765813,-0.8240459774903405,0.6012124694939258,-1.9965154537927337,0.04587784534055296,0.09980478588016681,,0.0
LINC01954,1089.137482315737,2.8305162008868985,1.0489158466619624,3.408197946030021,0.0006539343865170209,0.0018598236365540998,0.0012220307140708875,1.0
TRPM5,1153.371204101521,0.32615709058888037,0.5619504648904079,0.874717977153325,0.3817273760883404,0.5655178471133818,,0.0
MIR940,277.4907412447393,-1.4757389711657785,0.3542599614708598,-4.496908929313089,6.8948502758587576e-06,2.493022201770348e-05,1.2884654760084596e-05,1.0
TTC4P1,1094.329029365912,-1.3572447378566423,0.21418083317725267,-6.654012110708028,2.852091900028327e-11,1.6571980493536685e-10,5.329806740628852e-11,1.0
BBOX1-AS1,894.9124752519089,-2.2188531925027903,0.7765472420940749,-3.575126028676188,0.00035005922755781987,0.0010332226580664064,0.0006541682722911092,1.0
MOB4,157774.3154881586,0.38528611707353433,0.20349959154027628,-9.566665462923401,1.1040927229495274e-21,1.3104872533441304e-20,2.0632577922882528e-21,1.0
HSPA8P9,24479.649279187906,1.1886709903704615,0.27257713281417956,0.44437589404461675,0.6567708388146696,0.7969606317525265,1.0,0.0
RNU6-564P,463.043017589205,-0.04587343920380777,0.5152941915495309,-0.13315000840131774,0.8940747462215399,0.9427498431882327,,0.0
OR51B5,292.27834197201815,0.18230841381843643,0.6122367134200457,0.46475548710103914,0.6421065677680635,0.7870018442818282,,0.0
HACE1,160648.44451638273,2.0592034672792274,0.16254502177333335,3.8555243860222377,0.00011548181753692707,0.0003608897074621792,0.00021580502701272424,1.0
TMEFF2,351.78442952915253,0.5383349192609316,0.06916150477254247,-5.394578346741987,6.868465287824015e-08,3.0427057662461526e-07,1.2835348183716007e-07,1.0
INPPL1,563292.0747791836,0.6095138631726934,0.1411377842972006,-13.785107769480751,3.1329837476466925e-43,1.1262963875532749e-41,5.8547194416568895e-43,1.0
SLCO2B1,650639.9960417829,2.6045626008023293,0.14553979852044938,5.020303485000754,5.158990601327989e-07,2.099305866028987e-06,9.640791336887045e-07,1.0
EEF2,11839752.501446903,1.8776597894308493,0.029711476903589613,-1.8741399855062952,0.060911133348156545,0.12837323211334384,,0.0
PURG,1557.0427071184497,-0.22248160006917306,0.36984406396068864,-0.6826933089433866,0.49480065863909917,0.6716976069599506,,0.0
AATBC,14737.965955151372,0.7816999619629992,0.4066948391177671,-0.6610072995654278,0.508607632337176,0.6824684046157005,,0.0
CATSPER2P1,87381.31834461929,1.098907186297479,0.2179817102509668,-2.0838822717556678,0.03717087731159873,0.08240588905326479,,0.0
MIR6834,1035.8247062895382,0.04593654503779659,0.18891581200801877,0.18702199934400446,0.8516433842806841,0.919348021441041,1.0,0.0
TTC5,50872.2816565468,-2.353508590241975,0.14031849884637132,-17.596529328290398,2.6188944625253475e-69,2.7843863040934385e-67,4.894022299640674e-69,1.0
KANSL1L,132630.5588825474,1.3875866747777321,0.16150864684173416,-0.5466313172736569,0.5846320490583483,0.7462028114745938,,0.0
TAS2R15P,3840.1307461969554,-0.23978376912508492,0.28021692390023495,-0.6599941649405959,0.5092575738685938,0.6830872185479737,0.9516679493722376,0.0
CFAP92,46220.634306290754,0.9123961273375716,0.18272035551539087,-1.887694841887503,0.05906692924344422,0.12490793289440998,0.1103804956729584,0.0
SLC7A6,690075.8475207037,1.8219672869818584,0.2097707406435289,0.210593754939514,0.8332042858676533,0.90995682764516,,0.0
NME1,854612.4860193596,2.158951266883328,0.13242406180503824,2.12973165350828,0.03319377413398395,0.07448104595757422,0.06203039990557883,0.0
DCAF13,340402.89970490016,1.130188944549505,0.1851152013605919,-2.8861505004756656,0.0038998562019633637,0.010128680582749964,0.007287801586092344,1.0
POLHP1,168.66783305700977,-0.46960976858882597,0.7098240493405675,-1.1346504819814542,0.25652179262087527,0.4213804726254154,,0.0
PPIL3,77452.6634103934,1.275734653642825,0.13959447035248157,-0.9178162405075632,0.35871507831131233,0.5399094115426589,,0.0
TMEM232,5630.079524721792,-0.6134273904024277,0.293851332792821,-2.0869723004727967,0.0368906384938074,0.08193000913491358,,0.0
DISP2,14582.171053826305,0.021292509509204534,0.3722737447160727,-0.3146336465532095,0.7530398294167715,0.8601005777361388,,0.0
ROBO4,460170.5242511524,1.5175877729568203,0.26424936885116584,-0.9435083449991,0.3454209489007083,0.5259197080002558,,0.0
SPAG7,212257.16099616745,1.780365410933266,0.1253974484682152,-0.9679882903581633,0.33305021778913413,0.5131716354582657,,0.0
LRRC4B,43791.04142703595,2.9239784998470233,0.36296866179759646,5.370893534275435,7.834745683875063e-08,3.449358958795039e-07,1.464107112278373e-07,1.0
OR2AE1,116.91480048456815,-0.14783423314763217,0.7042321043764963,-0.38769477054091966,0.6982419262032445,0.8252400438121128,1.0,0.0
CIAO3,186702.64068139752,0.607500527798144,0.19998067208703918,-5.74120613030245,9.400457894048565e-09,4.491355164015783e-08,1.7566973858100477e-08,1.0
CTAGE1,4474.102461151361,0.23947651277276516,0.1827346927860137,1.255121871093606,0.2094345219923941,0.35958165693432476,,0.0
KRTCAP2P1,7063.8637923084,-2.3838094863410624,0.18849382938127124,-13.355936923968414,1.0937326657089407e-40,3.595646138518142e-39,2.0438975806086673e-40,1.0
IFI16,794970.7830298101,0.9157880696015153,0.13655989864991624,-5.130693349414064,2.8867686415980586e-07,1.2122002438710503e-06,5.394608415132946e-07,1.0
PARVB,227281.24453290668,1.6648402355030445,0.19987320129545327,0.9136252270817913,0.36091380600156,0.5420758306551834,,0.0
CD46P1,795.533981728802,-0.8033635964869505,0.5767453102268605,-1.9853346271636738,0.04710725392696587,0.10225452681529915,,0.0
USO1,341156.94199125364,0.42604866187357593,0.17567426434599492,-14.747065190931247,3.2133748051224876e-49,1.529260371542578e-47,6.0049491029158825e-49,1.0
PRL,610.917473629063,-1.1288905791242942,0.09820589579739394,-2.933651803078333,0.0033499979153888766,0.00878736985994657,0.006260261624232692,1.0
SOX9,712161.7895142182,1.4288215177769252,0.17952216352913167,-1.2616581777093716,0.20707181208133696,0.3566831592452398,,0.0
KRIT1,367521.7862229773,1.847007470599268,0.08481376237887127,-1.4342414361643578,0.15150337618360796,0.27965803228908753,0.28311980956974153,0.0
LINC00467,61931.531406475544,2.2738145735248745,0.23140612158067744,4.34599566962656,1.3864530412575233e-05,4.834686564664231e-05,2.5909146773238012e-05,1.0
DTD2,309887.89834542945,3.59144804588036,0.10996989461466261,18.292752359281458,9.451985545255231e-75,1.1519895553570826e-72,1.7663265433672547e-74,1.0
SLC34A2,165342.88985022582,2.583544648902557,0.5157975579348277,1.488868769433161,0.13652192889813672,0.25753117353868976,,0.0
PPP1R14D,1621.4111908899567,0.004900462942101563,0.48900656452748104,0.1584912114848489,0.8740697453574997,0.9310864458647251,,0.0
RAB6C,53662.11057959446,1.4459831718799239,0.2232592590224823,1.2303548625817833,0.21856424816320363,0.3716112786905507,,0.0
ACTBP8,396.75651869574097,-2.1628026099303925,0.5098837386053546,-4.6844670761927905,2.8068927887168133e-06,1.066619259712389e-05,5.245341535234823e-06,1.0
PPP1CA,1525188.77689353,1.7013029862283562,0.1012741247260805,-0.04881375255624528,0.9610677222854206,0.9784953969560406,1.0,0.0
MIPEPP1,6.658094498031154,-1.9606053492132538,0.06698122499208764,-1.696010209512397,0.089883946601289,0.18030914539006068,,0.0
BCO1,1543.5979577056355,-0.4499526675054206,0.5101475143293068,-1.2798799326697492,0.20058736621678164,0.3474298332704533,,0.0
ARHGEF10,250526.21317283058,1.5096736616130115,0.14715014853788158,-1.8034315095432485,0.07132047278621673,0.148186445951237,,0.0
TMEM245,424822.42797617166,1.9299706365497677,0.10751735117537954,-1.776913325901898,0.07558250151136643,0.15555426690786575,,0.0
NDUFB1,152881.32907149443,1.5477648383296905,0.17618127193581137,-0.2439902919394329,0.8072383386566083,0.8956764431298258,,0.0
GPR183,46240.62502099354,-0.10213580067501314,0.265552005237658,-7.476193767238073,7.650612710463913e-14,5.372049592581149e-13,1.429697521099034e-13,1.0
ZMYND8,383974.78927688533,0.5256408634813182,0.15438687273550317,-8.171308188117806,3.0506322919880326e-16,2.5706592855082966e-15,5.700826313786163e-16,1.0
DNAJC5B,3948.771473484997,-1.8089502041138128,0.558360049483873,-4.190405369085624,2.784565303466099e-05,9.388983010404923e-05,5.2036173602917335e-05,1.0
MCPH1,112627.08445381718,1.4678831726665564,0.136227585557623,-1.0188624804810595,0.30826825817186265,0.4834954444710602,,0.0
MTARC2,105448.92627621154,6.254905713937785,0.2764315586570759,15.10389285352006,1.526488084860148e-51,7.945688500048083e-50,2.8526032012139715e-51,1.0
ABR,570634.5199951796,2.0779069270528274,0.11455017560647186,1.0293514335604588,0.30331456220982145,0.4776750291088805,,0.0
CPS1,29696.11988447581,0.8593553252184449,0.31071030911032177,-0.9573163252053454,0.33840761783075557,0.5187186706442594,,0.0
MLYCD,103428.94913675496,1.6164276853514365,0.21579917594563172,0.6315057676791025,0.52770987921243,0.6968726919726513,,0.0
CYTH2,420947.3275746406,0.8056866851007761,0.1368655491259521,-9.759526110174221,1.6793810500968727e-22,2.1138204300589605e-21,3.1383197858392193e-22,1.0
C20orf202,3148.229726986093,-0.1682461986572988,0.2764113823569153,-0.3787869969805716,0.7048460440360199,0.8304917901551501,1.0,0.0
EDDM13,2335.287934419385,-0.261824412365739,0.2897805575213446,-0.9443874581133829,0.3449716881759255,0.5255559529924084,,0.0
ERICH3-AS1,18.961790557707666,-0.6925676282180978,0.04138667340142509,-0.46138378061623253,0.6445232860157899,0.78929858479537,,0.0
COX6CP1,1642.7600776893444,-1.4219274614941526,0.32514546966581975,-4.767069914869735,1.8692445831596573e-06,7.229578314279263e-06,3.4931246006166073e-06,1.0
TLCD4,69606.7939861338,1.533776075652888,0.2658545056475459,0.5337819954434722,0.5934923718272057,0.7523291177119601,,0.0
SERPINF1,1649765.3059409647,1.643111356949869,0.10919006026979286,-1.2274511157847616,0.21965308439676967,0.37295496524996874,,0.0
ITGB6,332155.6710215549,1.8067333654698117,0.30171191689108556,0.11577277300815425,0.9078326293782626,0.9506369759017557,,0.0
SEC14L1,954158.7593217008,0.9992277397470491,0.13421044277339414,-4.252657504479722,2.112485375835094e-05,7.190796609705697e-05,3.9476774207359625e-05,1.0
SP100,443821.246326146,1.7468513457714525,0.1252418200040647,-1.3669029703539404,0.1716557208483258,0.30910401336183213,,0.0
ACTA1,51699.24182708588,1.2479573697064075,0.5482283340749582,-0.5934147341541096,0.5529036306255908,0.717439481235024,,0.0
BHLHA15,4828.262041540702,1.0253860751584252,0.7498931126466034,-0.03965517129327752,0.968368041667294,0.9823344714940009,,0.0
HINFP,117009.95984892982,1.886240763726326,0.12068021595232055,0.492596920518579,0.6222974243867483,0.7721927563100525,,0.0
PBK,64882.68842518646,1.3391182950430913,0.47073039697130586,-0.4152619034387294,0.6779501866323898,0.8116404336822888,,0.0
LINC01592,31.80128261635047,-2.984530686918072,0.23730875845264818,3.177957439851777,0.0014831652062814575,0.004069948674238574,0.002771644179427241,1.0
LINC02656,3983.407119831851,-0.8587973234063401,0.3211601608747275,-2.871748147951159,0.004082081509339494,0.010552592499828997,0.00762833257373577,1.0
EHD2,967884.4191772485,0.9933501136879817,0.1851310594655875,-4.745002672365635,2.0850358282315613e-06,8.006387305553635e-06,3.8963814636025105e-06,1.0
PLCZ1,787.1134689120762,-2.6031669940372817,0.8652440446384618,-3.7481187279123014,0.00017816591709950095,0.0005461933053657707,0.0003329450589925977,1.0
AHSA1,501730.70566980354,1.6503930998160423,0.17078333414870928,-0.4080806851820685,0.6832144397513877,0.8155516593844119,,0.0
TPT1P4,58585.146208052916,-0.35916168729927156,0.23001314528036979,-10.840138604383744,2.2213425361655623e-27,3.7248485413487633e-26,4.1511027124978736e-27,1.0
KLF6,1911973.1942897304,1.1268050635358762,0.0902306240751207,-3.740875362924595,0.00018338044838353058,0.0005614902577037392,0.00034268964120138455,1.0
MYD88,313641.592151643,1.6776386795090545,0.13683652755898038,-0.7653089690439294,0.44408758449571684,0.6235707189736442,,0.0
LINC01424,491.0422117414444,-0.306089699792197,0.2653120922355637,-1.2563929633359274,0.2089735316083332,0.3592159399541937,0.39051635656201983,0.0
PIK3C2A,1009304.6906398447,2.9239203819252113,0.07531181891716245,9.581367233768253,9.576864594899022e-22,1.142138242976382e-20,1.789663140639881e-21,1.0
CPNE8,321327.91784088186,2.847390645969509,0.18807518851369778,6.623222253046438,3.5145197504911404e-11,2.0256119023303609e-10,6.56770949633666e-11,1.0
USP54,847454.7927943512,3.384408192980091,0.12691277081352656,8.95848546261696,3.29168364432808e-19,3.3431998314445966e-18,6.151287647983327e-19,1.0
METTL4,68158.79231262668,1.3668558700779552,0.2066484332585728,0.44004481693432806,0.6599046480907524,0.7994537385513146,,0.0
ZNF415,83926.98355632043,1.0340198096587183,0.190099109966632,-0.8833806592899747,0.3770306369152746,0.5615565104815581,0.7045707152825831,0.0
ZNF229,112208.34933131079,2.666729298619851,0.24861900461086356,4.940833450425282,7.778933507846065e-07,3.1121962160693985e-06,1.4536772901535823e-06,1.0
EED,84654.78665639657,0.5518393551555558,0.15065368899748566,-8.1298504582163,4.2982035045119865e-16,3.561877763191774e-15,8.03220752133373e-16,1.0
RPGRIP1L,59137.79025802227,1.0224802628530978,0.2472498792197904,-1.7104202316489767,0.08718819245599885,0.17603207987984898,,0.0
KRT8P42,1994.433711931697,2.1522050868218754,0.7479388140503498,3.5096778347591453,0.00044864993003575074,0.0013034323839468875,0.00083840826491722,1.0
ZNF407,91060.19079515559,1.3065554822550571,0.13868913996127458,-1.3634930635555567,0.1727271690706461,0.31047257350875046,,0.0
XCL1,2848.136380400623,-1.6773622256042235,0.4133858555238314,-4.2655883432973045,1.993761010737762e-05,6.814516942993568e-05,3.725812928443005e-05,1.0
ARHGEF11,456368.20619099296,0.5268831112776319,0.12500327181248566,-9.841193964018878,7.48175923947584e-23,9.610887125876804e-22,1.3981432655071343e-22,1.0
ASAP3,292191.18524102966,1.5388407926590078,0.14353970720514517,-1.5833424758461996,0.1133434265209071,0.2206377492500868,,0.0
IKBIP,79282.88866215719,0.48679382318238273,0.18379413694061453,-5.411932139062332,6.234831854489612e-08,2.780190268005554e-07,1.1651254591205905e-07,1.0
ZNF641,106384.4148315416,0.5984745910072082,0.11887683733586575,-15.440019028695797,8.807428041659531e-54,5.001217945928713e-52,1.645875763806009e-53,1.0
ZNF705A,725.5926497536036,-0.3697272339977626,0.2964466991616501,-1.4097337687472817,0.15861830963039292,0.2900167190717429,,0.0
RN7SL336P,166.17170842879824,-2.625189798623284,0.5261319470359204,-5.398599681123897,6.71630482640795e-08,2.983338137129588e-07,1.255100045533303e-07,1.0
TFPT,122590.81121247172,0.8398172124968806,0.19078224753504647,-3.4198851198536215,0.0006264758594116661,0.0017857957042099802,0.0011707179766193327,1.0
HSP90AB1,5631513.2674044,2.1892118795571145,0.0620759160963373,-0.19580675290583666,0.844761424335867,0.9154788196500384,1.0,0.0
CACFD1,184170.34559000988,1.839251969995373,0.27587838691780503,1.3388317139282684,0.18062546391742706,0.32166266685509015,,0.0
LINC01634,1338.3531777982957,0.2249697258628296,0.7847955387479739,0.4681799274835519,0.6396559251812922,0.784994234029926,,0.0
SKA1,27765.9612518518,0.16784890766823174,0.5106701749779785,-2.6480259829581345,0.008096330223636143,0.020168176534152447,0.015129903563017879,1.0
NFAT5,485473.9295933562,1.8233965232095177,0.11889995796051649,-0.1794325822898254,0.8575980495542155,0.9235813477634515,,0.0
EEF1A1P16,156464.07393212707,2.688513468317075,0.16891791707317333,7.447026112318259,9.546772957127366e-14,6.66274084731361e-13,1.7840398080316175e-13,1.0
ZNF347,145319.32246990554,1.10241244214214,0.14592394645395934,-1.3942700322350692,0.16323607686915287,0.29726336593117964,0.30504512943723144,0.0
MASP2,18851.18828150978,-0.12369404756355559,0.34593929635861237,-1.2870296881236916,0.198083940564872,0.34428711339223145,,0.0
MLH3,145084.26414789393,1.8516598850091963,0.11764163907310302,-0.37816515645367277,0.7053079079251818,0.8304942820813916,,0.0
KRT16,213530.05008623935,1.4108105205889678,0.3733205752804762,-0.8399777007270084,0.40092088956433647,0.5840821239513089,,0.0
SRSF8,290264.3944621984,1.9066078540091198,0.11883984977321035,-0.9561765327302211,0.3389830539741674,0.5189639462956234,,0.0
NGEF,34923.30963993824,1.2842310690410976,0.36396121396490516,0.2250759746808094,0.8219201709048338,0.9033725605553519,,0.0
ABHD12B,13396.823787628517,2.0990114066803955,0.5057522480452846,2.449502870676505,0.014305356947005906,0.03403993745913739,0.026732935177333023,1.0
C19orf84,365.54379229287645,-2.6819578123804337,0.7156789331021951,-4.299863005998663,1.7090372233925474e-05,5.9019067071821416e-05,3.193739343789289e-05,1.0
SYT16,2365.6745397476675,-0.3440313408700707,0.6440019852013263,-0.858191918540622,0.3907864977410054,0.5755646935869181,,0.0
KCNH1-IT1,297.4512837752487,-0.4703355394988264,0.7088690426432459,-1.153648102025145,0.24864446899907033,0.41117831959897105,,0.0
CCDC134,12261.550088093461,-0.10278586197084673,0.2537676738471339,-0.07152264353716456,0.9429818037678477,0.9683976400058434,,0.0
RPL13AP20,114804.25025794559,2.020355580764546,0.2552746460637319,2.085002657695129,0.03706905928961737,0.08221663971159254,0.06927228469342483,0.0
NMT2,154979.9653647064,1.870491001741249,0.26946252472277615,1.1433897505728012,0.2528768060471587,0.4166255851690247,,0.0
PALB2,80600.21019787625,0.2673004058791785,0.16703858349474354,-9.073629672914574,1.1511686541348826e-19,1.1959230280066545e-18,2.1512302785011248e-19,1.0
USP34,2166617.681421516,3.1275208369822924,0.05435070158268698,12.122672202095764,8.01040364815913e-34,1.9621562269534892e-32,1.4969329480123851e-33,1.0
CYSTM1,161151.44222677615,0.25564317284010046,0.22437053451054245,-12.170440541078936,4.4666525128757684e-34,1.1049436934079314e-32,8.346994243395743e-34,1.0
TRMT6,88075.09952801766,1.5017357397723434,0.21039052684333812,-0.7768684091843836,0.43723641108645284,0.6163244982225683,0.8170794114431581,0.0
UIMC1,120279.41109406932,0.17013337153894323,0.16417706385080205,-13.858213476888558,1.1346319213773958e-43,4.295269478123369e-42,2.120327491070623e-43,1.0
NUP50-DT,36429.127213427724,1.524852078269639,0.19441254232285624,1.4259218312967934,0.15389090695959318,0.2831343380254371,,0.0
LENG8-AS1,15860.508089660045,-0.08735844888369626,0.2566529884883452,-0.12780652109301616,0.898302089304495,0.9448276835997371,1.0,0.0
CST9,70129.4729574334,1.4778142456503494,0.28146058393138024,-0.14652240007766557,0.8835090080399245,0.9365495361000217,1.0,0.0
HSPH1,671509.766136003,1.5751817106194632,0.3021203856252375,-0.5806929722807227,0.5614473990246478,0.7242004782979259,,0.0
RPS13P3,1428.440842449251,1.2753411032469213,0.21171046766947405,6.195121054877757,5.824025089678151e-10,3.066665265871625e-09,1.0883565210591518e-09,1.0
SNHG22,13396.166178730211,0.12619473058806316,0.6347818204118983,-1.7228087445198499,0.08492311691932038,0.1717364691403658,,0.0
PIGAP1,219.44333760226937,-0.20259983702268114,0.12427048349648356,-1.66108779172497,0.09669581599729349,0.19204649941910795,,0.0
PDE6D,78559.5332811304,1.211888250513136,0.21834652598747933,-1.2095080695327753,0.2264677127820518,0.3819301926331127,,0.0
CABLES1,246794.57511938317,1.7299105486655664,0.19442209681362152,1.2443534217201073,0.21336951763243128,0.3642663066652747,,0.0
B3GLCT,113647.57606955295,1.4272466259666339,0.287546417535702,0.335793649176307,0.73702647961268,0.852133576729422,,0.0
MX2,410713.87585236935,4.347710883633724,0.1937973961033334,3.821289590373218,0.00013275565193352295,0.00041127091922617124,0.00024808526279424616,1.0
LTF,1773546.5486298413,1.0839455976407832,0.3656567293222483,-1.683729893362656,0.09223388139293699,0.18428336878069018,,0.0
PNLIPRP3,6245.482195693529,-0.050855633666964994,0.2639674032473838,0.14278083553328433,0.886463273020311,0.9390499187634417,,0.0
BNC2,187473.86276965955,2.1956534563239813,0.3432565583145178,2.1092859311446324,0.03491990843219855,0.0778994564445072,0.06525608916817358,0.0
LRFN5,8983.12552395561,-0.9134960820831604,0.19181472563694388,-5.769936390761049,7.930146059316075e-09,3.821305675834371e-08,1.4819349236500533e-08,1.0
RNGTT,370321.87998634245,3.0744272190172777,0.12682098159116015,8.418899051479324,3.800386885012578e-17,3.3911666543585446e-16,7.101919694991716e-17,1.0
ZFHX2-AS1,100938.86968533523,0.6359296729357123,0.5480329150417163,-3.005440179354963,0.0026519675547944806,0.007048873335802138,0.004955827177003747,1.0
PTPRQ,22634.842207149162,2.7112196864566616,0.4150051776725127,4.047143992113355,5.184635020176709e-05,0.00016910979892834866,9.688713984974949e-05,1.0
RGS2,296950.4238381889,0.2774179428006006,0.13199566781608352,-12.08956758080107,1.1991620339101678e-33,2.894788735965753e-32,2.2409172339001903e-33,1.0
DBT,213550.03372367582,1.7694709440695187,0.43873360944807205,0.10656992888015894,0.9151301759683618,0.9543913831149688,,0.0
MROH9,327.7038152515758,-1.364641886495593,0.2436962150014017,-5.841247721786499,5.181129355824799e-09,2.5234018899665224e-08,9.682162823880523e-09,1.0
ARHGAP26,125241.361704543,0.6833660526750892,0.24918512488773176,-5.48846875480208,4.05432967084833e-08,1.8384287990226047e-07,7.576471714745365e-08,1.0
PRUNE1,240975.11540950913,0.7937060153460883,0.2978900888721787,-3.987473729536026,6.678059629724935e-05,0.00021543101336175274,0.0001247953028037977,1.0
SGO2,59328.7507729282,1.7231055691052413,0.3915274376591723,0.8940559302322334,0.37129196686222654,0.5544967000629247,,0.0
PIWIL2,18136.46717166964,-0.37435586300816626,0.2437197157518083,-1.5447818477202135,0.1223990394449079,0.2351510957732429,,0.0
PDIA6,4206972.908417459,2.969767043366812,0.059886856734300484,6.960536032269194,3.389804444902575e-12,2.1279965843188653e-11,6.334649518017266e-12,1.0
BNIP3P1,54677.390100329416,1.2707195675922998,0.26475452537088434,-0.2639960907114172,0.7917829310893294,0.8841353361561387,,0.0
ZNF518B,141679.27524269716,1.4069461614589913,0.21977619509506208,-1.243436921540348,0.21370687180340175,0.36471763606611973,,0.0
ARF3,1078884.135556379,1.2037501327667077,0.12516606637145464,-4.4943933088516586,6.9768572468776364e-06,2.520850011760488e-05,1.303790413711576e-05,1.0
RPL32P3,56660.278967695915,1.394792300314359,0.6024066138301377,-0.016921579288916713,0.986499177447954,0.991658899558927,,0.0
S100A12,4427.488417365432,-1.1807671340601797,0.261225151169881,-4.865238641624053,1.1431878655602276e-06,4.501583738537792e-06,2.1363162917742924e-06,1.0
ZNF474,1698.5037108062656,0.05665160808887574,0.1681701769884015,0.29489352943552255,0.7680752150306822,0.86867448035526,,0.0
GNL1,821082.7098642902,1.687890851619792,0.14857418407706116,-0.1736849484982914,0.8621130670891753,0.9264188121711063,1.0,0.0
ACTBP7,6324.395043254636,0.4639215957706591,0.3230485394058198,1.365075025559167,0.17222947061138527,0.3097399483018817,,0.0
NME9,7672.950008047572,0.42350495031521374,0.4329641342077098,-0.16750675426061196,0.8669713334830157,0.9279981582822017,1.0,0.0
SPAAR,129164.30083112989,2.8962416645541404,0.2577154125015479,5.081790279329977,3.7389409035109715e-07,1.547637532763426e-06,6.987093378774991e-07,1.0
CEND1,1401.801468531693,-0.09502117263511195,0.12242580716794334,-0.6494575996716362,0.516042643991286,0.6883782947208905,,0.0
LINS1,63344.728658435444,0.2930354496591642,0.5411531633107594,-3.6505708597735893,0.0002616581077920509,0.0007843464694882293,0.0004889699194603135,1.0
ALDH1L1,1047742.1732025951,4.017541213447845,0.1654101272688066,3.329647528951424,0.0008695598450046057,0.002438378532821557,0.001624977765702324,1.0
KRT18P41,312.01705059861035,1.4328251080283745,0.230711100116439,6.44743607521524,1.1375812684314933e-10,6.309667232705334e-10,2.125839042016519e-10,1.0
ARRDC1,309969.8380916243,1.59456511463246,0.3283232872857649,-0.2714067381645418,0.7860782201701846,0.8817133257442004,,0.0
NUP210,1078982.6274784883,3.0311523074406304,0.18731825378071168,2.4897876743951306,0.012781943010875917,0.030722159319551207,0.02388607674844688,1.0
ZNF603P,312.7927792024948,-0.006726543458736544,0.17455289110268887,-0.039167401455164036,0.9687569235538945,0.9823344714940009,1.0,0.0
HSD17B4,641731.2424245672,1.8156533058936408,0.19034421342029148,0.2674591115470083,0.7891156920066466,0.882626323304361,,0.0
AVPI1,102221.78847404623,1.7592817587613014,0.2708890202854041,0.8756256662655135,0.38123356762642857,0.56545685290272,,0.0
FBLN1,2861746.936916053,2.0187985321448556,0.11325790690859755,0.6744712455041202,0.5000117607885739,0.6760169828626904,,0.0
BTLA,877.8627807609467,1.4677959180481317,0.1017966808126554,-11.41706919472405,3.436273415208958e-30,6.60425317530737e-29,6.421487754599537e-30,1.0
LINC02005,1719.0712193798342,0.1292118023381787,0.2379769400242474,0.5287018020424152,0.597012326913452,0.7548427910241696,,0.0
RAB22A,312010.87010187487,0.43021944732930667,0.1448715808018222,-9.684228875720711,3.518536441546888e-22,4.288323560587756e-21,6.575215631417277e-22,1.0
RFNG,300164.3572345913,0.8674542738418356,0.18921808042064303,-4.4533589342932345,8.453725669501011e-06,3.0303634986009006e-05,1.5797781290387642e-05,1.0
CFAP300,13577.730691628549,0.06293825562644667,0.3455526806084572,0.06296972857889811,0.9497906095608694,0.971566770926441,,0.0
SMPD3,74903.95359991692,1.9099609947185887,0.23913947816106393,2.545587182211401,0.010909411808754398,0.026501862327829716,0.02038681032473662,1.0
NR2F1-AS1,40428.21718119619,0.9532342862451617,0.33518190122744124,-1.2358733821634154,0.2165056325569119,0.3686751839310851,,0.0
FUT8,228505.26748548896,1.4106563473752498,0.35351116816468164,-0.8013149434784428,0.42294934192861866,0.6040233957180073,,0.0
RASGRF2-AS1,2425.1889623724737,-0.0008415451582012432,0.3129088437101001,-0.056130103835680026,0.9552381623420231,0.9747447615321808,,0.0
TIGD2,71387.90108857342,1.5114870579705415,0.22345544996012143,0.8576832601931481,0.391067385950452,0.5757701024143808,,0.0
TBC1D24,166714.96174523226,0.7792891517544339,0.29660036309354537,-4.034436722981555,5.4733436803140505e-05,0.00017794598809713278,0.00010228234244775358,1.0
KLHL32,4906.144297278758,1.2871257046998097,0.2113500468778903,6.369375756097821,1.8979909702624085e-10,1.0331438865360844e-09,3.546844008377433e-10,1.0
SNRPG,77829.47707968642,-0.20501848562046743,0.28401163437143995,-11.585410875145861,4.886180428918499e-31,9.805720322612746e-30,9.130981153068712e-31,1.0
TMEM259,954133.0874547216,2.1733476255041846,0.09537296837423247,1.0801629091269644,0.28006964198510376,0.4491170948283517,,0.0
EFTUD2,569777.7281500313,1.93871153930337,0.22482696146289144,0.7212885529024369,0.47073199841923896,0.6499203415626992,,0.0
RBX1P2,744.5929154956372,0.06657653008421335,0.2696509668178151,0.26029088929740973,0.79463939975601,0.8865826828645984,,0.0
NDUFB9,744489.4500037071,1.0503104073383178,0.19981207268259782,-3.1729425567932124,0.0015090237795786833,0.004136364139635041,0.0028199670256375017,1.0
GABBR1,907702.4653062379,1.6424020732039182,0.09288111709741971,-0.20938994072442585,0.8341438448609559,0.9102286539617129,1.0,0.0
NAT10,804912.9082191847,2.5236354518379684,0.12688951499882162,5.193655182134727,2.062049077673926e-07,8.761955137020926e-07,3.853425295862606e-07,1.0
REX1BD,519907.3725137623,3.1205303516682155,0.16477282177121957,7.2448575449172505,4.328939612679684e-13,2.872737217073092e-12,8.089645192430958e-13,1.0
CHRM5,2105.0734324757555,0.8238166052233374,0.410072709856426,2.2797066931725802,0.02262509007917755,0.052268874306819334,0.04228031979268894,1.0
C1QC,473267.410994743,2.338079352737502,0.09648034362695468,-1.1361023532744077,0.25591373027569053,0.42051986523762763,,0.0
VAC14-AS1,4912.806218109746,0.9258781198105405,0.7354872070876793,2.033791822805262,0.04197258935361685,0.09215159446398216,,0.0
LINC01398,160.55541814805778,-0.24404069576638543,0.21621546125719387,-1.1950864956041574,0.2320532376438954,0.38885648172587034,,0.0
GGNBP1,6700.670427633793,-0.30193409078574596,0.3749484571984754,-2.0138165846617557,0.04402879383891074,0.09615903969101268,,0.0
RFX8,16848.880496781592,0.958827670902941,0.562674228885983,0.15480539774380386,0.8769747357295733,0.9323920754129101,,0.0
CPA4,23061.639312150357,-1.0085832043894436,0.11396043304356104,-9.400614347012704,5.424540583053752e-21,6.188682487104931e-20,1.01370341411816e-20,1.0
CCDC93,238203.09957889476,1.591530647519589,0.1433522569703099,-0.7269796420909809,0.46723842693363693,0.6469355553858087,,0.0
DHX9,1012734.4664327785,0.9163491170622075,0.12989688124159135,-4.897765554123672,9.693258818342202e-07,3.8472767526017465e-06,1.8114141479153323e-06,1.0
CENPL,44210.678514206615,0.4719507864042521,0.48533245846679246,-3.3749240010658372,0.0007383607819051531,0.0020856918186433295,0.0013798013564622477,1.0
NRXN1,30095.57805891145,2.0925736768449164,0.16591805407445917,7.3060939729159395,2.750198686460089e-13,1.8471428543334766e-12,5.139395226716927e-13,1.0
RPS3A,1490982.0151597033,1.8426149735990158,0.10274832035404326,-0.41885206772445654,0.6753242493228813,0.810136794110019,,0.0
CIAO2B,204692.8814021804,1.552973553727809,0.1583202566976758,-0.8447033418514904,0.3982764931523475,0.5819262094392632,,0.0
THG1L,45399.94235665758,-0.2039332201357009,0.6061776530038437,-4.9912130722604005,6.000126375161241e-07,2.4336551539513573e-06,1.1212652018205206e-06,1.0
MAG,7301.578532156028,1.6574495676847414,0.5148809840943549,1.6270084435659067,0.10373530451826674,0.20432215872202558,0.19385389554142815,0.0
FAM217A,962.9543153875718,-1.4714854010640828,0.27788592430511955,-5.690545578477571,1.26634103637946e-08,5.941695923744752e-08,2.3664570526507712e-08,1.0
YBX3,135251.5833363029,1.712755904445801,0.05606209799349427,-1.3820421119506539,0.1669587711199063,0.3028286676174853,,0.0
LINC01267,455.74452054573766,0.6695695352523052,0.15503844297510025,4.455963830110124,8.351711349163205e-06,2.995944121447849e-05,1.560714345989848e-05,1.0
ZNF225,96408.0604890854,2.6587929859217265,0.16031174916152247,10.015259255596176,1.3061899434606874e-23,1.759307586919961e-22,2.4409241389203644e-23,1.0
SCYL3,134781.96124045836,0.6545584291426139,0.29978828060919266,-4.395824782082124,1.1035292633774897e-05,3.9136520433621836e-05,2.0622048351149273e-05,1.0
HYDIN,13258.572218077636,1.4434629261838328,0.5169915793589055,0.7683307052036326,0.4422907370455028,0.6222176197598014,,0.0
ENHO,62891.42351594998,2.4777392927048827,0.14482069206633724,9.077199232110985,1.114045644565652e-19,1.1597679345613673e-18,2.0818571749792684e-19,1.0
RAB11A,903303.7290253269,2.128559353339928,0.09063081306448027,-2.3035578125096903,0.02124747834093202,0.04924566292654791,0.03970592717637894,1.0
SLC25A32,190582.56783168417,0.6799871872195893,0.2173580880877031,-5.329649497759875,9.840249068759842e-08,4.294473763894579e-07,1.8388827448239688e-07,1.0
FRRS1,27072.168612230504,0.06856380357099069,0.16024456577989865,-1.0626507559805192,0.28794036039020643,0.45866687308570653,,0.0
NADK2,195087.87790167434,0.6276306683480457,0.20679382868043847,-5.952622778431668,2.638790338517976e-09,1.3107390975720006e-08,4.931202438883443e-09,1.0
RFC3,99332.2459483759,1.2934929735421699,0.4184336963637444,-0.9622048403760413,0.3359467181868474,0.5162701932261423,,0.0
F7,4698.535150600793,2.3094944273860185,0.2995936297600209,5.430745483707319,5.611912395153458e-08,2.5127890894786583e-07,1.0487182587352965e-07,1.0
LINC02287,235.81179793053587,-0.4775622263644911,0.4217153228381097,-1.3891745946487049,0.1647796650757566,0.29952855088525127,,0.0
DLGAP1,25473.36203056291,1.0235059891095701,0.25879052592851426,-1.3425040783433786,0.17943260890837454,0.3203137766583697,,0.0
PPARA,132298.07253151987,1.4622504333144533,0.3181702913658443,-0.6946741339211119,0.48725954157874385,0.6645034075229268,,0.0
HAND2,35769.90822676441,1.0603789929428122,0.3423945517903465,-0.6165403320902741,0.5375379613687709,0.7043120527619631,,0.0
METRN,156055.99483103008,0.820842579220737,0.42030963594401477,-2.807988658773822,0.004985198242812214,0.012735703281867398,0.009316019304163288,1.0
IGLON5,19010.538617152117,2.421860419391409,0.30112072987260036,5.204347498733402,1.946794174119626e-07,8.300452634876938e-07,3.6380443111726895e-07,1.0
GALNT12,50997.93434050988,1.3012213050439267,0.4523372113176363,-0.34119053575842834,0.7329601476602461,0.8493974623975532,,0.0
FADS2,1506546.1020945725,2.574014513937836,0.06639697085543703,6.236959521981203,4.4615737445398426e-10,2.3742794463754625e-09,8.337503366292293e-10,1.0
POLR1G,335260.39412397344,2.364375860811773,0.174619793422419,3.0347229084334466,0.002407567691792219,0.006443822043859517,0.004499108360465864,1.0
ABHD5,169792.27210616198,1.3868121045819675,0.48686462788588936,-0.7453070600557969,0.45608611407766286,0.6355444261143561,,0.0
GDI2P1,737.1623938747113,-0.11721642769019602,0.3238631443244577,-0.3778398444457428,0.705549572435809,0.8304942820813916,1.0,0.0
PRKCB,35623.506989468835,-0.9012122744227594,0.10992935015403893,-12.34689553187209,5.062761813147566e-35,1.3176364989738746e-33,9.460965138481072e-35,1.0
TUBGCP4,291634.2863100817,1.8520586650909396,0.18556120840323184,1.694040071224518,0.09025766884334788,0.1809861842737598,,0.0
GPATCH2,137965.75212342487,0.8549887065729936,0.2329709888306098,-3.621446229088239,0.0002929607012191932,0.0008739848501446618,0.0005474662019417758,1.0
DKK3,361340.547819102,1.758800031831625,0.17071588953578806,0.8697394507054543,0.3844428076324298,0.5687274574684131,,0.0
LMF1,118285.82512722377,0.36399268409136415,0.18423325980879995,-7.128758006639832,1.0127861227846606e-12,6.538620485213113e-12,1.892629863707909e-12,1.0
BTF3P2,20416.62602907036,2.2649420559824294,0.22997721770805576,6.099822335960028,1.061864229089233e-09,5.475888083342515e-09,1.9843438865964462e-09,1.0
ZKSCAN2,50556.89798090002,1.0292855764319804,0.9553667045163455,0.4337674625611935,0.6644573115846498,0.8020865647481439,,0.0
GP9,192.660439493983,-0.13706634009384874,0.17355714516087278,-0.8280742449547017,0.4076284542531301,0.5897276739730433,0.7617499573309241,0.0
ARMC2,16908.029976598766,-1.550106249490396,0.16187167076715783,-8.671629861959715,4.2597843197122104e-18,4.023845415047621e-17,7.960412208527268e-18,1.0
PURB,922813.7635608179,1.9450387780195013,0.11970801973830597,0.7444551715986678,0.4566011518770985,0.6360847382018013,0.8532669992258269,0.0
LMOD3,2926.916410938431,0.059338379009057814,0.11426499634728893,0.22472502536734143,0.822193195076452,0.9033725605553519,,0.0
HECTD1,566293.7911709428,0.8182948216293335,0.1160386960093578,-14.955447930053234,1.4351282254640658e-50,7.171335742643936e-49,2.681875745192198e-50,1.0
TFIP11,246886.88338467627,1.8499747676369314,0.30355694624711743,0.3328130939403062,0.7392753736365425,0.8528374724573373,,0.0
COL6A2,8695408.387913493,1.327322663869694,0.055481442045261474,-1.5849984231408154,0.11296669253872504,0.22007585287173842,,0.0
CASP1P2,1082.7084618790163,-0.19209111642118787,0.11843816717329742,-1.6644980183707683,0.0960129467426944,0.1908419629567398,,0.0
KLHL18,115761.33171007126,1.1134146732641685,0.3946024828597371,-1.1833209838510872,0.2366819595705818,0.394496248156837,,0.0
FOXC2-AS1,2090.8864765304306,0.17679353983277468,0.6436525314766817,0.3934348763810327,0.6939983146315811,0.8231449271811087,,0.0
RPPH1,337885.4650484713,0.8737558912994084,0.1730957408262116,-6.817628563472301,9.255556605930658e-12,5.654036229808741e-11,1.7296191608016265e-11,1.0
LINC01176,6352.930769575626,-0.11685669735879473,0.4544367870162186,-0.6627860010482849,0.5074676205756126,0.6818541812359064,,0.0
SLC52A1,7689.306942788404,-0.15922292547327946,0.2862920308830496,-0.6966533386613819,0.4860197668858516,0.663722710193047,,0.0
SNORA70,26526.234130577905,1.1904871076579837,0.5125743284698127,0.13066248862575025,0.896042307615396,0.943644755983249,,0.0
DNAJB12P1,221.26726890931633,-1.067629974471405,0.5406050560547079,-2.4827280992216885,0.013038056438260883,0.031307625190768684,0.024364685124154687,1.0
CBLN1,21347.812636795374,-0.24643103676344946,0.24851592782432436,-1.5559719903171383,0.11971475298845032,0.2311493897539746,,0.0
GGN,315.6886342816988,-0.24992028386614637,0.07736323389414142,-0.45508066412873166,0.6490512081597182,0.7914370149277968,,0.0
IL22RA2,4791.925217564118,0.8004415655072556,0.21776170365250513,3.9449714484833605,7.980948741060367e-05,0.00025581014021217865,0.00014914286035556715,1.0
RBM7P1,22089.20972047344,3.198648259499799,0.665458658768961,3.24017822711744,0.0011945500939438483,0.0033143624760896225,0.002232298735765673,1.0
OSBPL10-AS1,367.87408133168753,-0.03336666679867939,0.21337468769237405,-0.18921492616474003,0.8499243695847866,0.9178919447068025,,0.0
CHST11,139918.7953404632,1.594273436524778,0.24660689039746683,1.0126441570149407,0.31123016016565974,0.48650751748351634,,0.0
GAPDHP61,9247.5236707006,0.043349365169954746,0.3507970991435688,0.4668784658108958,0.6405868328450821,0.7857173303207844,,0.0
KCNK6,343462.3505215616,1.6150555314476895,0.2674149968314348,-0.30061463396007,0.7637083710658985,0.8659520604076004,,0.0
ZIM2,20184.386666129627,0.9728768632184419,0.3730246352759266,-0.38634082513859597,0.6992442689882082,0.8262292769293158,1.0,0.0
PCDHA1,40779.352909646754,-1.9984049487337803,0.13976095601561184,-19.552871540637664,3.899420271241093e-85,7.216815961256201e-83,7.286986946668565e-85,1.0
TADA2B,211453.8467680596,1.9976820628830168,0.11507713029992402,-1.6058826122529535,0.10829970461471543,0.21197556755179514,,0.0
TBCCD1,66167.54345503477,1.0402320498578,0.38021696008766986,-1.2878721993392386,0.19779045434858888,0.34389662504519786,0.369618137763612,0.0
SMIM3,354418.46328799677,0.7895595681863459,0.42484580789390586,-3.4856818622324526,0.0004908844234714864,0.001420352903350908,0.0009173333822314949,1.0
ZNRF3-AS1,239.38046695847797,-0.10534101267820178,0.44132649119532263,-0.31366574856482304,0.7537749174710378,0.8605467814948082,,0.0
RN7SL431P,577.2480188246534,1.2080235786258284,0.13340536071839013,9.153880599597475,5.492426846918872e-20,5.851952442228913e-19,1.0263895644747046e-19,1.0
UBE2G1,373836.0461353079,1.8008395926992273,0.2758318923459945,0.34042661323189033,0.7335352797654608,0.8496698639286063,,0.0
RCVRN,1329.9429150761375,0.03251281741789108,0.49717197974783967,0.10333214800460536,0.9176993617579483,0.9554334266465556,,0.0
FAM81B,1837.1886644162016,-0.19021242748510309,0.18809880568791348,-0.8799440124961532,0.3788896402959111,0.5629829118521165,,0.0
PDAP1,1031759.982320993,1.8092374802062532,0.10437099859593135,0.6773853094859311,0.49816151664246033,0.6744087482636266,0.9309323480412768,0.0
ANKEF1,13453.516675283016,1.0709212563230348,0.19976426394646343,-1.950221369391256,0.05114973984985062,0.11007547374233573,,0.0
LINC02065,208.6951240160332,-0.21208221705060634,0.20428858389398571,-1.1108440651574905,0.26663547540851495,0.43273058480556975,,0.0
ERCC4,62004.41736702128,5.471056963424918,0.2745145838528878,13.648321795957639,2.0658131228859122e-42,7.218788933609024e-41,3.860459302565783e-42,1.0
APLF,66148.19065515033,2.616746050883834,0.1053946017424981,18.969972385756233,3.0206522548016247e-80,4.573999793104157e-78,5.644801539732132e-80,1.0
CSNK2A2,410935.9356440616,1.7543286273682208,0.12668284106954356,-0.31544989164554693,0.7524200909059511,0.859763487774262,,0.0
SLC25A35,167200.15695784285,1.5156555243569498,0.15125366578839008,-0.13315800422725377,0.8940684227819428,0.9427498431882327,,0.0
TRIAP1,325432.4422408269,2.286983187197291,0.216576417001357,2.033287237542485,0.04202351180937272,0.09222287593826767,0.0785308483588016,0.0
HSP90AB4P,644.7036514525917,0.28836947688140757,0.46593735604304726,0.7999066878584034,0.4237648626630579,0.6050151482078001,,0.0
RN7SKP16,2381.379725555384,0.23158075391352717,0.20205794349450942,1.2141722283841965,0.22468196311916022,0.3796874432554764,,0.0
UFC1,437278.93076882465,1.0459995208228328,0.2100107641841009,-3.45095488337843,0.0005586069413865439,0.0016005498200163761,0.001043888887849125,1.0
ACOT6,2298.248966338933,0.013231201267750273,0.1543696880531722,0.2203542850837979,0.825595245575377,0.9055995534373199,,0.0
ATP6V0E1,3282227.0322521343,3.5967562447522132,0.04205907764959622,16.54296204121345,1.7995214467371702e-61,1.4273347094199428e-59,3.3628304672197606e-61,1.0
ZMYM4,480095.6689180246,1.8118584264510644,0.22194891367379208,0.37562992618970215,0.7071920394893824,0.8309049191931446,,0.0
MS4A2,11675.333940896471,-1.6354223986375973,0.15214907395897773,-11.310221142868887,1.1679478384159516e-29,2.1696042187972156e-28,2.1825861438161965e-29,1.0
UTP4,212915.53901475278,1.5684342687984287,0.16562263236011818,-0.8819343149240432,0.37781232909689,0.5624409625677967,,0.0
OSTM1,132891.69757784085,0.704133667819946,0.305553826250988,-5.168718127777329,2.3570507687575289e-07,9.95619838671291e-07,4.4047055689907897e-07,1.0
MEF2C-AS1,6984.464071961486,0.12614760953404958,0.4685912202297882,-0.07749831104001197,0.938227134829458,0.9650722504616719,,0.0
KRTAP5-AS1,10270.90179506483,0.9105391500449768,0.6918934621424774,-0.1254977637410401,0.9001294953195212,0.9461394800403129,,0.0
ADIPOR1P2,389.3280666240606,0.020530004133622163,0.13152645951379616,0.14450107912406057,0.8851048043771932,0.9380421436845885,,0.0
ZNF512,71329.91968795362,2.096636861897958,0.19413559955016146,4.332223142171357,1.4761122249414955e-05,5.1294386564900235e-05,2.7584640194587337e-05,1.0
ENPP7,56.164483949271926,-0.8181225470814837,0.04745561787543862,-0.6524929669795031,0.5140832084206772,0.6866810458375099,,0.0
PPEF2,1272.5919667095914,0.9344037854649977,0.2820892082837093,3.522229695378667,0.00042793319182681243,0.0012490549997421624,0.0007996941509194398,1.0
DNA2,31385.020784817036,-2.8039588026679567,0.19507995591112245,-12.86145381873425,7.41684435093407e-38,2.1547657686986945e-36,1.3860123867471034e-37,1.0
DNAJC27-AS1,6686.744302719043,-1.7454939475558218,0.6435196730019653,-3.6855639366405626,0.000228196783187042,0.0006919292024184763,0.000426439538364117,1.0
ASTN1,15180.84638771087,-1.3848758563264907,0.10710764576439807,-12.288443584007233,1.0449861478402702e-34,2.664181520794811e-33,1.9528032089595475e-34,1.0
PTPN9,36481.255352756656,3.5825992596046357,0.10473596651171929,-2.840237654733094,0.00450799355399567,0.01156982218249428,0.008424249734224518,1.0
TEX15,1458.6425504199585,-0.4099177613128895,0.5710674525493256,-1.050822668522435,0.2933400425048408,0.4654875174330548,,0.0
RNA5SP334,4192.717755562297,-1.8558395670728112,0.18004504674533323,-10.833150648916893,2.39760914705562e-27,4.00697421666787e-26,4.48049846964732e-27,1.0
MAPRE2,231076.2440597127,1.9738605865316645,0.15436027944718742,2.0670857312763506,0.038726076369976034,0.08551224198885118,,0.0
NSF,751056.5345849432,3.0429785043738433,0.13001499412608492,7.720104931201937,1.1623397726535806e-14,8.694927910104704e-14,2.172106149569911e-14,1.0
HOXC8,73425.6292032648,2.168391983850214,0.21637549936775918,4.672348155834334,2.9777564624449218e-06,1.127261291124036e-05,5.564640629333312e-06,1.0
SEPHS1,329152.3231765177,0.40118414455946616,0.1466839671938601,-9.599266954114114,8.051499613440376e-22,9.625201810612814e-21,1.5046126988916067e-21,1.0
NDUFAF2,132916.97308727293,2.1527519958961463,0.17825919563372536,4.234012117317532,2.295585669068919e-05,7.787536719848872e-05,4.2898435259302127e-05,1.0
PCDHGA7,1264687.3516338486,2.6542911341099003,0.0967724621304825,6.652627794236338,2.8790564064872942e-11,1.670922748341116e-10,5.3801962839255833e-11,1.0
SPIRE1,639510.8853828863,3.179669313142765,0.14197079783112518,8.033815487989687,9.448725910051329e-16,7.664818729306248e-15,1.7657174036098162e-15,1.0
ZNF391,47436.29658951087,1.2974056446972393,0.3023573444564607,-0.3644861724947176,0.7154949974815206,0.8373134666077654,1.0,0.0
RANBP17,21694.60275433638,-1.5976176931396098,0.4370627574401696,-5.881457509006242,4.066693538271188e-09,1.994236271907863e-08,7.599576518601766e-09,1.0
WNT4,33861.530346345,0.8170516612740311,0.32916055075456613,-1.4817921700257275,0.13839560315193025,0.26037757114088683,,0.0
SUCLA2P3,4238.588227224766,3.2391693831413297,0.8882571037106625,3.331434685708639,0.0008639957230693579,0.002424136231430422,0.0016145798908667095,1.0
IFNE,881.5022311118759,1.4122582596271707,0.13880659567670975,10.29403316496258,7.4968893096987045e-25,1.0953788269170885e-23,1.4009706761617214e-24,1.0
BMS1,573549.4805703873,2.5031246022904727,0.17474491865523997,3.7267981922466866,0.0001939276083277787,0.0005919708361722115,0.0003623994984345214,1.0
KRT8P33,36315.83509850091,0.8295127123428332,0.2850458483931027,-1.4832056315916002,0.13801978543229843,0.25986618982863424,,0.0
EFCAB11,38038.31550840991,0.9895255494753807,0.4727177713183586,-0.9488758516372608,0.34268375775391535,0.5230276160793463,,0.0
MTATP6P26,405.98287095589507,0.09391227314617309,0.22733082869006926,0.3968724640865457,0.6914615106917521,0.8211576474232728,,0.0
PLCB2,94862.66067934883,1.361716393500062,0.28952607764743454,-0.8029619270219578,0.42199674076419,0.6030076390044774,,0.0
HDAC1P2,837.2054509306203,0.5852816865471772,0.29583283344373645,2.160621378344861,0.030724598633602992,0.06928286072748834,,0.0
MFRP,202125.2852081308,1.3622411159908512,0.4128124522936374,-0.7965893115764676,0.4256895869702497,0.606896110154162,,0.0
UNC13A,24531.26420255092,1.9920220088165603,0.315551276875352,2.877089849995591,0.004013612953107961,0.010386340718115216,0.00750038291947662,1.0
CELF6,57697.47760836078,1.5775350491197087,0.35802954407568033,0.5487382276647119,0.583185107848788,0.7451229823370987,,0.0
PEAR1,322981.0294718157,0.7421637288444131,0.3131706666460917,-4.579291328465351,4.6655398673803715e-06,1.7117256033259703e-05,8.71866219794305e-06,1.0
CCNB2,109694.84425673392,2.0642580117007006,0.5085044552368978,0.9320800313247543,0.3512951669522053,0.5314628971420435,,0.0
ALLC,1217.350258334552,1.5456282484863497,0.5089262596863583,3.53886822522251,0.00040184639630347986,0.0011777281186677354,0.0007509448176247155,1.0
FAM78B-AS1,111.75518732994524,-1.7833235228435833,0.7078648909000198,-3.1776123285831437,0.0014849315596721392,0.004072559277542086,0.0027749450275548542,1.0
NXNL1,5659.103739444201,1.3527291985280723,0.14430476899631114,9.712689798702227,2.6621731153981497e-22,3.2605095729520967e-21,4.974898675259744e-22,1.0
AAMP,655958.6985619006,1.3932971140404882,0.2620260696564965,-1.4746984079028564,0.1402936443174851,0.26345087695713476,,0.0
TMEM246-AS1,530.6639003308812,-0.45531604386464974,0.21742131186695698,-2.274431303320615,0.022940067120038952,0.052947582170362426,0.042868928720581394,1.0
NBEAL2,567774.3543835001,1.7639649153005657,0.16155331753592828,0.26613180443152284,0.7901377015559512,0.8834902874636581,,0.0
TNK1,104811.93700507379,0.5388618530061567,0.6436362953655375,-2.877763166114784,0.0040050569593122545,0.010369569754240072,0.007484394026059587,1.0
NTSR2,1510.241114787626,-2.227139954250139,0.26965682867311447,-8.509232916872778,1.750878063935902e-17,1.60534636430967e-16,3.271928827781489e-17,1.0
SEPTIN4,316032.8218057513,1.7570689608014867,0.13017537693640802,2.024952566931208,0.042872235055670144,0.09396164849701041,0.08011688802288096,0.0
OGFOD3,256724.42934116255,1.7000262703747768,0.290720996230938,-0.10698301180264336,0.9148024570166103,0.9543356738438418,,0.0
ATP5POP1,198.49599123595888,-0.15958928881544573,0.11719967723923141,-1.3734518790268286,0.1696119111843507,0.3063067293777378,,0.0
CTDSP2,4281763.639447257,3.080022961514824,0.061942774012471724,6.779430324607709,1.2065066576979146e-11,7.264413566836139e-11,2.2546423966030212e-11,1.0
TP53INP2,280765.19238955854,0.7662827297602648,0.2137860301468586,-5.167101993904201,2.377515371464903e-07,1.003415904663017e-06,4.4429485083059535e-07,1.0
GNA15,63264.335904901076,1.0551873592496983,0.23592060057149503,-1.5746619634916275,0.11533449194544032,0.22380464664213096,,0.0
RFTN2,24397.110506292716,-1.3878000914245843,0.17128146351129403,-9.111662007977854,8.112945379606091e-20,8.516888248296561e-19,1.5160952902726865e-19,1.0
SETP14,249361.6212383948,1.1898531543214752,0.18176396498674383,-2.212574776041161,0.02692697564208833,0.061552652005267786,,0.0
EDEM3,476455.9582141744,1.062529360846311,0.23997653708158512,-2.8961168890018283,0.0037781164427581385,0.009843194924120134,0.00706030211834795,1.0
CLEC4E,30421.13443563176,2.1377240350374875,0.2814510971243676,4.794841291307633,1.628036710032689e-06,6.335902990680177e-06,3.042370770393922e-06,1.0
PAICS,478277.1943143716,0.9139987621172694,0.3548568802237482,-3.5440562447167285,0.000394021178944714,0.0011554717319170987,0.0007363215524258548,1.0
KNDC1,16288.320215259557,-0.3767320144123406,0.2413390437841,-1.3596989818987246,0.17392520044572202,0.31195413733929395,,0.0
ALG5,187041.94170626262,1.565043557542654,0.2312922155435064,0.3847739470613694,0.7004049030550549,0.8268186393966712,,0.0
CCDC13-AS1,2216.850906531164,0.019598905410463142,0.22448419320567561,0.08711339892547461,0.9305813750731532,0.9598535407391015,,0.0
TPCN1,586293.3212954443,1.6881324616055084,0.11472838216347261,-1.9829587360503327,0.04737203892347646,0.10260861660191238,,0.0
RNF32,43705.12207003946,2.2707467064765052,0.30665327173802487,4.13972490285352,3.477225532544344e-05,0.00011576079937457752,6.49801644956024e-05,1.0
AS3MT,59766.735348181144,1.2827348002463277,0.29364514390776225,-0.5083332173128109,0.6112196785879828,0.7652880816597719,,0.0
GRTP1-AS1,4502.310000696247,-2.351319420108437,0.17938046825901108,-13.883807437121082,7.941108394447736e-44,3.029138828019491e-42,1.4839834946542757e-43,1.0
LIN54,111746.58241811395,1.3592697300533791,0.4382143106397462,-0.8019812026516612,0.4225638317609083,0.6036453594366091,,0.0
VSNL1,21045.68804435071,-1.84864658952055,0.2149009826183631,-7.884524643613926,3.1573509680295573e-15,2.4652004355068278e-14,5.900255343023073e-15,1.0
FICD,122286.52020008447,2.5054307961515487,0.1405628600446182,9.960889105911903,2.2603214435658042e-23,2.995975133553932e-22,4.223943999064444e-23,1.0
AUH,67984.90908299333,1.4163273852923812,0.2280793988334719,0.38396103973197104,0.7010073240668226,0.827334340661765,,0.0
ENGASE,294448.2044674768,0.5799592198691498,0.1831814904417116,-6.7438207521648135,1.542748508623324e-11,9.210411347181303e-11,2.882989640086294e-11,1.0
BCAR3-AS1,8824.556608017965,1.1496081054277292,0.8902094118746238,0.4612597309297681,0.644612272273345,0.78929858479537,,0.0
LRRC38,1474.7390084435306,-0.16158548559176467,0.2902038112570731,-0.6562353794214875,0.5116726883539982,0.6849259104486817,,0.0
CDK2AP1,623040.2639193321,1.0823536750502243,0.12479269737620054,-6.289412451624644,3.18669762631082e-10,1.7140934379628815e-09,5.955096499130579e-10,1.0
TTC28-AS1,89887.18476525656,1.170191000097608,0.1865131273401036,-1.342374394575929,0.17947463270419595,0.3203137766583697,,0.0
GMDS-DT,20573.74954818319,0.17459586576850616,0.4490127852698314,-3.8615033960312095,0.00011269144561248019,0.00035261061598344616,0.00021059055861090634,1.0
SLAMF7,68105.24230175432,-0.33712826166641485,0.11692802905273575,-12.723674017108252,4.368274707050701e-37,1.233235520402958e-35,8.163152098404022e-37,1.0
MED22,245068.72005869765,1.556570268496455,0.2139084473890016,-0.003872194634068447,0.9969104434058009,0.9983089149696969,,0.0
TMCO1,496099.4940288033,0.7379801128725878,0.1543115018549907,-6.31375177372484,2.723506608205144e-10,1.4696935768035751e-09,5.089514779805948e-10,1.0
DISC1,48007.457700122075,0.6543145239232565,0.500486475407928,-2.549133890722194,0.010799083124928551,0.026272160844823745,0.02018063514407927,1.0
FLRT3,35652.97153360137,0.7993490899219952,0.30113017682496196,-2.379650366178989,0.017329071373008008,0.040692372956259874,,0.0
PAX6,12538.013634001903,-2.0040266338367134,0.3105378370254288,-8.391477123316287,4.800717622499105e-17,4.2534017658914944e-16,8.971273732097243e-17,1.0
FAM86JP,62771.8613812414,2.936292511159969,0.21025017725694373,9.382357853601414,6.451360154342988e-21,7.277076002539934e-20,1.2055888814978276e-20,1.0
PUS10,36174.101347458454,0.09190521842613833,0.508585070442074,-3.450181819566393,0.000560209112317091,0.0016033017951022357,0.0010468829223068451,1.0
LINC02572,280.57408624874745,0.11003492512693872,0.17450530333051778,0.6476844381961242,0.5171890713771703,0.6893555053805602,,0.0
BMPR1AP1,7860.81091095616,1.0660033543713345,0.02532025737392369,-0.7554151357900494,0.4499999343614016,0.6293449963626991,,0.0
RN7SL449P,201.1391157013522,-0.045874742369396315,0.12976108398659478,-0.35153004615383804,0.725190735401194,0.8442822958772694,1.0,0.0
NDST1,590098.5218651465,0.556787328326792,0.14733340924662477,-14.85057680166338,6.897264430725851e-50,3.31400291926318e-48,1.2889166178136528e-49,1.0
DDX50P2,1834.2592418064492,0.4902570516779689,0.7618629393470049,1.145837284798219,0.2518624847140908,0.4153652924476276,,0.0
SSMEM1,144.2286313052287,-1.6081059004974554,0.3686201853983553,-4.70396942508185,2.5515147472446344e-06,9.717926213400486e-06,4.7681074016385334e-06,1.0
STARD4-AS1,76447.21000768927,1.8263785118176412,0.2590970033322307,1.7820502736571529,0.07474103379226332,0.1542035284310239,,0.0
KLRD1,31329.709926286778,1.3564597271574417,0.4225732042158727,0.1059946829291611,0.9155865708300885,0.9545558302603697,,0.0
BMP6,172209.8759784735,2.0414819889532,0.2627262899672649,1.1951434418902251,0.2320309915324461,0.38885648172587034,0.43360466143890547,0.0
VWA3B,3577.0381842457514,1.1955153154044642,0.14880146675532738,8.168860480918664,3.113159343143345e-16,2.6145306281827388e-15,5.817672863757404e-16,1.0
GOLGA5,205457.82094443304,1.4034044396429517,0.4668401945240239,-0.7467075123827837,0.4552401340683321,0.6347195730857855,,0.0
OVCH2,7369.070580193232,-0.042388198949756935,0.10394484701738314,-0.379961323197999,0.7039741254528549,0.8296600719075272,,0.0
CTDSPL2,182942.35982802714,1.886021437673416,0.3469497908346392,0.5183426508131346,0.6042192200386366,0.7588045847029572,,0.0
RNU2-22P,167.06605661414181,-0.1325555192767554,0.15115882934799854,-0.9019314238621063,0.36709329735583984,0.5490467545307188,,0.0
EMC1,280597.64420509455,1.9195848194882952,0.3224124370491244,0.44732641599316625,0.6546393966634301,0.7955333329589397,,0.0
UNC80,118.32440112263998,0.7995716174579223,0.04445269925922597,-0.6390386213173602,0.5227978074719006,0.6941932279253267,,0.0
LINC01257,427.31034958582825,0.4270649237304371,0.40465955827395167,1.238466002074134,0.2155433207089924,0.3674606058754023,,0.0
RPL31P52,1689.3986472366,1.695254450451829,0.2627768363068978,6.738541646108539,1.5998420542444546e-11,9.504562671787792e-11,2.989682402789656e-11,1.0
PHLDB2,767187.3276486155,2.7894449073177685,0.14512798855728154,5.5323912378377305,3.158943205186947e-08,1.445534724937653e-07,5.903230813881516e-08,1.0
SUCLA2-AS1,1993.5919165421715,-0.019296978659206467,0.6652447813305414,0.2149356897310705,0.8298174587245295,0.9081997371106404,,0.0
MAS1L,1329.6299926076676,-0.16333098701459822,0.4720094308834319,-0.33459954940865966,0.7379271848580984,0.8525831543898075,,0.0
SLC5A4-AS1,630.2327441152263,-0.17537163870883024,0.14762458725623934,-1.2758071441044136,0.20202370152728943,0.3495541677741916,,0.0
NEK4,149225.18999492945,1.21054887314355,0.2037817981342219,-2.8179581472970456,0.004833010919556238,0.012365875865346912,0.009031621378093688,1.0
ARFIP2,453685.9133143074,1.2778631284831468,0.3931263403286685,-1.2184274633591248,0.22306157397110182,0.37758763046531024,,0.0
LINC00974,257.9378672248894,-1.3971771060182865,0.24166899119322696,-6.005031659151632,1.9129457412531287e-09,9.645802087832376e-09,3.5747905269416175e-09,1.0
TMEM223,166904.652236146,0.9287318074987218,0.36893687406931297,-2.889589589510721,0.0038574507276120224,0.010034191195146942,0.0072085569505898565,1.0
MS4A4E,5101.970160588233,-0.5716406096787106,0.6001010192112106,-2.1460739985370836,0.03186707536585742,0.07171576470031737,,0.0
LGR6,76613.49672886175,1.1057258919582496,0.4571681561414173,-1.4358863623640052,0.15103467971612256,0.27890624336343844,,0.0
TMPRSS6,18162.739970566716,-0.10838756108231738,0.1523641543495018,-0.2292501247242653,0.8186745158735185,0.9022753762284896,,0.0
SUCLA2,156560.68179801072,1.250953478541568,0.3978408972813409,-1.4847674668301345,0.13760543271959116,0.25947711218860264,,0.0
GPBAR1,52286.69898834177,0.5191337468711271,0.14321782385181892,-0.21230734355915323,0.8318672666889773,0.9095931579091509,,0.0
THAP2,86918.57154018465,1.8991032712789944,0.23626343652584633,3.198189357323726,0.0013829343945412499,0.0038095497075648433,0.002584339255618035,1.0
EFR3A,567494.8728072175,0.8446345232702436,0.1384164457245569,-5.6575361770031005,1.535614552857465e-08,7.158083881183539e-08,2.869658160294971e-08,1.0
CFLAR,122530.49331280938,1.357724679791456,0.055456280539756146,-7.77606538429384,7.481504879217935e-15,5.638775246071195e-14,1.3980957322906514e-14,1.0
IQCJ,516.8545067513833,-0.05517606880610805,0.24925165090406495,-0.18957109412239703,0.8496452399828934,0.9178919447068025,1.0,0.0
AGBL2,5278.680201921166,-2.4758056724978865,0.30422072187150107,-8.781460148410444,1.613659201320413e-18,1.553652221386918e-17,3.0155030026170914e-18,1.0
AMOTL2,432786.98798482865,0.650732711410105,0.17885203855386586,-10.240722237619632,1.3026031000042108e-24,1.8758235419945365e-23,2.4342212755127307e-24,1.0
MKNK2,1218329.6434451938,1.7545137782136087,0.1304135429003977,-0.1683717322007351,0.8662908450486144,0.9279981582822017,,0.0
TRABD2A,73831.47077850497,2.608129226181073,0.13704568734879585,10.27231439894289,9.392391162269387e-25,1.36039938080754e-23,1.7551899266215457e-24,1.0
TOM1,393715.6652688761,1.6006423327319335,0.2319295818047064,-0.45611569269609326,0.6483067861670159,0.7909152857608833,,0.0
MIR4691,1198.4304930557005,0.28593351718674315,0.2685865360237914,1.2725757157410365,0.20316864043041305,0.35129193641203255,0.37966854758069335,0.0
NAXE,441531.91627080634,1.138571558613175,0.15790539164918088,-3.142344958410098,0.0016760044890740031,0.00457150351086397,0.0031320098847804016,1.0
AGL,290033.03445875214,1.5872610191100995,0.2665092411030581,-0.30537201248970913,0.7600828352037867,0.8633865337669363,,0.0
HADH,626495.6823043983,1.9350183145629132,0.11074378242896174,-0.1720451124330037,0.863402063134494,0.9268356840994771,,0.0
SLF2,221094.90861287658,1.9464511973444698,0.15400105273521933,1.9997249767106602,0.04552996961140868,0.09909114030845347,,0.0
LINC00987,34969.71312154362,1.0152563325804211,0.31515162498389976,-1.2991554875286173,0.19389057390772002,0.3394130424980935,,0.0
ANTXR1,3308872.182424661,3.288991404283277,0.09340860040356809,2.437046163672884,0.014807788825774599,0.035118424661791964,0.02767184770471042,1.0
COL19A1,1495.70931333395,-1.0229310393826327,0.33236476288866246,-3.4505710600479937,0.0005594018791443724,0.0016019089914523948,0.001045374416635912,1.0
FGF1,115014.49133280471,2.058751111880006,0.1495704467680959,5.966090183847692,2.4300600752253192e-09,1.2118772650599721e-08,4.5411406865747645e-09,1.0
ZNF14,109962.08148495169,1.9016366157064117,0.4553937658207572,0.8185549967507668,0.4130403520417366,0.5942411836302416,,0.0
SORCS1,28469.051320938615,0.6664998864493242,0.19426058550232828,-0.09858829479553069,0.9214651641408972,0.9564938565043754,,0.0
SH3RF1,233840.3283481075,1.296053364603059,0.24329707676020979,-1.4784523884644416,0.13928673188895202,0.26166007490567417,,0.0
CAND2,34208.2063662852,0.13768092048173858,0.31384026774915663,-4.452580231322191,8.484452155762734e-06,3.039197664684328e-05,1.5855200980683013e-05,1.0
ADAM11,10336.521162818424,-0.09641830701978478,0.21246482069834563,-0.3834065407067188,0.701418354418402,0.8276239709631061,,0.0
ALDH6A1,263469.4878422549,1.447545777916269,0.16304105415004405,-2.04650540643487,0.04070667109113818,0.08952959306444432,,0.0
MLLT3,331942.0911834111,3.2358083277046465,0.11359614173817233,13.323637869817892,1.6868343477314407e-40,5.403276433085904e-39,3.152248031269263e-40,1.0
GYG1,155562.15710395065,2.719336681257223,0.39187983960027434,0.6388662851391899,0.5229099225269622,0.6941932279253267,0.9771805844679246,0.0
SEMA6A-AS2,937.5679056326464,0.49759815371827903,0.3109713139763194,1.740711360443257,0.08173418593716017,0.16643265164139748,,0.0
CELF2,392598.6230971622,0.7552952760472605,0.13317210449198605,-6.8226602565107495,8.936984320344843e-12,5.466109014536497e-11,1.670086411696454e-11,1.0
KDM4A-AS1,19208.02226023611,0.4854802620283305,0.6498274255912543,-1.5055414395167186,0.13218493125028516,0.25110118236069773,,0.0
LINC02511,1848.5244049582664,-0.3489940645683943,0.14563548004522628,-2.4598402318670316,0.013899887825221283,0.03321747463540447,0.02597522044227029,1.0
MINDY2,182546.9219143293,1.7999840187868668,0.1309451425209327,-0.3118692911879953,0.7551398614229342,0.8609249115971714,,0.0
MRNIP,1393858.4743929696,0.9459386775628548,0.09564882728796748,-11.837991949354667,2.4832746764187407e-32,5.418743911818536e-31,4.640584726276906e-32,1.0
ZNF568,29554.71960662613,0.023204838238395684,0.2853819313468286,-1.8662713056696107,0.06200341723653433,0.13045518986566823,0.11586801642893121,0.0
AKR1E2,16626.41735489829,-0.08621368269594401,0.47807068844557327,-3.7663935173892025,0.00016562267372870613,0.0005093024619214428,0.00030950504884904434,1.0
C1QTNF9-AS1,1200.0548752051413,0.49321408268499073,0.3076886611515363,1.8614147708826625,0.06268562626122212,0.1317795853711935,,0.0
ZMYND12,22102.39781662805,2.483264002813779,0.39407323519764315,4.535685974978647,5.741655760580041e-06,2.0881407449503975e-05,1.0729638681981475e-05,1.0
PCDHGB8P,4602.408184270642,2.103884916692353,0.17968241735640128,11.924938452471029,8.774885240740368e-33,1.98407699312125e-31,1.63979437352205e-32,1.0
PARK7,879208.1870902352,1.6509298151632268,0.15558176589286463,-0.8130269805242886,0.41620258931411125,0.5969323797304947,,0.0
FAM229A,52799.27076459989,1.2613309454838735,0.23870944328920848,0.092797737387912,0.9260642485586993,0.9591499426041799,,0.0
LINC01376,2363.4809129164023,-1.972172064938448,0.4284912432169331,-5.078875526627385,3.7967535100571805e-07,1.5692619759930299e-06,7.09512987649803e-07,1.0
BRSK2,15988.812659757576,0.8294670015259726,0.4400477063751898,-0.025545937140713283,0.9796195078891738,0.9880379204988687,,0.0
PMEL,171429.43654607458,3.2029215923265038,0.21202761579965573,6.601720125593469,4.0641423402182525e-11,2.3289586323475467e-10,7.594809003018178e-11,1.0
ARPP19P2,548.4522116263014,-0.017336472688348276,0.1595716955072421,-0.08890151005694504,0.9291601834541398,0.9598535407391015,,0.0
LANCL1,366499.03480193927,1.632712424059229,0.18831377179716424,-0.16835783982980126,0.8663017735603815,0.9279981582822017,,0.0
FLVCR1-DT,6907.175235665503,-0.44156129503902797,0.44213987218159057,-2.413271856225957,0.015810022284618065,0.037371183233792085,,0.0
CHST6,11401.93222219335,-0.39925239548439934,0.22230771431871504,-2.0739538529628927,0.038083596848618353,0.08420519179316191,,0.0
COPS5,62000.9532153934,2.6329316514608614,0.03735156166170986,-36.4959679172135,1.2849019902423737e-291,9.172364636058774e-289,2.4011425748844957e-291,1.0
PITX3,1089.9374800229878,-0.344354426006749,0.7070161040902422,-0.8747866406152823,0.38169000751542226,0.5655178471133818,,0.0
FFAR1,597.9353750050105,0.0084806222558504,0.15154335798604224,0.06349373198293756,0.9493733503278093,0.971566770926441,1.0,0.0
TCOF1,231765.97131301294,0.8251756859882409,0.6604949787869351,-1.8897422269634474,0.058792443607971,0.12447260443992318,,0.0
TREHP1,439.3137600012995,-0.21334116582697948,0.7540124410969965,-0.5454084666757859,0.585472618618836,0.746899840499955,,0.0
FEV,297.65889891769274,-0.14447265012646884,0.26980652308027236,-0.6142378225670757,0.5390581832170581,0.7047811987272735,,0.0
MIR34AHG,53266.62423271057,1.1630606336103952,0.40163464913485564,-0.880991880098917,0.3783222149120643,0.5626416987844004,,0.0
DAND5,5523.311041685597,2.5152289198310838,0.12764002490471302,19.8857488145183,5.406908676625931e-88,1.039166256042299e-85,1.0104084763313306e-87,1.0
PHRF1,336302.06526953744,1.800312596334046,0.2137502919645001,0.7286446220818277,0.4662190756290543,0.6458820961792028,,0.0
HACD4,528615.992105632,3.365804688902575,0.17653890238564132,4.740263672208319,2.1344027593628086e-06,8.185426391815775e-06,3.988635223835436e-06,1.0
PEG3,382877.9203604437,1.4117084654085927,0.14989196141118363,-1.0846962906732163,0.27805619128930614,0.4469111572443431,0.5196136080301655,0.0
SLC35E1,1631921.1813164467,2.3500295241248588,0.1696559838488007,1.1504475682159598,0.2499595776560184,0.41291271594189133,,0.0
GYS2,14190.310408859816,0.1267373790750274,0.23710316606571355,-0.6360306255286551,0.5247564609410493,0.6951771037440146,0.9806312772335167,0.0
SNORD73A,4130.45031798191,0.20851696333603364,0.2525431009028181,0.9887506414415994,0.32278515902483085,0.5007629430757776,,0.0
AXIN2,72128.0375680514,-0.004693667629961607,0.22946018893502995,-7.277479568891819,3.4011449269997375e-13,2.2782200000291807e-12,6.355841884898163e-13,1.0
TBC1D2B,471273.8918422645,1.8865764461494827,0.17972818334554697,1.0058510510166239,0.31448722552719754,0.49063149108941806,,0.0
STAG3,167222.36581662972,1.7269227033892218,0.3209122621363896,0.08823823239741237,0.9296873307526484,0.9598535407391015,,0.0
KDF1,64061.74547951587,1.369793471208444,0.3074016391985544,-0.2905098388353112,0.7714262248857864,0.8705224815659696,,0.0
GNAO1,27496.66018437337,0.8222440147554003,0.3042999264968539,-0.9175680892522126,0.35884503063639595,0.5399423722041766,,0.0
HOXA-AS2,46898.6729488001,1.0284491123023067,0.14929501157546843,-0.8261355021432506,0.4087272305351215,0.5910212478424323,0.7638032800987292,0.0
DIABLO,893425.7828507178,3.431705691364944,0.1393567936804296,7.501886423157718,6.290586880514364e-14,4.4461191855629813e-13,1.1755446014184847e-13,1.0
MYCBPAP,16287.551867259463,1.2408314408435461,0.24669466417645175,0.464826238897974,0.6420558958785889,0.7870018442818282,1.0,0.0
ANKRD27,394394.32513664634,1.8816308310843208,0.16940328835332197,1.2899333796883652,0.19707378996503644,0.3432477268927456,0.36827888124730257,0.0
ECT2L,2609.5750541605985,-2.5646021758560207,0.6855193356368976,-4.500161095479852,6.790198298772014e-06,2.4587406448524458e-05,1.2689087845536182e-05,1.0
TIMP4,322645.9197791837,0.8396142760519317,0.26190511798513644,-4.855950008767671,1.1981092793151804e-06,4.70302597701332e-06,2.2389499135145687e-06,1.0
NRP1,1977208.0255869492,1.8292118324154987,0.10315057388702366,0.3332113998405302,0.7389747135437635,0.8528374724573373,1.0,0.0
RP1L1,2696.661929822373,0.06849128710943553,0.20054500782561765,0.40864585233851025,0.6827995761079834,0.8155516593844119,,0.0
SSR3,1252531.8198449637,1.520443159396572,0.11826562229625613,-0.9946940267152273,0.31988510051800856,0.49720836939212104,0.5977807955454333,0.0
CMTM2,2387.027012745516,0.2148693404129073,0.6533818026705135,0.7156344996500139,0.474217065171897,0.6524401637290664,,0.0
ISCA2P1,130.1916574271653,0.051776332476966586,0.1533229832649184,0.3470459915488504,0.7285567671724673,0.8463194402954015,,0.0
SWT1,47342.90391375766,0.49674932497626284,0.27671201623504094,-4.619203504322249,3.852159040366664e-06,1.4322350241601356e-05,7.198668184260368e-06,1.0
SLC26A8,5298.803592975864,0.9306023365552618,0.19328475539959297,4.63792426434397,3.5192568654892886e-06,1.3202497415052534e-05,6.57656191355646e-06,1.0
PEX5,554955.2876791193,1.2826907177641353,0.10551817584353768,-3.014379224655951,0.002575057136435141,0.0068590407839906175,0.004812101911281376,1.0
NPHP4,11048.3316206213,2.5769138894287877,0.12458598745911643,0.6913986495732685,0.48931505251024354,0.6664233626038939,,0.0
LINC02066,357.7503813706704,-0.028618497112317752,0.21018663119879635,-0.1268484019559977,0.8990603859021417,0.9452833124749912,1.0,0.0
EI24,678814.2293392473,1.9234187089464267,0.10402681505500921,0.39973175587735915,0.6893540999782599,0.819581831451669,,0.0
GMPPA,259250.94993441738,1.865271465081434,0.120662274166171,-0.8626724500997616,0.3883175838116266,0.5729031491900497,,0.0
C12orf43,61290.09628153953,0.35459117414610014,0.31673830510543816,-5.494546053645365,3.917166972185619e-08,1.7778459000918742e-07,7.320150845180081e-08,1.0
FANCF,164199.64004207784,2.093176653141463,0.16382801961039042,3.9365202637842875,8.267164243445704e-05,0.00026396817715334305,0.00015449147241771945,1.0
JAZF1,93944.2395521681,1.2234688693245745,0.3619550958480143,-1.1764542263606586,0.23941341352437395,0.39825193987393365,0.4474004590057205,0.0
TNFSF13B,211399.21518382817,3.3906796021487624,0.13286306084149402,14.194411458626847,9.921589666626965e-46,4.063785538043848e-44,1.8540831549788686e-45,1.0
SLC39A1,711422.5476231084,1.008937941993562,0.07632004385115632,-16.634064424248944,3.9487539481223915e-62,3.2347415538963266e-60,7.379178563488253e-62,1.0
RIPK1,199068.4511677678,0.4839213009155962,0.2769121158423455,-9.169697627918044,4.7434769231426915e-20,5.08651377359314e-19,8.864305977914746e-20,1.0
SEMA4A,142975.22359001092,0.305455820627874,0.1651800872429469,-8.536227748365997,1.3867489176728982e-17,1.278521096238279e-16,2.5914675922256817e-17,1.0
EIF4E3,201744.43883665613,2.054368167489589,0.11511450482832446,-0.8699241114330982,0.3843418778329908,0.5687274574684131,,0.0
UBP1,512534.620879331,1.927353490410428,0.11542185606308158,0.81926408812875,0.4126357570192941,0.5940480777370823,,0.0
TREX1,89439.07329218215,1.5999463434174976,0.12248710090337021,-0.6697460329283066,0.5030197014391282,0.677971872453889,,0.0
PTPN4,126876.80504558838,1.649798273550048,0.13548866233428178,-0.0926242604457752,0.9262020695493159,0.9591499426041799,,0.0
DHX38,402040.6453706315,1.7133712891402204,0.16787638128776572,0.3882810679766649,0.6978080459626105,0.8251175593173603,,0.0
CYLD,306072.33295780467,2.3361595894900957,0.1072129699035776,0.27644975789523724,0.7822026438472514,0.8789583388562091,,0.0
PIP5K1C,411420.6463299106,1.5316053393870952,0.3398402644475856,-0.6435010843295247,0.5198990113940061,0.6916760809200874,,0.0
LINC02561,172.109056563621,-0.344043236201201,0.0559315920694093,-16.090025948480104,2.997117232560862e-58,2.1093795508600883e-56,5.6008207969733084e-58,1.0
FAT1,783765.2767597174,1.431286990193622,0.23021458267641648,-1.5071566630714173,0.1317705055516163,0.25064987295067626,,0.0
LINC01415,6278.954423518068,-0.1640583590234453,0.22125245598348264,-0.5322331025112045,0.5945645588303373,0.7533060599582139,,0.0
DGKD,253071.45543539507,1.5548227897479487,0.24941645572560042,-0.24200011277928288,0.8087800758414843,0.8964982153093356,,0.0
HOMER2,181793.09868798722,1.4425471418563958,0.23367948037577496,-0.2864846014817875,0.7745069857008859,0.8728535244850939,,0.0
PSIP1,196719.1946794893,0.6380134713891595,0.6473087295333374,-2.723461827611212,0.006460168065820621,0.016320252692065544,0.012072348476030533,1.0
MYT1L,1238.0999370415889,-1.7993244853091388,0.29957001870495403,-6.291930818600977,3.1354122511915517e-10,1.6883248943107958e-09,5.859257673599171e-10,1.0
HLA-F-AS1,25765.385238181345,0.2038459761038929,0.7298729560367607,0.26737995198538894,0.7891766337040554,0.882626323304361,,0.0
MIR4483,152.93003353773543,-0.20267984556591617,0.1668753640921511,-1.2566704536624282,0.20887299129697667,0.359175336094916,,0.0
SF3A3P2,13067.026676884236,-0.1613989013052001,0.2474544605655692,-0.32430036086898845,0.7457106465007715,0.856427396034204,,0.0
SRSF5,1707262.0214147456,1.4992172762663525,0.1348310122529504,-1.5696620777330634,0.11649374807831175,0.22571510629985414,,0.0
GAPDHP44,4278.793315777599,-1.3076091012555648,0.17980635418930696,-7.360966853544369,1.8258290405187774e-13,1.248107758614546e-12,3.411992414163175e-13,1.0
PXN-AS1,182056.28984704323,1.0380959338614777,0.37706172395575044,-2.4227040196778047,0.01540547260315964,0.0364666729502552,,0.0
FZD9,14656.988646689566,0.6437526092926195,0.6278546165557057,-0.7331564897721252,0.4634629894266341,0.6431337290099669,,0.0
TEX26-AS1,7069.815234322197,0.13457312868796092,0.19054185113895805,0.9358060289897528,0.3493730667814511,0.5297525663739864,,0.0
BDH2P1,34111.653935058035,-0.3539729586290524,0.3957705634380582,-7.014142227743875,2.3136394976661482e-12,1.4708977824221045e-11,4.323581364935581e-12,1.0
C11orf42,863.5200543079584,0.7509332631737733,1.0309973969632986,1.781570567337215,0.07481928768409912,0.1543012713815284,,0.0
C1orf94,941.1582722030593,0.12131282845309888,0.2349624203365651,0.5851778689004205,0.5584281241742957,0.7219832694693287,,0.0
BAALC-AS1,10942.770701056928,-1.210839858452278,0.15174716274357128,-8.035435702926579,9.324694892632738e-16,7.576504126583055e-15,1.7425392811699997e-15,1.0
BTBD1,487374.9315450514,1.3761339516656281,0.30228680664582863,-1.4625062804862838,0.14360252456745248,0.2681546394856353,,0.0
PTGFR,95345.77029726964,1.2684864040411796,0.4821909305596251,-0.9179979117607472,0.3586199591248598,0.5399094115426589,,0.0
CRPPA-AS1,454.6940026734925,-0.09967339270095209,0.653448559145604,-0.10232487638553503,0.9184988104389666,0.9555170402624752,,0.0
MRLN,220.35033296410379,-0.8417406312804576,0.37243588986770143,-2.577685647152899,0.009946443672987445,0.02439979334016606,0.018587277125623882,1.0
RIPOR2,140024.56215703633,1.2941892052812802,0.20181232567714164,-0.7526573375341294,0.45165585282127907,0.6311309554104954,0.8440255409678129,0.0
SERF2,2293477.0114190145,2.127725573383895,0.09490721632336896,1.5906083434974687,0.11169774560214304,0.2177735601927073,,0.0
CARD14,80440.15429443982,0.07739035542411116,0.14835795167966398,-10.949342903680918,6.693138241856881e-28,1.1376058433523415e-26,1.2507708225339879e-27,1.0
AK6,142082.60450200728,1.4908153282642875,0.27991136959534035,0.23070408196904862,0.8175447021153734,0.9013099095828871,,0.0
PLSCR4,253143.23460156852,1.749198701336051,0.22924626100193946,-0.49492916312932494,0.6206501240246322,0.7712691104879611,1.0,0.0
RPS4XP14,43717.120556321934,1.2200672132032946,0.20849042415389754,-0.3359175432799763,0.7369330473832927,0.852133576729422,1.0,0.0
GGA2,576588.3540112516,1.3597635081844441,0.2077945013130857,-1.4659728568615988,0.14265568164251008,0.26678534474836185,,0.0
INMT,120480.55265574149,1.2884604829235642,0.34272015440064346,-1.1966734496149865,0.2314338595009401,0.388403066200089,,0.0
MT1H,2218.44461806015,0.4285543025242427,0.18059092426204854,2.3590723659058774,0.018320682722463656,0.04277965026362191,0.03423651890955531,1.0
B9D2,85371.53924107857,3.273526111782274,0.26126626180872464,7.5129867325435855,5.77933869658536e-14,4.096362477565538e-13,1.0800058140178401e-13,1.0
EBAG9P1,965.3141065034804,0.007623392098001767,0.17426849424240848,0.0637791141478292,0.9491461088892423,0.971566770926441,,0.0
RPS9,1888021.8223114647,2.841924128659984,0.07649615835407406,0.29009185570497203,0.7717459662471973,0.8705224815659696,1.0,0.0
TBC1D9B,1103701.990821954,0.6014199626630135,0.4051593018407085,-3.5326434336924706,0.0004114269731653558,0.0012050999911531555,0.0007688483862779667,1.0
XIRP2,3641.819954688942,0.1664686606516533,0.2155198162841806,0.721137660317437,0.470824822184705,0.6499203415626992,,0.0
TMOD4,1803.1758402816827,0.7157251576400662,0.9776949093050455,1.5677664735041905,0.11693564186332198,0.2263080566967544,,0.0
TNP1,1599.1514140143133,-0.13625551897011282,0.1855892967403536,-0.6842484161933792,0.4938183140256729,0.6709108524160651,,0.0
SOCS5,137161.80516057453,0.2504721088866246,0.24113488868936395,-10.43938565036653,1.6386774297593362e-25,2.4738583433557106e-24,3.0622554661583405e-25,1.0
MACO1,194378.67492614329,1.091666744803444,0.28367449748771684,-2.4152022870906125,0.015726472925787334,0.0371912850024417,0.02938862573304387,1.0
CERS2,1496057.4856483783,1.0587656043915654,0.16327109973297088,-3.0092198761142095,0.002619194864660293,0.006969178242123261,0.004894583671917533,1.0
EWSAT1,24130.70743366029,-0.15611778645300678,0.12107665499218852,-1.0998954711793179,0.2713776681734231,0.4390358332744203,,0.0
SNRNP200,1353176.1231070652,0.9149090607490732,0.23667112895762607,-3.096845955214436,0.001955914853151233,0.0052888022300848,0.0036550884522052016,1.0
MMP12,29879.658455246554,1.1442867824918042,0.31107655817339674,0.2283917774561091,0.8193416811883159,0.902811550363399,,0.0
PCDHA13,42440.82303550729,0.32058422755015514,0.2888853459641087,-4.606568607873337,4.093680360258974e-06,1.5137492736799077e-05,7.650007763730027e-06,1.0
RASGEF1B,92676.12868545775,1.5931379563820103,0.18822579195545439,1.3113188555382274,0.18975006062873956,0.333984168003456,,0.0
MBTD1,253795.70509817047,1.4475439797754985,0.28282216209350564,-0.7859636074588742,0.4318888080587733,0.6117200606206604,,0.0
SAMD5,25082.56449575215,0.006191441157291365,0.41580289740699805,-3.476391445167316,0.0005082099209997704,0.0014662384383578827,0.0009497101627658387,1.0
COL6A1,7625137.294462001,1.7777225298403314,0.03173461747115103,0.226838449776642,0.8205493643137147,0.9033428178659383,1.0,0.0
VPS13D,61284.98564705872,3.328848011972017,0.0852638356962143,-4.683138453052503,2.8251554708399036e-06,1.072743304543085e-05,5.279469666337696e-06,1.0
ERVV-1,780.3894400464511,0.028627421386931615,0.40773832625693984,0.06420135349323881,0.948809899688518,0.971566770926441,,0.0
SNORD58A,2187.5462213462697,-0.3347503520712269,0.16040688372186931,-2.187937552242305,0.028674151444964636,0.06521835902161506,,0.0
SQSTM1,2875812.529747984,1.153488198764568,0.12155469578349483,-2.6170359080482544,0.00886970101046561,0.02199597813860876,0.016575129375204434,1.0
PGR,480492.00241283653,1.0759844337900322,0.33346064846247403,-2.2707342254629155,0.023163071815492462,0.05338831635701837,0.04328566561780697,1.0
RPL32P31,380.870323385749,-1.3319154894377918,0.1706161075670579,-7.965496797234583,1.6456129685117853e-15,1.3073335458908413e-14,3.075216156938441e-15,1.0
LMTK2,293952.37191225105,1.935964827917779,0.2019665590582356,0.781854486393374,0.43430009554664584,0.6138620424485983,0.8115922129568396,0.0
GRM3-AS1,1021.0069074702278,-0.40318553831538845,0.18033539947012622,-2.333979192399409,0.019596811479318108,0.04554663579635004,0.036621266627581375,1.0
NTPCR,213244.9658757701,0.2697379180794491,0.14729572251771975,-10.120430280724872,4.484398228571997e-24,6.190203853086815e-23,8.38015630073832e-24,1.0
CAP1,2681608.1735713524,2.151647247795134,0.09270107721223013,1.7804151363657028,0.0750080464233765,0.15462673596436152,0.14017023484577876,0.0
C1QL3,8534.756654784025,-0.05469322432427517,0.14721690403529925,-0.1959605275642538,0.8446410613908424,0.9154788196500384,1.0,0.0
MAP3K12,301518.6263269946,0.6432042618157348,0.3617002588935416,-5.3729915551809135,7.744095712357716e-08,3.412455579775265e-07,1.447167025977992e-07,1.0
ERN2,2601.123298946909,-1.378072707922406,0.5061554418101788,-3.1974707014776134,0.0013863849422832719,0.0038169507198840273,0.0025907874183206843,1.0
PCP4L1,12665.73082326035,-1.079797933665469,0.3259421101180605,-4.747491496780503,2.059550458696258e-06,7.928793252777503e-06,3.848756036688557e-06,1.0
RPS28P4,223342.19594982732,1.7691658676068802,0.15648268810876614,0.7575367732440632,0.4487283434447751,0.6282810869835127,,0.0
ZNRF3,8840.873198402653,0.9413024193877114,0.29811039752841273,4.63598134295204,3.552480100831595e-06,1.3307153721031094e-05,6.6386473686819294e-06,1.0
PPIAP59,945.1304326220146,1.2585559534542219,0.28872637483830754,4.60646927626744,4.095635417280839e-06,1.5137492736799077e-05,7.653661249122047e-06,1.0
STEAP1B,8064.02789963549,-0.369563615816017,0.30357872877734077,-1.1814119597736865,0.23743910920924893,0.3954825191035555,,0.0
STON2,64421.29505536903,1.5310349584578202,0.5324649555820994,0.09077555127658357,0.9276709370834504,0.9591499426041799,,0.0
MEST,311374.4200938057,0.5664238019979959,0.4157186361139102,-5.2208924340071174,1.780629493290063e-07,7.631051096029541e-07,3.3275263941549904e-07,1.0
MIR924HG,5653.642552797217,-0.12964456649801084,0.28369614816544964,-0.15400218047458972,0.8776080163266785,0.9326684937440265,,0.0
TTLL9,11975.330358014937,-1.1890454177724201,0.3494819532586262,-4.872808375609911,1.1002292861544584e-06,4.342690160279485e-06,2.0560380489580513e-06,1.0
LINC01948,4680.421612194031,1.0528092102812934,0.2894719570116535,3.995544940754519,6.454561104219477e-05,0.000208760141344885,0.00012061870545170056,1.0
REV3L,270478.5632904979,0.6492373929797602,0.19328147557098324,-8.720216116814065,2.776712836515748e-18,2.6479454282574792e-17,5.188943172800745e-18,1.0
PSMG1,306569.30854957766,2.5571092693875905,0.12163678423339012,7.434296076587148,1.0512626733531775e-13,7.283701077077285e-13,1.9645323779902123e-13,1.0
EBNA1BP2,236736.8613028163,0.6807028965017335,0.19766358517787436,-8.086975005444598,6.116481237650888e-16,5.043573720221367e-15,1.14300885357298e-15,1.0
FIS1,1074575.7891604002,1.8751239499819417,0.12285040939685006,0.3645927440602085,0.7154154319582298,0.8373134666077654,1.0,0.0
KCNQ5,10032.948261513022,-2.0177484249546067,0.13724721312024332,-15.244034818224149,1.8037872873857543e-52,9.797309864202842e-51,3.370802197107933e-52,1.0
PEX14,128550.20258569163,1.6852403270232983,0.3335507941025169,0.8971267366548071,0.3696512933154269,0.5522115135118649,,0.0
RPA2P3,385.86780375086,-0.011916181396755661,0.2252063603721954,-0.10841843295989671,0.9136637799334099,0.9539444020742267,,0.0
POGLUT2,33900.27135472333,-0.06226605686274703,0.2025987263880263,-5.14892260947038,2.619869412559804e-07,1.1019770584647591e-06,4.895844223844929e-07,1.0
EFCAB14-AS1,7826.976368936358,0.21050695923205753,0.27692913953681747,0.5105831236798032,0.6096429955802151,0.7640797714859129,,0.0
UBXN2B,200228.4403910706,1.0923681760343396,0.34349901500532465,-2.0178117194698157,0.04361087387565882,0.09545490002482135,,0.0
VDAC1P4,226.78069381926798,1.3209585252315854,0.20575571589127784,6.630627455341183,3.3426290211187894e-11,1.9309962102347502e-10,6.246491106406354e-11,1.0
CAPN12,539780.5285125934,1.7466892339306743,0.11006785242786883,0.8559471442783055,0.39202701627604053,0.5768430507453989,0.7325949889047773,0.0
DCUN1D5,148384.35091657145,1.7112445358662811,0.44086336101662205,0.10369211519904453,0.9174136840837245,0.9554334266465556,,0.0
PARP11-AS1,438.69612044308434,0.13755744869702274,0.1395408283373574,1.010135993082512,0.3124301399326961,0.48787919038865074,0.5838494424995072,0.0
GPBP1,342982.7314354349,0.8247384391631734,0.32501856107204696,-4.168862781155491,3.0612320933778364e-05,0.00010259541764325317,5.720634543982441e-05,1.0
LINC02610,3747.204865566802,0.23737229458388695,0.3993172327064887,1.0117557590749664,0.3116548478523088,0.4869728814002461,,0.0
MAB21L1,53274.6872849893,1.6274101441918338,0.2853718607128552,1.3032532687127276,0.19248830949433937,0.3376146305872986,,0.0
GPR162,46544.432169909436,1.4782908118177438,0.2713774685980558,0.49037928576570605,0.6238655317882784,0.7737542969337372,1.0,0.0
FJX1,190664.19196819994,3.106186704596815,0.14560743387168795,10.820328913376661,2.7578586232167954e-27,4.578411807380174e-26,5.1537096261085735e-27,1.0
STK36,319289.71101340046,0.9012106445124272,0.5732972435670688,-1.9239194057689872,0.05436468639571872,0.11619347216398906,,0.0
LINC02242,673.437858932599,1.047122821709525,0.4238011172392304,2.8329771185171864,0.004611668693888975,0.01181769664787857,0.008617991197966794,1.0
ZNF365,17409.693655389863,1.0980584982820418,0.7466067082384598,-0.09738829351809576,0.9224180409561559,0.957085330286111,,0.0
H2AC9P,836.8889109307577,0.18499012998130543,0.5266636248834624,0.6211596734880186,0.5344945696936394,0.7024906272380632,0.9988292313983232,0.0
LY9,17664.451263168707,-1.7144585706691613,0.1791193963133883,-9.503731401825622,2.0250109471993808e-21,2.353251093757048e-20,3.784210808958604e-21,1.0
KIF27,27010.405684106598,1.0698970607769973,0.48009961278993096,-0.2100141036379055,0.8336566653911431,0.90995682764516,,0.0
RASAL1,31719.494778897886,1.24648783244972,0.4388062124561893,0.11821580203455802,0.9058966695397219,0.9500032859790117,,0.0
BST2,726519.0602984264,1.1809492256436163,0.2837373749770356,-1.825714763980064,0.06789323810958191,0.141772883758287,,0.0
HOXC13,114280.95983751286,2.8914940074037645,0.16791751740783462,9.97399376537577,1.9809917200106762e-23,2.6327169215141883e-22,3.7019504954724565e-23,1.0
NOP58,400903.99574261083,1.6706094092615642,0.24606232617893875,-0.17722260925927397,0.8593335371287485,0.9248523982408694,,0.0
FAM118A,151275.94486672143,1.2024091145648312,0.18732389166496505,-2.8594381331401464,0.004243921895623205,0.010937017902232674,0.007930769525964531,1.0
FASTK,382496.47303738416,0.9729486996389186,0.3980994094485919,-2.3836407158850483,0.01714232934085112,0.04032967029954475,,0.0
ERICH3,15805.933037480829,-0.11258849644315137,0.1557031316535008,-0.10413789671447854,0.9170599171095931,0.9554334266465556,,0.0
RPS23,3160681.3691833466,1.7876333120945913,0.08168728384112041,-0.3321500325182673,0.7397759720774801,0.8528374724573373,,0.0
HDAC11,324589.6705642322,2.2950038373135073,0.1263450390126932,4.818440418010475,1.4468471801248674e-06,5.639543961843965e-06,2.7037753773687217e-06,1.0
ZNF420,103222.92172320595,1.3620885800779508,0.34347151531079495,-0.8581444801778653,0.3908126886812914,0.5755646935869181,,0.0
CYP3A43,954.1675149302162,-0.29656462706399916,0.16498859060650642,-1.7022708903174237,0.08870459905452985,0.17834441942641854,0.16576547549569398,0.0
SLC23A2,117658.6424365387,2.3051900158362084,0.18912670795714684,6.113401990227595,9.752927935044688e-10,5.050298537970809e-09,1.822564730419533e-09,1.0
MMP9,1106943.2040181693,8.011198588888222,0.256480152630633,18.802998818620182,7.136508370455313e-79,1.0488568331519177e-76,1.3336249935364695e-78,1.0
PDCD11,271173.57562004664,1.4499495942014282,0.3728302247832269,-0.786377595275042,0.43164630530132164,0.6117200606206604,,0.0
MIR6756,1011.4353268159814,-0.3405053376187318,0.30289972453391906,-1.1581444890604915,0.2468050771490108,0.4088668925236621,,0.0
EIF6,692003.7979851514,1.264075294683824,0.16232677279473812,-1.448836430419146,0.14738326735414006,0.27358009319517423,,0.0
GTSF1,12535.7820669689,1.2774839192952507,0.21400316494848776,6.2862566943987845,3.2521205187640565e-10,1.7474028206735473e-09,6.077354611916227e-10,1.0
H6PD,794745.7750980463,1.9568586035783486,0.13580432179035243,1.2162658842031107,0.2238836530581697,0.37859445493457666,,0.0
CCT6B,12640.256372437212,-0.5154987189836825,0.8428700920812902,-2.9677057784020735,0.0030003137494350805,0.007915822495209661,0.0056067942430542625,1.0
KRTAP3-1,128.61562252646945,-2.5870689143179137,0.1858892647350525,-13.988184675993468,1.840500411818983e-44,7.185141060827701e-43,3.439409333530089e-44,1.0
MAGOH2P,4634.564517037371,-0.4857420868326367,0.25210746130624984,-2.168771387718516,0.030100044512140652,0.06793582765454691,,0.0
STARD4,44060.27486547634,1.0667204046570662,0.23551579005126905,-0.4744937353871781,0.6351478642298447,0.7811552738263682,,0.0
DAG1,1149493.066573649,1.6915404384826718,0.24376029427733117,-0.2596348083179786,0.7951454836808148,0.8869057288850984,,0.0
SFXN4P1,173.29141692412765,-0.20463662122576617,0.10402663329294128,-1.9908840559620833,0.04649363546272988,0.10105641427023107,,0.0
ZFP90,166433.0227620116,1.6773843968585038,0.3503047873988454,0.46157778412126627,0.6443841290403058,0.78929858479537,,0.0
MEOX1,141814.24537335808,1.370097049411642,0.1621048906587141,-1.0621044545859069,0.28818826806284037,0.458915479767372,,0.0
DCAF11,474762.81758577295,1.9629570210577632,0.11353386866265146,-2.37748429774747,0.017431185114237444,0.0409129319003497,0.032574282728438486,1.0
KIDINS220,289968.7295301656,1.4638790352474902,0.39342102625999575,-0.6714072599604838,0.5019611212457958,0.677971872453889,,0.0
IFNG,2191.925180370717,0.2822489639816792,0.4917804500844493,0.9621311591872767,0.3359837239086282,0.5162701932261423,0.6278648722406189,0.0
ISM2,651.1905439269567,-0.1545976117881745,0.6718333729915199,-0.4014370458185648,0.6880983791607307,0.819071288299001,,0.0
MYPN,1601.3756257994253,-0.780021947893548,0.14963425443080494,-5.12580423658526,2.962703247046906e-07,1.2419990038165595e-06,5.536510144163571e-07,1.0
INTS6P1,6420.033606719272,0.09979262008776284,0.17503596353235168,0.48534216274926556,0.6274336519354079,0.7758688341304709,1.0,0.0
AMZ2P1,72581.52012480018,0.18141173809727712,0.29443033028167276,-6.113530785617945,9.745056080286448e-10,5.050298537970809e-09,1.8210936886010238e-09,1.0
FLNB,2298750.905341019,2.9807725787106762,0.1619303057062285,1.7447063182632143,0.08103600293264943,0.16521293621152558,,0.0
RNU2-28P,15.141844708525383,-0.0031186412323200284,0.044021335728366785,-11.378891103388398,5.327278817947408e-30,1.0121829754100075e-28,9.955277581631713e-30,1.0
FGG,29466.163678537938,0.05599887738927055,0.14828687929295725,-0.6332042897409978,0.5266002447681246,0.6963274472363903,,0.0
DENND5A,490314.15595601744,1.9113698351713944,0.11991834166745392,-0.054102948424969516,0.9568531431867641,0.9757949298988284,,0.0
CYB5R4,69642.34186565745,0.34534763466240187,0.30143723958987106,-5.856546187167245,4.725922000098321e-09,2.3107076550382882e-08,8.831500461664662e-09,1.0
LANCL1-AS1,906.0622040843812,-0.09963893310024596,0.3870865166216073,-0.32270501688565306,0.74691865234093,0.8565885157856268,,0.0
TFAP2C,293459.5505696925,0.7466445933722651,0.1529207625882059,-6.359671416955802,2.021857854265285e-10,1.098176488887351e-09,3.7783185107567797e-10,1.0
ZNF786,180740.82559985653,3.4011835894244262,0.19096227564960747,8.541101963065213,1.3294783604679758e-17,1.227985834983082e-16,2.4844440416075075e-17,1.0
CPNE1,843699.4986217704,1.3075441828994154,0.11129615968525937,-2.4265881707007515,0.015241546279184412,0.03612998423011599,0.02848242586278403,1.0
TMEM63B,105930.3540214285,4.859277173231776,0.10999628892271626,-28.31855480608676,2.0424529528860158e-176,1.1340152672857134e-173,3.816805312479963e-176,1.0
LINC01792,263.3608240577466,-0.006743287497544434,0.1650731116207849,-0.04278239088598543,0.9658750011736585,0.9812695955177729,,0.0
TANC1,412152.806871108,1.4822720071341082,0.2932144507996639,-0.879615983941507,0.3790673769325408,0.5630795726908164,,0.0
SMIM22,175803.561864889,0.8248817495477482,0.25320793323278107,-3.8533038263370085,0.00011653463724050561,0.00036372491086246505,0.00021777246906911238,1.0
C1QA,482826.06359255285,2.2698280647661355,0.21950467731890638,2.0852385932938695,0.03704764831710641,0.08220563882796658,,0.0
PCAT19,467753.32173173316,3.2936021291905893,0.2310935124393899,2.846148139136643,0.00442516034100223,0.011380610511573928,0.008269456329090555,1.0
TIMM17BP1,157.7515946238988,-1.332697185158008,0.21782864372559205,-6.312504618457814,2.7455526584076497e-10,1.4799920856594419e-09,5.130713026949523e-10,1.0
PRDM11,52844.65796169829,-0.19189408745303627,0.24084238442134442,-8.77494753117877,1.7098356787942895e-18,1.6430863244105894e-17,3.1952314461238087e-18,1.0
RAN,65860.32451363881,0.48082832137378234,0.0024909392956002784,-115.90241778485982,0.0,0.0,0.0,1.0
C1QL2,3722.350572944744,0.04725394096929607,0.15957912196326812,0.15626363792987708,0.8758252169244615,0.9317646602025833,,0.0
EIF1AD,96152.7700725573,-0.08868564719116906,0.20875247230679117,-11.845144116341825,2.280260260452211e-32,5.01958613281044e-31,4.2612043835002614e-32,1.0
RBM26-AS1,2886.925103462351,1.1244113469542938,0.09007944443756692,9.381770808952473,6.487387451035415e-21,7.301233129014408e-20,1.2123214320427812e-20,1.0
KIRREL3-AS1,810.4073480424025,0.2947992716375231,0.1429611135120695,2.124667393093694,0.03361437608226473,0.0753571275383925,,0.0
TMEM14DP,9644.288714085145,-1.5311740469942663,0.48693660771491876,-4.983992435952934,6.228551535337682e-07,2.51609313032194e-06,1.163951833286552e-06,1.0
LINC02288,3640.3887015629834,-0.26814612971825985,0.18307750437181594,-1.4279671226274786,0.1533013218555062,0.2826432742660928,,0.0
MKNK1,232318.5106249203,1.6621173459974994,0.15324241441867573,-0.23977180309604562,0.8105071672702703,0.8971226778033226,,0.0
CRYZ,150995.38270436722,1.46686023352083,0.1666539780036167,-0.6158483427716248,0.5379946178491921,0.7043120527619631,,0.0
SFSWAP,329220.8588769082,1.1733011367503767,0.11473617817602196,-8.039380612602617,9.029371061788861e-16,7.360484044985146e-15,1.6873510544412468e-15,1.0
FBXO42,172875.14469254384,1.4753887353144888,0.2383650773914719,-0.012410111709167724,0.9900984176286255,0.9938083697640705,,0.0
HSPA8P8,30797.495130735344,0.8958770629714591,0.4053028225248032,-1.2772206913350717,0.2015243439637966,0.34881092718638435,,0.0
SIAH2,594599.5018544935,1.6637948155569724,0.11014258545649577,0.3065881759186396,0.7591568547420751,0.8629957329090057,1.0,0.0
TPM4,2807095.767341378,1.0186824841470568,0.09701404102670207,-6.397450014375614,1.5799317592827808e-10,8.675735166083578e-10,2.952475318300694e-10,1.0
DOCK4,1237405.8159363798,3.894097678907519,0.12193280738144384,4.337462614380884,1.4413704155847808e-05,5.015687999078795e-05,2.6935407504402207e-05,1.0
LINC00244,102.93686572837373,-2.3048669129299717,0.6563382979041203,-4.068855785205992,4.724457688995244e-05,0.00015490889154796085,8.82876405082619e-05,1.0
LINC02048,209.87959688116865,-1.2420423159274288,0.41594843209099946,-3.379040057104468,0.0007273940875819633,0.0020570391939145846,0.001359307500241986,1.0
FOXO6-AS1,678.1316862808713,-2.724081217788427,0.548352616558929,-5.433452903530792,5.527387732271305e-08,2.4771620177721714e-07,1.032922830896025e-07,1.0
FOXD1,8578.417792820526,-0.1561172776208704,0.6762663320900651,-1.4268651004017392,0.15361878206314517,0.28305053612446035,,0.0
OR7C1,2300.89980307243,2.069112908371411,0.1664354816897192,12.632324131496542,1.4007884064794072e-36,3.8042063408573903e-35,2.617703690043978e-36,1.0
NUFIP1,3218.1954888106784,-0.36348142167132125,0.1175770789638895,-0.2988485684260136,0.7650555910833314,0.8664806088811666,,0.0
LINC01070,1116.1649821959295,-1.0848692879089614,0.7613432919977928,-2.2439673125645077,0.024834504560693388,0.05695182161073192,,0.0
KIF1A,3990.8232830226816,4.472859316599401,0.13825001212568086,2.6432295325832857,0.008211934471286403,0.020435775175805852,0.01534593737958794,1.0
GLULP6,17.6434300776006,1.686746470304734,0.37149300996650636,5.710575957972409,1.1259446966866179e-08,5.3128854101445045e-08,2.1040933617587996e-08,1.0
SPRR1A,1967.8052712763772,-1.673064377834437,0.3480419058407068,-5.248397509993706,1.5342795805049637e-07,6.615008683160745e-07,2.8671634494327986e-07,1.0
ACSS2,22591.45581066859,-0.5773073116508715,0.05029777127697679,75.40954419558958,0.0,0.0,0.0,1.0
KCNV1,479.78595380406006,-1.4123134098996095,0.19754570007164968,-7.316662926766025,2.542133299163152e-13,1.7143104043074588e-12,4.750575952101073e-13,1.0
SMC6,503812.3334579732,2.7160981214010405,0.09905976884537675,9.159351594524233,5.2210074710052874e-20,5.574652635173808e-19,9.756684492375998e-20,1.0
RPL29P11,394687.7113070162,1.786024689602962,0.18428500585001348,0.7205785358838015,0.4711688637540197,0.6500361160074092,,0.0
RNASE4,1538530.3223426684,3.144323727868436,0.06326797946321792,11.90434135335841,1.1234685284426193e-32,2.5174763392949637e-31,2.0994660570784473e-32,1.0
TAPT1-AS1,36504.64303645563,-0.20485656485052783,0.1000533789766614,0.024406162206711907,0.9805286330608529,0.9880379204988687,,0.0
SEPTIN7,1772592.0421903774,1.5032568424321766,0.11641206813998918,-1.0881570589863991,0.27652577788514676,0.44516730415337574,,0.0
CR1,19378.967249763722,2.3781730819009343,0.44906519816286444,3.336996810280023,0.0008468892010924822,0.002377474908909625,0.0015826123178231612,1.0
FNDC4,95636.05715391673,0.4079226957904492,0.4047242503362397,-5.531995891379146,3.166073224747127e-08,1.4474719033907954e-07,5.916554937943678e-08,1.0
CDK6-AS1,1127.2034118178497,0.004958050444321181,0.2062461463327087,-0.014075241681035437,0.9887699527763448,0.9927433100308208,1.0,0.0
BTN2A3P,37143.9099439185,1.002515254893304,0.19003574471148604,-0.784843623260212,0.43254525972241165,0.6122822078991053,0.8083128881200041,0.0
SESTD1,558825.1140065213,1.6077019194067859,0.15164524760186163,-1.0306246937200527,0.30271685148996985,0.4768840185672697,,0.0
SMAD7,276714.7251781862,1.8964355492967906,0.1392942405508594,1.4374583417417663,0.1505878015994639,0.2783896576368927,,0.0
CIAO2A,150957.68330650343,1.411988891591017,0.3032960065574563,-0.3540401186594402,0.7233088175325516,0.8423151156397484,,0.0
BMP1,519385.9472049092,2.1028974914415217,0.2319622040235339,0.8259360443228709,0.4088403725597677,0.5910212478424323,,0.0
CEACAM16,1506.0567860223837,1.3131485054228684,0.20534031183092383,6.671410174523559,2.5335701037425108e-11,1.4790011458412765e-10,4.734573600748439e-11,1.0
FAM76B,107743.259628599,2.505573413164746,0.49806037932834313,1.257988248417703,0.20839600626091592,0.35871679065993695,,0.0
TRIM15,349.11493855756527,0.152429683674589,0.18669889795623906,0.8302167172115132,0.40641626515672924,0.5892611341118463,0.7594846959566851,0.0
FOXN2,288529.8166294597,2.881272998785518,0.20695098175901272,4.362620663368885,1.2851366366775279e-05,4.516053286552466e-05,2.401581067119524e-05,1.0
SCARNA16,2710.9546839305685,-1.1991075392775337,0.2688157993807917,-4.891135339965803,1.0025599589092462e-06,3.9760254878329395e-06,1.8735198633767775e-06,1.0
HORMAD2-AS1,8617.86479407264,0.02598720492472554,0.28856004602532426,-0.42185186617515225,0.6731331452626012,0.808447088673851,,0.0
GCOM1,173379.73764617657,1.3608585032818146,0.14963103508816405,-1.5177688195741816,0.12907268808365824,0.246362193412544,,0.0
PCGF1,247256.93372589187,2.5664649901395458,0.20076357339798084,3.7198380677919056,0.00019935054937487775,0.0006081530495886838,0.0003725335434653194,1.0
CIT,138266.6096811093,2.084420933912267,0.24724917042124042,2.1739347331472687,0.029710037115520616,0.06714656511363931,0.05552021520802412,0.0
KIF13B,402931.8168455963,1.576123010605634,0.221759051271084,-0.6630350857029672,0.5073080835120001,0.6818231558121206,,0.0
CAPG,72859.83638335713,4.198362616399134,0.04999822030040852,-1.5103143446894964,0.13096323316644617,0.24939911437985196,0.24473570536003422,0.0
LINC00668,25679.143951801227,1.1742685141053775,0.2561643372649793,-0.5938314479515713,0.5526248530887709,0.7173125731010854,,0.0
ALOX5,107958.66495332998,0.7304914077118179,0.24404398862477397,-4.73818736817334,2.156383863939243e-06,8.263382030754904e-06,4.029712104751083e-06,1.0
ZNF460-AS1,2410.885037223103,0.5093276506883917,0.38870532762729776,1.6559102043421856,0.0977400048130004,0.1938122238295885,,0.0
ITPRID2,681451.5058007302,2.036996399804174,0.10317123039238574,1.0216418762238288,0.30695043013843826,0.48203372074223005,,0.0
TM9SF4,619037.9165341997,3.459885860633146,0.11864422112129823,8.49381557418747,1.9996152366578597e-17,1.8300507944284476e-16,3.736752931031909e-17,1.0
NFIC,1258004.443680979,1.6270366178017768,0.15877450879868354,-0.8647102787150007,0.3871978264128554,0.5714198282885524,,0.0
ASS1P1,9610.591900146883,-0.19189321460868797,0.17859276574552785,-0.8512144155447902,0.39465025643497476,0.5795423268850682,0.7374971321636383,0.0
C16orf46,2062.7742392955597,-0.25796005728037863,0.09718518491473344,10.917136078129822,9.54584733066593e-28,1.6169694614012764e-26,1.783866832884729e-27,1.0
MYH6,7838.673138597687,-2.400166856831968,0.32332505594256095,-8.038518160982754,9.093138472815026e-16,7.400392988380567e-15,1.699267499949764e-15,1.0
LEF1,87188.86883557847,1.5045436680194286,0.2210084774613064,0.3065297012019177,0.7592013691951148,0.8629957329090057,,0.0
PROX2,6837.824960762923,-0.07002032586113957,0.11903477880447812,-0.2368831602618969,0.8127474343917718,0.8981200640547731,,0.0
CFAP36,128057.52833139148,0.7268473966937683,0.3527182134478298,-4.124513925241435,3.715185159536486e-05,0.0001231086222957813,6.94270016537166e-05,1.0
NARF-IT1,5055.196137774029,-1.256819724865511,0.40775771913884523,-4.061441108419767,4.8770721860403757e-05,0.00015949430440866333,9.113960251923619e-05,1.0
CADM1,158595.45695984384,1.5113821019984792,0.17604052572607737,-0.5607366601909969,0.5749770716594946,0.7365189508029978,,0.0
UBE2FP1,2890.8647921816823,-0.0425317103920855,0.5798899677706932,-0.0022595918842042537,0.9981971080560657,0.9988019656432556,,0.0
CLCA4,4261.0266754494805,0.1322552904004072,0.22490966005519553,0.6885837972743124,0.4910852202691135,0.6682408365260263,,0.0
PDE8A,233006.32405112608,1.7525497110812773,0.24314137853771342,0.8215774550681638,0.4113174248018746,0.5933467585839975,,0.0
NPM1P33,979.4699396658282,-0.09352345305385407,0.3917750497710765,-0.31248157983211516,0.7546745598710715,0.8609249115971714,,0.0
GALNT14,27991.046639347576,0.07911252860130254,0.29078916472454525,-4.101533794188106,4.1042055068058875e-05,0.00013528176066958457,7.669676483735609e-05,1.0
SLC25A39,848532.4131793312,1.9087407705713402,0.168762601888485,0.6280676947303651,0.5299595948206633,0.6983671137444237,,0.0
HOXD-AS2,13931.79351074692,-0.11179538191742767,0.11936872673543486,-0.5814391473817305,0.5609445197948044,0.7237386432777273,,0.0
KYAT3,158259.54697222752,1.2094166334903138,0.27974488793729363,-1.3914389253469306,0.1640923678099223,0.298496382215574,,0.0
SLC19A2,305724.554831335,0.7311979489116406,0.09919597283566241,-11.74220729692933,7.743858087969516e-32,1.6190819609030828e-30,1.4471226202536901e-31,1.0
DDX47,274319.4460249961,0.8613677779405203,0.24613141145565973,-4.369721896205884,1.244048696518408e-05,4.380910032771307e-05,2.324798555161737e-05,1.0
CACHD1,189892.25759688942,1.8650711370258504,0.3486192228440845,0.9668716354942549,0.33360820779071276,0.5135881121187484,,0.0
CCNA1,8735.431692796752,-0.22664660939076137,0.3600507991270354,-1.4686296683836684,0.14193326322571168,0.2658322774883363,,0.0
GDF1,5974.350541326431,-2.3793450930356044,0.6667497311250283,-4.182649207371924,2.8813179569744914e-05,9.689061797443832e-05,5.384422524682697e-05,1.0
ADRA1A,17494.382486117665,0.04971972849247914,0.38313784532281037,-0.6438144755837181,0.5196957458140927,0.6915897847757714,,0.0
EVPL,218371.70270931727,0.6707612228592964,0.46897629732070806,-3.3115265412110215,0.0009278843763328377,0.002597556430551927,0.0017339709156825693,1.0
ADGB,411.8810147421842,-0.7754517771548753,0.179501263535615,-4.473075598190092,7.710250308649995e-06,2.7738027928239038e-05,1.4408422136246831e-05,1.0
B4GALT6,8506.186703113588,0.6802167989162485,0.01669738421681471,-66.19149147723134,0.0,0.0,0.0,1.0
LINC01819,17192.413551222868,-0.06631144405475389,0.6869584163785285,-1.9204902261497536,0.054796006546673486,0.11691530517238574,,0.0
GAL3ST3,95.01110598122425,-2.1510892930060717,0.44641457750173785,-5.199687982872983,1.9962334484869148e-07,8.496744925118495e-07,3.730433261813431e-07,1.0
SLC29A4,207827.22776738397,1.5705984160086834,0.19737343261796728,0.34705465138116803,0.728550261450814,0.8463194402954015,1.0,0.0
REP15,6552.97535297279,-0.34397065561926193,0.29913381393605964,-1.0376178300858943,0.29944801357034434,0.47322635161638543,,0.0
ADCY10P1,28102.057308263244,-0.1974105010260164,0.18407379023198459,-2.973093737982933,0.002948144001556583,0.007786403581278144,0.005509302758331431,1.0
ITM2B,3370984.521829979,2.150500101539989,0.09581479832969815,1.2700322625562928,0.20407313821480588,0.35248996600739196,,0.0
TPI1P2,4651.549907356952,-1.1165885755564924,0.2736397897091808,-4.464959772134876,8.008379740345538e-06,2.8789837095328528e-05,1.496554733078035e-05,1.0
EIF2AK2,315099.6373243193,0.7058067683747407,0.4617793449869391,-3.69059827103695,0.00022372723448489304,0.0006792010879228496,0.00041808713190763297,1.0
SLC5A5,11245.828467687297,1.4372167547719692,0.2491128850028701,4.726139063087895,2.2882896914808904e-06,8.742036382515297e-06,4.2762092701308935e-06,1.0
SAP30-DT,15725.82639532506,-0.3139625294650002,0.3495719701019156,-1.4028452249240815,0.16066299765396175,0.2930321178887529,,0.0
PPIAP35,1016.6644743550802,0.1569542722536525,0.1859924129995544,0.8034364486913727,0.4217225150720615,0.6027881601301749,,0.0
DNAJC30,139742.23565463215,1.3209078503312615,0.17728246790822927,-0.22636136194963177,0.8209203767107879,0.9033428178659383,1.0,0.0
EDEM2,174172.24775990975,0.27109796579616885,0.10828641512243971,-14.321658474155397,1.6025271275147534e-46,6.72926727411027e-45,2.9947000958082356e-46,1.0
MFSD14A,332904.6160232078,2.0472418263943752,0.10711395166376421,-2.9909663291512314,0.0027809615521878325,0.007368221037265429,0.005196882900629244,1.0
HNRNPDL,1538469.8199550468,2.0698648263535775,0.07304081962313311,0.8887698200608095,0.37412679867273757,0.5577301947994241,,0.0
C2orf69,112696.67474819705,1.7203390216559542,0.17540569151929558,1.9741573203039984,0.04836385728520165,0.1046789194678954,,0.0
ABCA7,109018.63814237776,1.1417912941839137,0.45689699346338236,-1.5242583533217875,0.12744418624696732,0.24362608977662423,,0.0
SOSTDC1,58576.02136096582,1.5411302213040368,0.15113160521431343,2.228252008400275,0.025863714674662374,0.05925767181535438,0.048332454087243036,1.0
ARPC3P3,131378.53111289296,1.7641326115583613,0.21497878300473658,0.9482264895512006,0.3430141644998481,0.523211776558529,,0.0
SLC47A1,18374.244058050477,-0.028544380771942993,0.33258454073818283,-0.9085449899284062,0.3635903552510611,0.5447859086025644,,0.0
MIR29C,1470.6036201241113,-1.5996843190232137,0.25166773349107163,-6.527879746772561,6.670721798067257e-11,3.7750392780228856e-10,1.246581781037475e-10,1.0
WDR86,421284.1960751338,3.271525871633776,0.10617241195860393,12.364327321943458,4.0760924150399445e-35,1.0663996752855813e-33,7.617140537754152e-35,1.0
MRPL16,335699.56631191337,1.969459584192302,0.30921226575015576,0.38202454174084927,0.7024431610715725,0.8284419343579532,,0.0
LINC02660,890.2701582601188,-1.2540126992284795,0.3947961791765547,-3.6033887500771207,0.00031409521687140513,0.0009320271963814795,0.0005869610316777904,1.0
LINC00595,2245.101945305844,1.2594485446935988,0.30163566462312463,4.431248343629491,9.368911078006514e-06,3.346422348591748e-05,1.7508021188032366e-05,1.0
PSME2P3,7525.255049503187,0.3735063306054174,0.2956437691550655,0.9274863062012887,0.35367409842633024,0.5340324651296833,,0.0
IL12RB1,11224.089466410273,-1.2218527051346424,0.18033053892242368,-6.470363957129734,9.77671410966735e-11,5.464680134900196e-10,1.8270097384445678e-10,1.0
PROSER1,15333.57637513313,1.320427627664983,0.10094489950188945,-18.622354005260185,2.1170014929060314e-77,2.859096340554443e-75,3.956116851178548e-77,1.0
RBMS3-AS1,155.24570768470227,-0.10861175087341825,0.4279643809539421,-0.32224461124405207,0.7472673905652085,0.8566193970776325,,0.0
SLC6A7,2933.6924254890373,0.023693914160070585,0.7274069037643762,0.5869509476500937,0.5572366512917641,0.7209942381364057,,0.0
DSG1-AS1,2345.6923931451192,0.04256161850820997,0.20560013037966296,0.1748490810337552,0.8611982212399623,0.9260020214274425,,0.0
BST1,42655.89655863213,1.472047832401258,0.18097374665826726,0.9833521605197906,0.32543414663801795,0.5031542174350792,,0.0
CRLS1,281267.42370570917,1.3449570467785121,0.26346232825881866,-1.2912822021362733,0.19660583985262792,0.3425520856846519,,0.0
SPATA17,18856.091906416343,1.663004106746158,0.343016580544069,3.5442347446905185,0.00039375449379387185,0.0011553677072742088,0.0007358231882901936,1.0
AP1S3,16036.054869421318,-0.2314467741392578,0.1647563391073021,-1.0004266909619741,0.3171040584749263,0.49409696919214424,,0.0
MRPS9,143723.8862248759,1.6007810536723364,0.13894191648809776,-1.3576149297158515,0.1745859030898188,0.3130268237315481,,0.0
YWHAEP1,15021.602200250218,1.1309550541710394,0.4654131411872969,-0.39824342339064783,0.6904507601769396,0.8204952315348792,,0.0
CEACAM4,4600.636762964414,2.3176854459027796,0.772210522169699,2.3531634372137544,0.018614450419587848,0.043425027426087996,0.03478549317377729,1.0
PRDX3P4,201.00099010117378,-1.3760922301500738,0.4210654269750369,-3.670917544149189,0.00024168130506375138,0.0007297169071924869,0.00045163854951517043,1.0
RPL12P27,445.244290728494,-0.5354895512655632,0.33275954727624374,-1.7841420606769216,0.07440058419566373,0.15362798315112877,,0.0
PPIAP39,6391.515672737012,-0.2717654078864061,0.2568038176335549,-0.7775481322193046,0.43683544866720714,0.6159330521980909,,0.0
CCDC117,259825.09297352657,1.4995471579246817,0.19804890223818464,-0.3775610216795458,0.705756725128952,0.8304942820813916,,0.0
SNHG1,269179.3598195438,0.7814798783678796,0.3128381857495474,-4.82139060568379,1.4256089411250567e-06,5.565443655313991e-06,2.6640867160814915e-06,1.0
SLC50A1,359003.49218001415,1.1483733415007071,0.24787644255332253,-2.0903496126156607,0.03658640563295404,0.08129047085276628,,0.0
HIGD1C,466.0442620558021,1.2520229398021907,0.23755769720880374,5.48627396744341,4.105000894739713e-08,1.8597179937456343e-07,7.671162853782478e-08,1.0
GSEC,15484.278311679944,-0.40358914846454885,0.3933587295232546,-1.5723462788113713,0.11587026574083995,0.22459414969238836,,0.0
MDFI,149587.4191052234,2.052412123995325,0.5285537634961893,1.469656853819738,0.1416547138063351,0.2655096042349049,,0.0
GPX2,42662.83357318848,-0.12471694869221416,0.11630289900150168,0.18673936475405947,0.8518649903429285,0.9193886299662233,,0.0
IAH1,200378.8400048173,1.1938166265900036,0.24202863241202577,-2.457762719412631,0.013980551127397406,0.03337411706825679,,0.0
CCRL2,39019.2114079739,0.44400479506992546,0.1721733382065052,-1.9234283731539628,0.054426273876098046,0.11627537005509274,,0.0
UNC119B,128670.72028610432,0.8664003774971529,0.41914173459115617,-2.9506283067536163,0.0031712829683726972,0.008336086792718763,0.00592629057328286,1.0
ZDHHC19,1846.392447005695,-0.2366188266627019,0.5806319981422593,-0.4575857557441623,0.6472500790562015,0.7907845097906696,,0.0
RPL12P32,4574.780670021108,-1.6548037997180758,0.2617675515035171,-6.720131078914078,1.815611587454799e-11,1.0736817872794829e-10,3.392898692038755e-11,1.0
MAP2K6,29045.866911585832,0.07820830984302181,0.24277762497264313,-5.966260326826354,2.4275287706990908e-09,1.2118243024159197e-08,4.536410346740223e-09,1.0
CCDC137,97935.70546118535,0.975425300586204,0.5087613337083617,-1.705155940048682,0.08816534488175781,0.1776460598282838,,0.0
MIR31HG,840.0359544039759,-1.2310001281800282,0.22542248851263536,-5.687641517760826,1.2880585218528599e-08,6.032266573288417e-08,2.4070412990646003e-08,1.0
BCDIN3D,158486.41229681048,3.2318278486047562,0.1066260544309195,17.164060072830104,4.93405903774826e-66,4.7414409637746264e-64,9.220453631872871e-66,1.0
PCBP2,1789463.9912482954,0.8207808863931737,0.10028891563288393,-13.692461002175301,1.1262894225417155e-42,3.9634283411556004e-41,2.1047375633661003e-42,1.0
STK38,307657.7494696701,1.0235723207560168,0.2904026620893422,-3.142957703832654,0.0016725000529015472,0.004564436244865664,0.0031254610188291066,1.0
CNTN3,28187.019379145,1.255354459316739,0.3762970255925972,0.457091237769901,0.6476054680290304,0.7909152857608833,,0.0
DEPDC7,23662.843286490475,3.1758916119923266,0.5949238682671689,2.859957747090406,0.004236974556639153,0.010930388156698941,0.00791778678366711,1.0
HTR1D,4154.792438998535,-0.04601399249671944,0.15488794833281747,-0.47323085466760717,0.6360484870390695,0.7819451064751032,,0.0
NPC1,422942.55053793394,1.6807927742885524,0.2768713948215425,-0.13894697254386104,0.8894920522251774,0.9397022801203405,,0.0
SGCA,23322.007573036673,1.4446099419834522,0.2397396585149686,2.012436375923709,0.04417395720965978,0.09639181841775979,0.0825494630428833,0.0
CDK14,302272.644943308,1.3837828764026365,0.1746852692584975,-1.1286606584613945,0.2590410114155567,0.4239855663424621,0.4840792573087273,0.0
SLC43A1,96269.78165950518,0.746014033006487,0.4033139576061891,-3.2449545846215258,0.0011746935673338582,0.0032628925825276757,0.0021951921301298764,1.0
INPP5J,7193.955111244708,0.6818211045700053,0.0851372986958987,-3.4996960131747854,0.0004657890084967595,0.0013498894257399858,0.0008704366774339218,1.0
UGT1A7,21942.332468100078,0.3930762380771987,0.17488873094173074,0.566054162626766,0.5713569617955936,0.7335774000763889,,0.0
SLC2A11,71688.27498317238,1.4381414093714198,0.2033460382248478,0.7743632385242487,0.4387160165152665,0.6178872419748553,,0.0
DDX49,228679.74670152567,0.45443623358293617,0.5958244999716488,-3.911488544716681,9.172900782480607e-05,0.000291583875382033,0.0001714172969710381,1.0
LINC02157,176.8482204989456,-0.9656225087400143,0.5417900698657502,-2.2741502307720793,0.022956955439560597,0.0529620989526705,,0.0
RPL29P14,1140.597784311312,-1.692014189144427,0.1374643507575521,-12.453208217570625,1.3433463393427733e-35,3.551693998780867e-34,2.5103596326461624e-35,1.0
AHCTF1,485968.72127258143,2.656173314028391,0.1568863034963731,5.0651425828508225,4.0809478380702047e-07,1.6825492035343904e-06,7.626214041449818e-07,1.0
MORN4,42035.86246624116,0.9178110117862751,0.31941857301605314,-1.5328642101193664,0.1253093157876563,0.2397284268724803,,0.0
PARM1,923597.5469638521,2.694369332733262,0.12180818565047491,5.7287895831734055,1.0114976580604352e-08,4.80886405953743e-08,1.8902220633238572e-08,1.0
P2RY1,45476.26056789897,1.716053197672964,0.3205324577218088,1.3977487918018834,0.16218851674334733,0.29557112259901774,0.30308751614304663,0.0
SNORD12B,1523.7468098961574,1.5345941693701655,0.3099062547250913,5.215613846472605,1.8320949264976593e-07,7.832927362640547e-07,3.4237017007138386e-07,1.0
CATIP-AS1,2830.003730428226,-0.0899836818054445,0.263948869126712,-0.4379563402362613,0.6614179329541451,0.800151728845629,,0.0
RHOBTB3,590594.2318337916,1.65370342165298,0.15305743057078197,-0.586745606257253,0.5573745731280639,0.7209942381364057,,0.0
CAMK2D,352942.97876081,2.033154111652062,0.11182449350250243,-0.2247149910479722,0.8222010016821573,0.9033725605553519,,0.0
DAZAP1,620754.0634957396,1.9005105015347439,0.10924131072105354,-0.2228599709345586,0.8236444914499766,0.9044585406532172,,0.0
ORC5,156285.832147863,1.5038744365004804,0.2043740284515905,0.24792311464444403,0.8041938952183801,0.8938071384355528,1.0,0.0
NECTIN1,268781.94374196976,1.758820602767004,0.14380768367398544,0.3580428378119152,0.7203112557604452,0.8411767574281245,,0.0
ASCC1,135381.94193657782,0.13493031912432693,0.574585123494208,-6.058611577426715,1.3730149285329807e-09,6.9867164947854424e-09,2.5658023926250205e-09,1.0
PENK,21547.110289836244,0.039053173836984846,0.3898539507334091,-4.401653584460205,1.074289824592269e-05,3.818084106321172e-05,2.0075640439370116e-05,1.0
KRTAP5-1,2833.054753844547,-0.16314651622656803,0.27042314466428213,-0.721976036858895,0.4703092105565443,0.6497470625244821,,0.0
LRRC8C,198411.50963410456,1.577537022278986,0.15853828538314307,-0.5188990999170322,0.6038311054836848,0.7586985250444991,,0.0
G3BP1,604359.7659493939,1.4216736849738658,0.2914440653749193,-0.9709250385601582,0.3315856086186,0.5113991624281309,,0.0
CLNS1AP1,542.0576017910038,1.3518767215509198,0.3831574316831825,3.9189265996184863,8.89441935959798e-05,0.0002829116075105736,0.0001662132144349705,1.0
SRP72P1,1033.1220575068348,-0.4317635032779232,0.47432882911140395,-1.1190120929196168,0.2631349800409666,0.4285806699037516,,0.0
SLC44A5,26456.87061578756,0.9173319915915377,0.28530809520373246,-0.31094806954508697,0.7558401003451412,0.8613302124115553,,0.0
LZTS3,160945.3784760842,1.5579243414349404,0.19112312812928176,0.6480597657712477,0.5169462955023221,0.689215752034446,0.9660361400991411,0.0
KNOP1,183123.61261004044,0.8263509560155161,0.2652539801802218,-3.7427816643371528,0.00018199435328266058,0.0005575878500021183,0.0003400993954201402,1.0
FES,302620.33737850067,2.5254271804845825,0.09870996027190126,6.782143370592159,1.184058797132413e-11,7.154464098271666e-11,2.2126932719785594e-11,1.0
MPPE1,187259.93958225966,1.4041594690190358,0.23979860518740528,-0.5299807228110452,0.596125296416367,0.7543271983268133,,0.0
POU2F2,28861.551742376214,0.43181530370157517,0.5392773438778649,-2.866546322567012,0.00414977423677194,0.010722038190873518,0.007754832408806801,1.0
HOXC-AS3,18087.175270583662,2.1687215053355122,0.45187198229261133,2.674348028309808,0.007487470339566331,0.01875433046958043,0.013992105193273357,1.0
KNL1,33741.52785045112,2.1051796814462125,0.764229446004801,0.9844498083496055,0.3248943983460435,0.5024751806051314,,0.0
ETS1-AS1,249.69827897503887,0.2275882653410446,0.39498583622069006,0.6923929295724267,0.4886906048031928,0.6657543490189626,,0.0
CENPA,29658.402137131845,-1.5810721679287332,0.15507358733595625,-10.856487819348406,1.857567557001361e-27,3.1253417785642424e-26,3.471303321741137e-27,1.0
SDR39U1,906363.4787831556,2.400554237403297,0.12066298947745809,4.37146598472796,1.234150794744046e-05,4.349119549602255e-05,2.306301990028421e-05,1.0
SPATS2,83338.95389409953,0.27275435878298465,0.30112763252764924,-7.146423275792588,8.906813436862731e-13,5.757742140233256e-12,1.664448270157183e-12,1.0
THY1-AS1,211475.34126944357,1.8058986218235478,0.3423251250225996,0.6587808487744746,0.5100365069925827,0.6834680679651209,,0.0
KRT18P38,23848.667879238277,0.22134292616498652,0.1560905626567799,-0.15914225676477264,0.8735567963463169,0.930936939932298,1.0,0.0
BUD23,767463.455496731,1.9770798471932503,0.15264805428145192,1.1607107446239568,0.24575955084403145,0.4075872803078743,0.4592597141240184,0.0
FRMD3,116078.40823317916,1.3872241796391742,0.33714909948931093,-0.09202011180736497,0.926682060474086,0.9591499426041799,,0.0
CD38,34061.131010170655,0.8218110746959137,0.3813329790412743,-1.4805771743864353,0.13871928156509014,0.26088831388060046,,0.0
JARID2-AS1,884.7964654349086,-0.21194665079612043,0.17179625802943146,-1.1572523487708655,0.24716927571856173,0.40924614670830123,0.461894117713408,0.0
COX16,217153.18221423466,1.4951710276569061,0.3172522697296026,-0.4365728140450855,0.6624211821000161,0.8007060103903678,,0.0
TACR1,38294.857318864975,-0.02231978902856644,0.558586289100472,-3.4719580724383534,0.000516677024659653,0.0014880893903310008,0.0009655329439881398,1.0
ASCL5,646.9785195389735,-1.1192616642225504,0.44012508946580936,-2.972772045848028,0.0029512354467343435,0.007790450886070531,0.005515079853153147,1.0
MIR641,219.3198857058938,-0.9560381427172905,0.44397440900062957,-2.5558249133650524,0.010593640789321745,0.02588578142994658,0.019796717660523846,1.0
LMNB1,196337.38800864253,0.3130257677672604,0.4018124071470169,-6.828615006814343,8.573832185513308e-12,5.2568637338662575e-11,1.6022228657819748e-11,1.0
HOXA5,82306.80053401622,1.8532223553133624,0.3589737432488197,0.952663383836297,0.3407606512888153,0.5212062976707101,0.6367916882910284,0.0
CILP2,83519.73500979788,2.2364610612613607,0.11815907055339654,9.192593838867113,3.8348067894935265e-20,4.12985550152999e-19,7.166241408788015e-20,1.0
NRDC,716219.4645929972,1.6513494960330815,0.20694627906471408,-0.4772689721881113,0.6331706024563044,0.7795429986153936,,0.0
COL4A3,14074.609744928981,-0.2213329955767472,0.11612766219718973,-1.281319392643519,0.20008150403780467,0.34691439128275847,,0.0
MED27,70568.75224912776,1.0659208627222734,0.12447109285440804,0.6205031563691629,0.534926576603335,0.7028619587392587,,0.0
ASTE1,48103.249881660755,1.0289176789713919,0.564209341452893,-1.1299131898815336,0.258512805549589,0.4235372096168184,,0.0
DCSTAMP,7368.890834406428,0.7650811328883598,0.2902174534058787,3.0227202716083963,0.0025051369154291264,0.006683485940416094,0.004681439478832964,1.0
TBC1D31,81279.08604161107,-0.20510326399776657,0.14227729649493026,-13.79891997325053,2.586993828375938e-43,9.435918365251505e-42,4.834408436946358e-43,1.0
POMT2,121485.6242223999,0.9414231827568639,0.724170215845207,-1.3465527957134678,0.17812430578448035,0.31857092197746895,,0.0
GH1,2660.4510754292346,-1.8145864580483055,0.6122609018038688,-3.608714237355168,0.0003077183388560597,0.0009152788924188871,0.0005750443303155311,1.0
MIR3150BHG,2044.6272273136733,-1.1702244620410844,0.5834101941684567,-2.98934487236661,0.0027957637331586164,0.007403514241967995,0.005224544268733585,1.0
GJB4,1158.9892269320421,0.04275673845158142,0.17814680411538533,0.17119627024162629,0.864069440119072,0.9270411099592821,,0.0
RPS13,3694913.0762816607,2.665106894938825,0.06085816277547223,6.091226497718114,1.1204888637631912e-09,5.760373304757887e-09,2.093897850495388e-09,1.0
HDHD3,118605.1427313302,1.7050793376192628,0.4332025597513138,0.18789493983275685,0.8509590095204531,0.9188077291645861,,0.0
RNU6-100P,167.44358820638348,-1.3517734426460244,0.3898434531335087,-3.862232206341027,0.00011235569580248258,0.00035178033328634427,0.00020996313086200656,1.0
SLC16A10,10833.775625734292,-2.179456439932561,0.3298807652360564,-7.961763335441426,1.6960464502715364e-15,1.3452609701598203e-14,3.1694630187011475e-15,1.0
TCN2,240219.06238509147,1.9830249147419878,0.12025858108253383,0.6111988840890926,0.5410679220631899,0.705931176644846,,0.0
MAP4K5,66073.36755348867,2.5624252250298056,0.07893686575257292,-1.6831815232029772,0.0923399565256535,0.18442156784919686,,0.0
CLVS2,1541.5597471088176,-1.4393384328264545,0.22929695217017548,-6.412655423388176,1.4300650676366983e-10,7.878759804829749e-10,2.672414040007697e-10,1.0
EXOSC3,201072.12517082202,2.791082018654041,0.1316859843695819,10.501568831331975,8.495628787546133e-26,1.3062356015805546e-24,1.5876087154587894e-25,1.0
SECISBP2L,390556.78816078464,1.9272306339141776,0.24177553542567592,0.47953931212212547,0.6315550082944791,0.7788451077116268,,0.0
LRRC74A,439.1169102951092,0.007019461563030545,0.06778922152252585,0.10024891787036097,0.9201467107419798,0.9559195662323645,,0.0
WDR33,494994.31730488094,2.1093146880786633,0.10658634395184854,-0.8607071076450248,0.38939937748885867,0.5739907638087984,,0.0
SELENOK,218028.44481839504,1.4787145504904269,0.17334614949500296,-1.5057671431415556,0.13212696076702724,0.25110118236069773,,0.0
PCDHGB1,460141.64390197303,0.9699198385925404,0.141813969823408,-6.878042868818371,6.06804123424276e-12,3.73884118958213e-11,1.133956695868028e-11,1.0
OSGEPL1-AS1,1247.2831174290686,-2.430443575014766,0.3328418908205523,-7.600607968347219,2.9474273719280957e-14,2.1376334655333373e-13,5.507963566763162e-14,1.0
DEFB131B,139.39060951939746,0.527688580448478,0.06799476679814774,-0.520144830344311,0.6029626343141224,0.7581497507205408,,0.0
PLPPR1,2587.6958395911447,-0.8374491288388355,0.5287381193457007,-2.1429767068036596,0.03211496880329285,0.07219005807919675,,0.0
H2BC5,9131.119412727998,2.0173498568692363,0.12373313711029989,-3.0840841917615776,0.0020417980533870657,0.005512082589289663,0.0038155814782255674,1.0
KRT8P23,164.1295179104082,-0.049851046696516695,0.40983655609647485,-0.14653961973760943,0.8834954154507584,0.9365495361000217,,0.0
VSIG2,25266.036338155107,-0.09338952757267519,0.15355111341943842,-1.0379590466616244,0.29928912174587285,0.47312487863464936,,0.0
AIDAP1,10282.537837285914,-1.2737018472298691,0.15455879482339585,-8.71452204305093,2.9198789708666723e-18,2.7738850223233387e-17,5.4564828786165905e-18,1.0
SMCHD1,380726.2627128977,1.432684574135034,0.20333575646186194,-1.4727473081856555,0.14081918507783653,0.2642408816499997,,0.0
TOMM34,187993.04852080313,0.7381840159760077,0.30024561133503513,-4.295451571177292,1.7433809436559186e-05,6.003910803203739e-05,3.257918689397392e-05,1.0
GRK3,214546.25184654686,1.3704186802920242,0.2698754448733659,-0.9920603977231618,0.3211680635104055,0.49850634078406647,,0.0
HYLS1,42220.59456412948,0.6023749598486104,0.6850487817326099,-1.4453394144491827,0.14836257200611103,0.2747842002648394,,0.0
COL1A2,9586107.183607081,3.1588234554394377,0.06447789655331386,-0.6705131645082583,0.502530717261483,0.677971872453889,0.9390972304246935,0.0
NDUFAF2P1,103117.57636368439,3.0848180133496292,0.13737151605343564,15.91191455983153,5.238666271581707e-57,3.4444230735649726e-55,9.789684128307328e-57,1.0
IL10RB,359734.7403094331,2.886190128597938,0.09297668824862591,10.817542141305296,2.842994173882655e-27,4.704119830096565e-26,5.31280549248004e-27,1.0
DYNC1I2,373475.18615893717,1.7854000761319677,0.1281440308775305,-0.1839971385841556,0.8540156996795252,0.9209142104658151,,0.0
SMARCE1P5,9513.815822518693,-0.15154334525635757,0.2078682596419905,-0.4101335317682908,0.6817079962183578,0.8147560050473891,,0.0
RNA5SP216,17698.2899920911,2.4263074935902287,0.33647145065610734,4.560458840993236,5.104196657293575e-06,1.8658135110823696e-05,9.5383959223994e-06,1.0
KAZALD1,67564.90407469557,1.4832448668153322,0.3989325515546791,-0.02509091008590317,0.9799824506019441,0.9880379204988687,,0.0
ADRB2,106006.30819212153,0.6340960657697695,0.28275712900223837,-5.45676070942422,4.848991158135022e-08,2.182919713261325e-07,9.061484224831976e-08,1.0
SUMO1P4,53719.58990849827,3.139887874933447,0.10837829888344969,19.067465178323346,4.705686514194185e-81,7.348223597321356e-79,8.79368568116243e-81,1.0
IP6K1,364001.78373572684,1.9453100314920393,0.16304911826497145,2.360455203709933,0.018252522612369003,0.042640418650775086,0.03410914565968882,1.0
IQCB2P,1369.097460482098,0.10486686082132433,0.1866125236888194,0.4710354900119944,0.6376153911800946,0.7830336961727532,1.0,0.0
PRR13,1286559.2986075084,3.141081811151168,0.06681735299197615,11.76551889801593,5.876392579887984e-32,1.239001422856551e-30,1.0981426223522909e-31,1.0
DFFB,38328.927914698994,1.044687851381122,0.678898298358099,-0.4946500028226193,0.6208471994394889,0.7712691104879611,,0.0
LINC01141,243.56467993567603,0.06777905394968342,0.6229247999389532,0.16966765244362947,0.8652715147861164,0.9279981582822017,,0.0
LINC02133,179.6844218251353,-0.17327942354181003,0.28010635448947907,-0.6821182610597095,0.49516417457114725,0.6718446018833694,,0.0
LAMTOR4,605107.6199280628,1.77036788256437,0.11345028645756454,1.0990904058850608,0.27172863428727156,0.439426532535112,0.5077890746198565,0.0
DYNLL1,2797473.8534860015,3.5282240889232455,0.06504021781420025,11.984801626451986,4.268649615395278e-33,9.87520468894917e-32,7.976979105508678e-33,1.0
YIPF7,1384.1478630191355,0.1511377178847984,0.24424302513789298,0.5977470941933283,0.5500086967574913,0.7153764521056554,,0.0
CPQ,271011.1854547571,2.853298785251469,0.36634972700558527,3.4623242598661474,0.0005355315256645735,0.0015388447577607094,0.001000767028326804,1.0
WNT16,588.2967936815505,-0.7580145945160549,0.25389918181342086,-3.137726180164989,0.0017026385354003675,0.00464161743665883,0.0031817818853386824,1.0
CCDC81,1966.0359051250216,-1.7811913828449164,0.6521334186769472,-3.3711103873687818,0.0007486585268624079,0.002112392240955083,0.00139904512293622,1.0
MIR4785,128.78123824144626,-0.15090221279495786,0.5961807274481468,-0.3905385662116394,0.6961383430919407,0.8245897466264275,,0.0
MTND1P8,339.3035963050106,-1.2802565607865473,0.20335010789705193,-6.493386867633843,8.392779739551477e-11,4.706927088500419e-10,1.5683889438496158e-10,1.0
LPIN2,244952.32435978242,1.419566778063324,0.22526301722820607,-0.9059348961105119,0.3649703126195234,0.5465258172489537,,0.0
ARHGEF33,30820.800489982164,3.392607939959564,0.18002180965166362,14.340699322016237,1.2182166702900353e-46,5.158837882575683e-45,2.276525318414101e-46,1.0
CTRL,33125.653584565924,0.5431809781535742,0.7053355321226934,-1.1471111447114133,0.2513356883974449,0.41484696922853986,,0.0
LRRTM1,2093.019767072366,1.4195124196616502,0.21074353394472292,7.004644797559913,2.4761322175947984e-12,1.5702071943301023e-11,4.627237356515036e-12,1.0
CSPP1,107666.40819724507,0.6211836016272603,0.25912278418844853,-4.350191855246309,1.3601847254012505e-05,4.74971563440255e-05,2.5418261304525238e-05,1.0
ALDH8A1,4141.979761070858,-1.757041774799076,0.21794016883842993,-8.323258906367647,8.557724043977275e-17,7.449990774870113e-16,1.5992126794223802e-16,1.0
TRIM6,36387.498448729675,1.4895493614707407,0.41471966795657483,0.7303136707142271,0.4651984738187245,0.6448257347218214,,0.0
FAM13C,73580.95341223758,0.44776440246065247,0.22489923950393173,-5.8990537342242995,3.6559217077170385e-09,1.8034196222568648e-08,6.831952420890815e-09,1.0
RPS26P19,25875.853308914113,-0.09176890497187898,0.13792316421085518,-0.0968879755238785,0.9228153580206828,0.9572988050714869,,0.0
XPC-AS1,112603.1664218788,0.18311757123163985,0.23186412821248226,-10.447275868797817,1.5079438628912027e-25,2.2903329735159088e-24,2.8179489464724535e-25,1.0
RPL31P17,22450.617940108168,-0.013248125910991039,0.13097552414982985,0.5236069826912159,0.6005519238214636,0.7564804545842837,,0.0
TFCP2,766437.0948077906,3.190192909979442,0.12115354299350126,9.602010875484762,7.839970304971242e-22,9.39480374435043e-21,1.465083456018747e-21,1.0
CHORDC1P1,988.0895986172815,-0.8699851019209822,0.6803733676587173,-1.943913775025611,0.05190584983613755,0.1114147472642523,,0.0
TRPM1,949.6643422544709,-0.08697801584442211,0.6258240238865798,-0.13380047033467254,0.893560355267421,0.9427498431882327,,0.0
LINC02343,1197.980983995601,-0.3650769821416046,0.22050758571056092,-1.7346822500819727,0.08279710193981817,0.16811748004602656,,0.0
WWTR1,535245.7798547747,2.0148544887161965,0.17196977188826998,-0.031943342616986635,0.9745172338511467,0.9853958907713378,1.0,0.0
PCDHGC3,2543377.8822347624,3.2568986509399145,0.08088221518645271,7.311096635140601,2.649708802034437e-13,1.7844467498337039e-12,4.951606164460015e-13,1.0
SOBP,41166.60075707865,-0.804765065385765,0.1609190843967754,-8.82555935266115,1.0891406345471934e-18,1.0713456202425837e-17,2.035316286773495e-18,1.0
BORCS8,465400.0419448527,2.7858828258228385,0.19608006778734996,3.363181067711694,0.0007704980883315477,0.002172787216361594,0.0014398574971551024,1.0
DIO2,130084.96876841321,1.674773521277777,0.17771630666593458,1.0707815998139536,0.2842676422125151,0.45382920387729647,,0.0
TYSND1,343721.3036899402,2.951205345466122,0.1863234162395874,6.9488592221006895,3.68251789560287e-12,2.308850931534196e-11,6.881653674019276e-12,1.0
CD163L1,83002.16960153935,1.1555564360508574,0.3393514281245097,-1.5760032012792091,0.11502506544841457,0.2233023512221164,,0.0
MRPS17P1,724.2368761573676,-0.09546698456553959,0.15748167221090342,-0.6611000291910345,0.508548166577403,0.6824684046157005,,0.0
SERTAD2,287620.4507201306,0.8170556641857897,0.31309752717740646,-4.373259514036406,1.224050709196293e-05,4.3196196284278786e-05,2.2874275968039925e-05,1.0
RBM44,9355.513540971506,-0.2657309900497999,0.1810884311801026,-1.189052456976301,0.23441902529260195,0.39137716985871435,,0.0
SARAF,1311834.4027675423,2.221663902506193,0.08420811910317146,1.1398171239728465,0.25436249806975253,0.4184173282306488,,0.0
ZFYVE26,231346.4823899262,1.5017911426396016,0.14749019335676244,-1.5439566307250943,0.12259883944951327,0.2354444276438193,,0.0
SEC24A,217189.04865073581,1.5064628413513081,0.23285160893228404,-0.20505240617136344,0.8375311806216249,0.911994619648346,,0.0
SEC63,2169677.1600207053,3.141841234066925,0.07046110232258694,5.827870516885814,5.613910825862034e-09,2.7288630736218464e-08,1.0490917126713756e-08,1.0
PTGIR,68703.68927227546,2.0565886097882244,0.22816996430073933,4.127303166037383,3.6704236733853305e-05,0.00012186782123525911,6.859052765858824e-05,1.0
RPL18P13,4094.517663136093,0.1852905801325325,0.15532962561087332,1.4570765941730872,0.1450952384777157,0.270638636309498,,0.0
FAM133CP,3128.2991118676728,-1.131635856847562,0.7156731107342093,-2.6075640743087796,0.009118900216471422,0.02255682120161277,0.01704081689667453,1.0
PROX1-AS1,1704.2068627291387,-1.6802106068342886,0.4616044381209093,-4.1397547074218775,3.4767738078241524e-05,0.00011576079937457752,6.497172295324341e-05,1.0
LINC01933,989.6093023911484,-2.3152154865900205,0.16686527777776317,-14.028046724679626,1.0500396834340116e-44,4.131534093007682e-43,1.962246932729901e-44,1.0
PREB,1790778.8989076272,3.589046952534955,0.08499711845913378,10.698837250184486,1.0306333522231516e-26,1.6775488146772275e-25,1.9259816234327183e-26,1.0
DPCD,103173.75535486088,1.1607554108026106,0.2377527085666158,-2.2453584718142947,0.024745129123343517,0.056798994133829835,0.04624211302518608,1.0
EXOC3L2,125358.01110797185,3.684216197981081,0.35715390574561096,3.8880918518016667,0.00010103539406593673,0.0003185324064021993,0.0001888084757470029,1.0
GLYATL2,56749.536283560075,0.45985294948537747,0.006487788881988278,0.9684825714447286,0.33280341907585365,0.512960729525614,,0.0
MUCL3,1575.8401191062221,0.18984584402018123,0.3826085343002314,0.5558822852185504,0.5782913290791288,0.7401636146461089,,0.0
BLM,41362.78543372442,0.7935817117878888,0.28826835478654317,-1.7638452620618001,0.07775803472508656,0.1595716219799826,,0.0
DNPH1,239500.36732332213,2.1744431604187335,0.20704717524531335,1.1942299048850893,0.23238804817171343,0.38902615635311627,0.4342719060261975,0.0
ASB9P1,916.4156021991839,1.5148105927103386,0.25369540030531224,6.189563123132895,6.033118987102626e-10,3.1734205872159813e-09,1.1274306499084453e-09,1.0
ATP6V1C2,1670105.755209394,2.4603658515947986,0.10182370719110082,2.4548523977079197,0.014094244591809196,0.03358885512329222,0.026338421924184948,1.0
SNORD116-4,429.7524962288644,-0.1745453196106422,0.16564793729282504,-1.0915027234619517,0.2750517341560871,0.4435031741847475,,0.0
PCYOX1,1064887.4414214802,2.8866039607048117,0.06820788530486914,7.434877708898825,1.046647461876629e-13,7.264024120829883e-13,1.9559077662668344e-13,1.0
HNRNPA2B1,7470318.32625218,2.1682552226631544,0.04849983397361286,1.798307351045418,0.0721283154721385,0.14955402174866228,0.13478877801581005,0.0
PHLDA1,1164043.3199269765,4.655670317724203,0.15972250271570454,4.25099116152666,2.1282656767647822e-05,7.239580385836362e-05,3.977166636796416e-05,1.0
SLC17A4,351.3481238474525,-0.18963667215484115,0.2245436682147527,-0.8813743647179608,0.37811522806733955,0.5625012785509067,0.7065975297877695,0.0
HSBP1,472661.48994084384,1.7954570861096717,0.22288274252446158,0.30730851523089514,0.758608554868208,0.8629957329090057,,0.0
METTL21EP,1419.2703633950393,1.341008800848577,0.15157506173073218,8.975124303553095,2.8303202240842927e-19,2.880470500967253e-18,5.289121226532988e-19,1.0
HSCB,64745.13488937043,1.0307149617104623,0.22613288276510027,-1.788041166189559,0.07376936646534417,0.15251366331291882,,0.0
RIOX2,894505.4469204277,2.946312265173511,0.11143234691539064,8.650227357318766,5.139693106361719e-18,4.836731911956593e-17,9.604729413795628e-18,1.0
L2HGDH,37210.210530499084,-1.4258848545251959,0.16601086423773204,-11.904631434691131,1.1195686708953936e-32,2.5174763392949637e-31,2.0921782529784153e-32,1.0
CHROMR,66826.83794367814,1.2976360203937793,0.23234831978147646,-0.30460733451925187,0.7606652332058397,0.8633865337669363,,0.0
UQCR11,30163.53458876738,2.229212680984325,0.1055116211846658,-3.6359017243418683,0.0002770099315686866,0.0008278819545745975,0.0005176584248499353,1.0
LINC00460,3342.9019934824196,1.5004959547955914,0.2057925867917396,7.528462580086029,5.134122629530066e-14,3.659801823075855e-13,9.594319663336477e-14,1.0
RASSF1,254200.59836408007,1.7138410716769037,0.29319798945403913,-0.093005406209005,0.9258992663075929,0.9591499426041799,,0.0
COL6A6,15254.483377411369,0.026989217988393592,0.012232659205162083,-0.8386455856241162,0.40166822181725303,0.5844892558010523,,0.0
CT70,172.0044468999028,0.16726033900348097,0.2518303349339402,0.7175283218690824,0.47304816738704636,0.6513699896481319,,0.0
PLCD4,57908.60293161657,1.0516112804618,0.19745152226276497,-0.7513863593083812,0.4524201695940757,0.6318456085694791,,0.0
SHLD2P2,3416.317351204234,-0.14988085311132343,0.4905454224910545,-0.6200891880010514,0.5351990700426015,0.7028619587392587,,0.0
OR5BA1P,343.69803906511896,-2.4101604735158366,0.12567013979529143,-19.198340979073823,3.821027055789558e-82,6.1592490960582e-80,7.140490724674802e-82,1.0
ABCC10,10168.96610279203,1.23786600907996,0.14168252632550932,6.1783825959797305,6.476162060067994e-10,3.3957378608772053e-09,1.2102237028481588e-09,1.0
LINC01606,2202.911330212914,-1.1914035638097797,0.1695322156467538,-7.087059789711116,1.3699120898535946e-12,8.798779836758885e-12,2.560004006356923e-12,1.0
ZNF805,12625.959584694883,-0.4756928972102287,0.2927587062957462,-1.3766365763138142,0.16862463657215243,0.3048543085929977,0.3151149248134053,0.0
PELI1,247130.0036302961,0.6394171260912203,0.3433270957164609,-4.912234504207691,9.004426571935601e-07,3.5795640079524424e-06,1.6826895878819072e-06,1.0
CERS4,569224.2455275387,2.4546813415668702,0.15653217767682498,4.289399373252026,1.7915696164179032e-05,6.15713436949124e-05,3.347970595826575e-05,1.0
SESN2,116064.90154837901,1.218957065719971,0.1804605006162258,-1.7765234469898494,0.07564668081321722,0.1556222577289611,,0.0
JSRP1,402997.63159020955,1.48918147192168,0.2204324325862503,-1.1920266858021609,0.23325078177605274,0.3902089576615117,,0.0
MESTIT1,8648.221275800553,0.5571282350121521,0.12257268878306746,4.989781844138703,6.044751935673917e-07,2.4477816387814067e-06,1.1296045408587346e-06,1.0
SURF6,211304.5298682598,2.1560912989350527,0.35663299812968013,1.6451154373854697,0.09994600765354457,0.1977132163695107,,0.0
RPL15P18,11503.348152628532,-0.665451067205905,0.3471105982879188,-3.4777351008932404,0.0005056693869589097,0.0014597515462932825,0.0009449625754052624,1.0
EEF1A1P4,87087.36032096262,1.222706156409475,0.38051297212344454,-1.1900974221972727,0.23400810334815503,0.3910831078363648,,0.0
LINC01704,734.9288504705048,-1.2911216730557524,0.12842471395815516,-10.170915031667528,2.6738485870326164e-24,3.7531520756747145e-23,4.996717049140607e-24,1.0
SCFD1,213594.95570348165,0.045433443982203316,0.14159471201500676,-18.792636006798475,8.676082292036744e-79,1.2386966632373602e-76,1.6213307110436654e-78,1.0
PUM2,492401.5679248275,0.6352918398437224,0.16843845718185663,-11.698031380965427,1.3044456959927923e-31,2.6824342151753016e-30,2.4376646009259476e-31,1.0
TSHZ3,162587.7139503535,1.5429792253443577,0.10902193127068051,-0.2594058617008903,0.79532210749132,0.8869057288850984,1.0,0.0
CRAMP1,245753.34806891467,0.7959237982676639,0.2703084199135728,-4.35068967888719,1.357100015973754e-05,4.7422578879866074e-05,2.5360616229696517e-05,1.0
HOXA3,88905.4413576546,1.2583379347492454,0.19441212942832048,0.24820074406411252,0.8039790906811205,0.8938071384355528,1.0,0.0
GNA13,564847.5935329715,1.0063904543389948,0.21280220913252382,-2.8877203727288463,0.003880446737217776,0.0100887577241817,0.007251530421046083,1.0
SLC28A2,2206.177903368405,0.02769183038874575,0.297142304880964,0.06117039102916712,0.9512235100957824,0.9725822266253692,,0.0
FBXO31,566319.5089993131,1.8284302612896792,0.1815859329907106,0.47894749789286917,0.6319759794424498,0.7789797654844404,,0.0
WTIP,121980.86989105833,1.1663628692986048,0.4859468364770178,-1.333376380832426,0.1824083194098841,0.3239779036123155,0.3408729888149555,0.0
NPNT,290775.0682348661,1.813224248297223,0.32492177994224436,0.1732466744643305,0.8624575373664172,0.9264188121711063,,0.0
USP8P2,189.9158856944293,-0.2407362513072103,0.6734429174720935,-0.6134930615531404,0.5395503691820622,0.7050557517789657,,0.0
IL25,641.8378273111924,1.913343285176817,0.16741860111648094,11.650269116489737,2.2873533082267526e-31,4.608832452100436e-30,4.274459417056501e-31,1.0
CRTC1,260602.4351913142,2.480732282581772,0.23915503703737837,2.6059468789709963,0.009162066981720752,0.022631165945456548,0.01712148418386634,1.0
HNRNPA3P11,236.38863150293372,0.33801946534661914,0.2524329389393553,1.451381526060301,0.1466736510346283,0.2728697819136402,,0.0
PUF60,804577.7576683278,0.7023504454342487,0.1498105228104443,-6.9312112657628155,4.172523646090586e-12,2.609524488049394e-11,7.7973450484348e-12,1.0
PPP4R1L,55576.70747267166,0.17751315691573255,0.23435468726444045,-5.565715664446707,2.6107866045252386e-08,1.2024055910426376e-07,4.878870853707037e-08,1.0
LRRC8B,180016.35070031308,1.7474832021242777,0.24171037032130419,1.2967804000813858,0.1947067563836271,0.3400732826455731,,0.0
MTBP,38303.22977893613,0.42187544463404253,0.40891459501528016,-3.849550254950642,0.00011833490368575819,0.0003691133044430298,0.00022113669174186003,1.0
NPR3,124398.95396648654,0.9962862937798165,0.5310355596874092,-1.6563953763001082,0.09764177684193633,0.19377123069068936,,0.0
CCND2-AS1,17.491267371252714,-0.8883335661022383,0.03722728738055678,-0.1945959936528418,0.8457092397042119,0.9155178358021279,,0.0
CTRB1,14896.975131700185,-0.03322705201435466,0.13404180095612234,0.14716684408994216,0.8830003301904427,0.936407608226155,,0.0
ELP6,103216.95905047297,1.4909796855505402,0.16483676972043157,1.0864368134287203,0.27728578187402386,0.4459597850094938,,0.0
NAPEPLD,184286.6753288137,2.166154346839491,0.24515668122844012,1.7353325115910017,0.08268192633287481,0.16795186418104693,0.15451069030866696,0.0
NCAM1-AS1,1871.3144589220435,-0.05428866628170026,0.2508501432520314,-0.1664622894280663,0.8677931577615693,0.9281597622719524,,0.0
PCDHGB3,373003.9735714068,0.7841877817244497,0.3223391234496006,-4.588686118569997,4.460445175101919e-06,1.6437200988189005e-05,8.335394367982158e-06,1.0
EGR1,1283428.1921241407,0.9312489713820534,0.15611172961596018,-7.783085938028094,7.077652005396343e-15,5.3547253250884317e-14,1.3226262928558538e-14,1.0
LINC02614,100437.84911895325,3.81322506248914,0.37565263587077047,5.828604125155617,5.589291788914394e-09,2.7195414867775298e-08,1.0444910646673608e-08,1.0
CXCL1,57689.586555016416,3.0432961345367233,0.2609536976585222,7.752988809865273,8.975453043420363e-15,6.744411858341587e-14,1.677275200372908e-14,1.0
MSANTD1,3743.4146665333888,0.07547967331407231,0.15446779732053972,0.322530572269586,0.7470507808272486,0.8565885157856268,,0.0
RPS27L,305066.7863957535,1.7228010039315604,0.28438896894430077,0.2035347338847178,0.8387171000880242,0.9125541523865093,,0.0
MX1,628697.1602886207,0.8884604941023272,0.29843158331960973,-3.4137849192548955,0.0006406713075263807,0.0018231403893561073,0.0011972455212076755,1.0
LINC00303,349.13909357826816,-0.7154739026942452,0.3144928209337682,-2.5418617766549576,0.01102637692005313,0.02672105017919762,0.020605387236165104,1.0
MAN2A1-DT,799.6038922672349,0.08532200391116652,0.27707818957952024,0.3744294185156065,0.70808485929602,0.8315628770627996,,0.0
NFKBID,89489.11337956227,1.4090745701720921,0.2573784896844461,0.5216196106746807,0.601935206421288,0.757649931105082,1.0,0.0
TEX35,1132.8219266542626,-1.4159302645030025,0.24228002162664936,-6.221867537125977,4.912717335627624e-10,2.600513615056275e-09,9.180571625329558e-10,1.0
RPP25L,326523.8733616855,3.4968789326167626,0.2624316900336937,5.773978174554886,7.742146960079132e-09,3.734315478717705e-08,1.4468028556288491e-08,1.0
RASGRP1,46022.93890796131,1.2632576673774707,0.30949718483584576,-0.1567952535589708,0.8754062136944779,0.9316043437964385,,0.0
LPAR1,215706.83029014603,2.192060401385617,0.43120521710137577,0.9187835923605308,0.35820877619313163,0.5394723491974318,,0.0
KRT24,14457.767028465902,2.2936822932583665,0.14672174590560538,15.52495578472879,2.3516613816276313e-54,1.3664246423247992e-52,4.3946342273722045e-54,1.0
TBCK,164999.5584551574,1.4415642358919634,0.3277367701995213,-0.36867269252141743,0.712371705333001,0.8350397608623318,,0.0
ASIC4,1670.969317299347,0.08780391464097051,0.09796061070276654,0.8734979810570563,0.3823917062060116,0.5661663276774637,,0.0
RNF13,345072.66035281634,2.454740570214996,0.3598128716275639,2.2222005217442096,0.02626975722612915,0.06013283410855125,,0.0
SIGLEC12,3659.4687632401838,0.018154185429611003,0.10646273720678709,-0.021967204382718368,0.9824741163331245,0.9888062757938818,1.0,0.0
ZYG11B,171064.6442402561,1.5942244237862928,0.34169364828882426,-0.34763399805423945,0.7281150701797652,0.8463194402954015,,0.0
MIR6746,3335.6293283373343,1.631429140458808,0.5387011434796012,3.5063210367900384,0.00045434685613236905,0.0013184501974990988,0.000849054315666959,1.0
TXNDC2,543.477372229994,-0.959125941522531,0.5592783357779177,-2.2479521188648057,0.02457924324607286,0.05644415372271419,0.04593211611840916,1.0
COL11A2,127065.54347820503,1.11825921559911,0.1461567616802568,-1.124827476956512,0.26066214857589176,0.4259413853609324,0.48710873464238263,0.0
DCTN3,168760.11574649886,0.7476728293238954,0.2066303350791624,-6.498757519481144,8.098607189572781e-11,4.562428424610506e-10,1.5134158611179952e-10,1.0
BPNT1,4759.078206609779,-0.5084458329642403,0.052750562869459526,-22.10775120322564,2.6620676035073766e-108,7.390195452625755e-106,4.974701501393553e-108,1.0
ALKAL1,878.5376816974182,-1.01379712583193,0.2518234455782323,-4.302944571724935,1.6854302634724824e-05,5.824408732069153e-05,3.14962416850112e-05,1.0
NHSL1,64047.47054713641,1.550826301554561,0.66956234936169,0.21946972976754803,0.8262841572175,0.9056683337608792,,0.0
GIMAP3P,505.3124300967209,1.2835372706076742,0.6041683222739794,2.72206727058534,0.0064874934985900004,0.016381003038127454,0.012123412495308239,1.0
PKMP5,598.3663047619602,-0.8274708277281051,0.7586061956678526,-1.8688937169339719,0.06163760263737021,0.12974014337781758,,0.0
AKR1B10,14123.027885709826,-0.4953759218940137,0.3516429920841082,-3.6637438518535386,0.0002485553580240247,0.0007473111456354099,0.00046448433958341486,1.0
CNKSR1,133509.8187538804,1.0947307053463473,0.31353741682781716,-1.6537219366200455,0.09818402338749212,0.1945382890036868,,0.0
BMF,114901.62516589944,1.4825662713935883,0.3480199523193536,-0.5047736862313389,0.6137177996463397,0.767070496456418,,0.0
ITGB8,255414.16580075733,1.7451082159860818,0.2507501222169233,-0.05055804135019828,0.9596776981906519,0.9775488471761321,,0.0
PPFIA1P1,308.4869379182283,-0.33134857664934364,0.5302007331908483,-0.8137267084810896,0.41580153000426257,0.5969206663673843,,0.0
HNRNPA1P52,239.54930669821587,-2.596788855824938,0.20022028638281278,-13.121640648219273,2.475176848035651e-39,7.730286693521342e-38,4.6254520230494195e-39,1.0
PTGES3,849176.84015023,0.46746149154988137,0.1354315182995406,-17.930820311547098,6.77723582397496e-72,7.525743869422862e-70,1.266486440254408e-71,1.0
RPIA,324261.2822242364,2.491610403270806,0.17915139002250252,3.470446420339074,0.0005195939952798344,0.001495628568210445,0.0009709839919271998,1.0
SNORD18B,439.8931434083497,-0.04142515875153562,0.14236585961142484,-0.2929279570808436,0.7695772190290033,0.8694522319864735,,0.0
DIS3L2,156906.51437209762,1.710250254641338,0.19144626986939034,0.6224326666378707,0.5336574060321426,0.7017236225626968,,0.0
BNIP3L,832979.0514505695,2.2353055981645475,0.0931973653825808,-1.1917579334717405,0.23335617467489989,0.39025462009721373,,0.0
AMMECR1L,297541.8207208222,1.9137841127434783,0.1827425442503707,2.146938516070103,0.03179817677061879,0.07160680005533217,,0.0
DPYD-AS1,4508.993199430001,-0.22617996931234666,0.22895044394917216,-0.9575429158768513,0.3382932959381806,0.518702546733074,,0.0
STIMATE-MUSTN1,223096.3216110194,1.5422470899262348,0.27076379650547755,-0.17978170739513544,0.8573239450036249,0.9235813477634515,,0.0
LINC01730,1818.6549830090858,0.12497321218068203,0.24825495997290611,0.501952547499772,0.6157009006737917,0.7688607197464589,1.0,0.0
ST13P10,1102.3085455720764,-0.5113127004241688,0.3802304670493202,-1.6015748208196423,0.10924966243886142,0.21354575086746697,,0.0
RORC,128859.32122189474,1.0171519040695425,0.5117674134787893,-1.6999748350979902,0.08913565908996936,0.17902366900023187,,0.0
RN7SKP275,404.21433783617465,0.14993973563975063,0.202858612190177,0.7393241640684813,0.4597101796188544,0.638635464986215,,0.0
H2AZ2P1,23268.140722677672,0.7792075219932669,0.2875944830157855,-2.0533690682299244,0.040036796871942844,0.08817270778717426,,0.0
CYP2F2P,5827.818656993982,1.429246677718016,0.4021634125682624,3.5616921103728094,0.0003684723435649082,0.0010837294295431702,0.0006885775246050285,1.0
FTH1P1,766.7940498696775,-0.4673725001223796,0.3824813269137975,-1.426224856249603,0.15380344698853887,0.2831343380254371,,0.0
VAT1L,6255.781576750856,-0.24241360872452022,0.09339633708042756,-2.6109780089076517,0.009028369922914392,0.022345103766618732,0.01687163968018071,1.0
EP400,281808.590385171,0.2238249781654271,0.16883344743229817,-15.6852152965309,1.909147163759969e-55,1.1493985996757308e-53,3.567691988522276e-55,1.0
ARID4B,625164.1369453892,1.1011420018765719,0.21714770239558356,-2.772370805266872,0.005564960478481312,0.0141301359303715,0.010399441851522482,1.0
KRBOX1-AS1,894.502704095851,-0.4610912558416427,0.3019537372682121,-1.6683998567922205,0.09523637668959438,0.1895245616558754,,0.0
CCT5,1175639.83251062,1.1580716975354668,0.13896562112249758,-2.9534506437811863,0.0031424285471469706,0.008264587078996532,0.005872369278269788,1.0
FTH1P15,449.27868232902637,-1.7061823607728483,0.38901425317432586,-4.751499440186796,2.0191371855136933e-06,7.779204715506495e-06,3.7732342991817226e-06,1.0
ASAP1-IT2,988.1028601610269,-0.6728181623933502,0.29184842873766836,-2.4796644049025987,0.013150608963523484,0.03154757224710843,0.024575016077309966,1.0
DKK2,26125.056652034673,0.9676940250413716,0.20517214431874078,1.3816116445493982,0.1670909766148143,0.30284860723403234,,0.0
ZNF566,73724.87578692277,1.2873417886632363,0.1556148303109676,-0.5937754986083602,0.5526622786550288,0.7173125731010854,1.0,0.0
SELENOS,603681.0858656717,2.222345476883881,0.13283319191320014,4.173488010043189,2.9997145434963376e-05,0.00010066872782975956,5.6056744853594615e-05,1.0
PAXIP1,17086.750356288838,-0.6820849906948576,0.1277977135868092,-2.829447412617756,0.0046628462293305155,0.01193659969670317,0.008713628499612784,1.0
LINC02351,2877.9571724248176,2.138627065276373,0.13956806265957133,15.511603333433301,2.895571651221368e-54,1.6631231656497901e-52,5.411058915913678e-54,1.0
CLEC2D,266486.0528042692,1.3700049343966623,0.13799701166736394,-0.9804095518164228,0.32688399667532253,0.5049271503513406,0.6108598845873547,0.0
SETD9,30009.625796921155,0.1504531748007365,0.16334268068594043,-1.2110874993186738,0.2258618718289115,0.38103706061075987,,0.0
LZIC,114996.14332110928,1.4667191343380588,0.22272250571038912,-0.4888380671064086,0.6249563452191493,0.7743943953352774,,0.0
OSCP1,2539.8356682670396,0.43433410161393915,0.3341081647189018,16.23192985664838,2.9988094352188166e-59,2.1717464851867287e-57,5.6039830769590225e-59,1.0
MIR202HG,652.702599925265,-0.23231933875595112,0.14123431070228726,-1.710849668016275,0.08710886801650411,0.17594301272371504,,0.0
OSBPL2,384924.0280181634,0.7267008831413301,0.1462159121338372,-7.043828830062034,1.8702788090443505e-12,1.192064184795232e-11,3.4950572957347117e-12,1.0
KLHL42,409667.783888046,1.3288147355947184,0.18337983009408665,-1.625782193567032,0.10399599762892375,0.20459370084713857,,0.0
IL22RA1,10267.717341199244,0.11065643865573789,0.36879491822484695,0.5841089772613183,0.5591469953636908,0.7225251166813564,,0.0
NAMPT,496341.21863577084,2.299283463225719,0.12996047395228977,-0.9128974890312158,0.3612964582665428,0.5423520830904544,0.6751676895878512,0.0
NUP88,243452.04528932623,1.389022144045861,0.17034804796662573,-2.3627275834671337,0.01814099908353902,0.042419547225289886,0.03390073762918642,1.0
AGO2,462377.53126032185,0.7087158024098918,0.12236666706174149,-7.7963763169158495,6.371020662111972e-15,4.853047293989866e-14,1.1905755515547318e-14,1.0
TRMT13,77815.6058404172,1.8491797826188208,0.8811573093623967,0.5007672999069622,0.6165349017458597,0.7688607197464589,,0.0
CBY2,1189.074658602025,0.3636148239596991,0.3468358562065699,1.2481048000822852,0.21199268067446742,0.3625350531589027,,0.0
NRN1,153957.75114477982,0.08828024672310392,0.19978405270795252,-13.499794618711421,1.5681268052148904e-41,5.294547057877573e-40,2.930414975938223e-41,1.0
NARS1,963168.5245314281,1.378072682398162,0.24595326599562517,-1.095254178857315,0.273405295749618,0.4412810926553105,,0.0
TM4SF20,222.1278210103119,-0.1404245338751805,0.1353684511923296,-1.0433293816702667,0.29679576760493065,0.47022461975961904,,0.0
CALM2P2,126654.16804316771,1.8699731520388256,0.3420018623073029,0.7785447945110423,0.4362479097595706,0.6152782402112826,,0.0
POU2F3,1172.5910659451938,-0.4862234849807092,0.03684887448767744,-7.317983510932824,2.5172478485731026e-13,1.6998226350432152e-12,4.70407161530284e-13,1.0
C6orf118,451.89432405638746,-0.1750288901334215,0.23375709367362818,-0.820050850402325,0.41218711934898744,0.5937443169175238,,0.0
HIGD1A,379257.6987776559,1.6800626806289256,0.19790965987180792,0.05613681143569159,0.9552328188767052,0.9747447615321808,,0.0
BCO2,13149.905078088403,-0.3739358755107413,0.25277327269883143,-1.2549872521139025,0.2094833877103809,0.35958165693432476,,0.0
ANXA2R,25426.181225248838,1.1020536184811116,0.4194494976769642,-0.45869990831101115,0.6464496799032614,0.7904775357144541,,0.0
PRDM16,26055.5945259283,-0.07972495467338873,0.10314356601011683,-1.3787435124743843,0.16797384853145814,0.30378766598324153,,0.0
HUS1,131416.8672974771,1.204220511777815,0.17442678522771832,-0.8758148065436816,0.3811307193731184,0.56545685290272,0.7122326868763921,0.0
ZFP64,99095.77222941557,0.11165324719683897,0.21976016085911318,-7.836105615837799,4.6473501565560384e-15,3.58376677967755e-14,8.684670430931385e-15,1.0
LYPLA2,273144.28934343776,1.6753412880041665,0.15269074471644037,-0.31419064034947797,0.7533762509429455,0.8602881914903789,,0.0
CCDC50,400630.1521677595,0.8954289983867157,0.31485433901458537,-3.4011885976600125,0.0006709352172760264,0.001906005276138888,0.0012538007781332475,1.0
CALB2,257432.30777683784,1.5226507633588213,0.19991578133673352,-0.2026990546324271,0.8393702621329491,0.9125541523865093,,0.0
IMMTP1,5286.731372004842,-0.22437995284715864,0.5105602404394436,-0.8455005440528227,0.3978314290408984,0.5819262094392632,,0.0
LINC02273,1241.498961994582,-0.272253029797998,0.23062314260622038,-1.173476964634301,0.24060458911041704,0.39996710970883365,,0.0
MIA3,100907.5937786049,3.115754935005581,0.09732927123097594,-0.6264859308393732,0.5309962621691668,0.6989958698786425,,0.0
HHATL-AS1,36.154385015411364,0.6622379231701562,0.042703228934204536,-6.549346933478056,5.778923821639666e-11,3.2889843208124614e-10,1.0799282848441813e-10,1.0
GABRA5,111.81447717033976,-0.017886081784004876,0.06115327248771832,-14.501143130893087,1.1914895472384148e-47,5.268914396062264e-46,2.2265793820308e-47,1.0
EEF1GP3,153.81469023913047,-0.004473855096271822,0.27780264107569874,-0.020071464601879783,0.9839863635074623,0.9899892955398146,,0.0
MYO1F,341266.15489689,3.128023617351961,0.1100413594219392,13.280540500109122,3.0021927302656675e-40,9.494909539960468e-39,5.6103055621307185e-40,1.0
STX17,106398.6056860759,1.5879541280842622,0.19218114378580717,0.8450805028163639,0.39806589337882636,0.5819262094392632,,0.0
POLH,153253.9182600894,1.2093396483475225,0.3024697507156553,-1.75204905689461,0.07976537287943282,0.16295485211714056,,0.0
ACSM1,20645.65378055283,-0.43096822296976073,0.26794007603563197,-4.590950730146285,4.412314959461737e-06,1.6271836053454095e-05,8.245451702479545e-06,1.0
MNS1,25351.948398504966,1.5663781683816236,0.583967116963994,0.9944652379050858,0.31999642104563963,0.49720836939212104,,0.0
DPT,923224.9581811363,0.9479668049896922,0.15794965451475323,-4.411775890320466,1.0252620558214501e-05,3.651628291475257e-05,1.915944088608746e-05,1.0
CDKN2B-AS1,547.6255339456349,-0.013369860437374143,0.09601488329734019,-0.3762611653665493,0.706722747130248,0.830744193697918,,0.0
SLC18A1,310.6880834723124,-0.2213062900850901,0.14347045692820148,-1.5990545301948658,0.10980848669350728,0.21450860359947452,,0.0
PHACTR4,222192.22160426265,1.1829661061786876,0.431180552043195,-1.5194549378383289,0.12864802247166884,0.24565785732742598,,0.0
FAM167A,793.9955265357947,1.0807761274641179,0.10302525564172099,-0.35473343539298857,0.7227892999902052,0.8422990046760858,,0.0
OR1H1P,95.21241720495803,0.10376241637004274,0.06152308877603022,-2.844807814984598,0.004443822604455324,0.011416854269646916,0.00830433117220017,1.0
OR7E53P,141.56202301300056,0.9306948721939581,0.1744567972989679,2.881509812685275,0.003957749110052715,0.01026836568168921,0.007395988146197987,1.0
LINC00368,105.44022789143082,-1.8516343320947937,0.20439134397553993,-9.206928981167753,3.355885845567242e-20,3.62973194162327e-19,6.271264611181566e-20,1.0
TNS3,773434.6167211045,1.2692881547071684,0.1615311494734093,-2.120975681270595,0.03392384898523088,0.07594868878996358,,0.0
STYK1,35448.07339349246,1.2826850362209679,0.32753589283696194,-0.03646439737066437,0.9709120666012413,0.9839074420617324,1.0,0.0
HLX,17092.794528467588,0.3010696307162535,0.14360603987101195,-2.094958870997603,0.03617464878417514,0.08051880622473193,,0.0
KARS1P3,161.09845189661323,0.08726064272318022,0.21019163803301766,0.4392670582833857,0.6604680404052379,0.7996992483414038,,0.0
PLSCR3,322724.7517704319,2.02335454674157,0.2901988825169095,0.6871713967639239,0.49197472678706966,0.6685879003956995,,0.0
KRT18P16,4652.894978993728,0.5084466537690393,0.27492784368180456,2.239419137771704,0.025128657297637053,0.057599954365271724,0.04695882592232324,1.0
SMIM17,2789.8798106752715,-0.2704600645267486,0.3877139567890767,-0.6952908412228965,0.4868730528009414,0.6641836322266733,,0.0
AXDND1,1356.6023993548033,-1.161081733512287,0.16373030892202886,-7.2670856225605505,3.6732599572890847e-13,2.4506381851233052e-12,6.864353031628107e-13,1.0
SNX7,124627.67551755137,1.6332427823251685,0.22053731847103175,0.2872350839761187,0.7739323244912062,0.8725947259662811,,0.0
SELENOI,257353.94349725143,0.9778340838533862,0.1525178208917142,-5.498360661677365,3.8333827038660336e-08,1.7414012155653247e-07,7.16358016874292e-08,1.0
PAWR,649157.4883992858,2.192318635222224,0.14728624390626793,3.0232844026787205,0.0025004712810650625,0.006678169423560725,0.004672720640045668,1.0
PRDX5,1448875.7979148913,2.4260608012267,0.11043795261399968,3.6046385421699427,0.0003125876684979653,0.0009286824057954788,0.0005841438217966838,1.0
WHRN,110502.18805423836,1.3759307810602637,0.167897810392587,-0.16552046135656465,0.8685343461190684,0.9282502493614014,,0.0
OIP5-AS1,593621.6542651219,1.3771753941185165,0.26727024049402615,-1.4802838467904162,0.13879751221105166,0.2609372342056528,,0.0
LPIN1,1961515.484704888,2.955727708987291,0.09738105827408389,2.5624817950502976,0.010392703596266758,0.02545702934830637,0.019421219098932307,1.0
NEFL,4537.5913322173565,-0.1502621761603441,0.2579972330272905,-0.53728269878445,0.591072354406827,0.7502129933885991,,0.0
PATJ,274660.9602622191,1.5945178051204338,0.3918172444628862,-0.36345540403907556,0.716264720795734,0.8378218187772197,,0.0
NOL4,4121.271087030225,-0.2529303361730018,0.33812786074081286,-0.7270166023069479,0.46721578536351727,0.6469355553858087,,0.0
PFN2,223135.73259611492,1.584574076172702,0.08951187990637248,-0.22136183538632734,0.8248107062597978,0.9052446956249087,,0.0
IL20,20032.870441413244,-0.4391965905306094,0.2383848135242038,-4.423696366055701,9.70263602565421e-06,3.460676104225131e-05,1.8131665003812298e-05,1.0
SIGLEC9,43699.63596491028,2.330059964929061,0.1306026371044452,11.263640978444975,1.9838905914448145e-29,3.631319152179391e-28,3.70736772081142e-29,1.0
DOCK1,656302.9544718239,2.3757912088715787,0.2649431433895755,1.6014699943701132,0.10927286071004864,0.21354575086746697,,0.0
LINC02204,1033.4604045080077,0.2913983363247131,0.4122075262267707,0.8361636417744392,0.40306284936765135,0.585665908197195,,0.0
BCYRN1,41715.85953956624,1.5473420896622345,0.20900791237681965,3.1900508546994586,0.0014224776009566407,0.00391200912051752,0.0026582350680554724,1.0
STK38L,670753.9148959928,1.5208462148216646,0.11753449719032319,-0.6964665380777902,0.48613670588484126,0.663722710193047,0.9084611515731308,0.0
SFI1,212462.5367564122,1.58430197571322,0.23239661447466445,0.23923409061144527,0.8109240695308777,0.8971226778033226,,0.0
MIR761,711.3439613594062,0.26871427308099827,0.19148242706710236,1.4819826564711087,0.13834490981220646,0.26037757114088683,,0.0
RORA-AS1,3823.8632300140757,-0.1155947706636707,0.12440139946863396,-1.1985823366218364,0.2306903897648821,0.3875354194401798,,0.0
SLC35B3,206074.13521298178,2.230271078466586,0.20847463090851187,2.0827870259550085,0.03727064070109451,0.08255380832596156,0.06964898712915829,0.0
SALL4,10630.789606242368,-0.7892397893705271,0.26780485303173496,-3.4533078972316944,0.0005537565574008073,0.001588473890546403,0.0010348248007972453,1.0
P3R3URF-PIK3R3,137527.2513962064,1.6017828562368148,0.1321525942165945,-0.524451933219226,0.59996424341819,0.7559307424005788,,0.0
GRWD1,643468.0516362281,2.367375813509664,0.14548747252228325,2.449316500534544,0.014312761828598747,0.03404134738577246,0.026746772945964076,1.0
KLF4,533505.2075976422,1.6146783900951844,0.12182790050296706,-1.794186696586499,0.07278337480514917,0.15084965736264225,,0.0
PRKCE,216594.99740297947,2.7853003484417442,0.14531027196012075,8.085199843173331,6.206234601903082e-16,5.109152274416754e-15,1.1597813876480816e-15,1.0
PTPN14,348220.8846463735,1.038926405205668,0.188085726170416,-3.532071962196149,0.0004123171349584455,0.0012069998379539263,0.0007705118636452327,1.0
CUBN,52261.9645027697,1.1772447221312135,0.16149607701184343,-0.27783429194023257,0.7811395659512672,0.8783425767458332,1.0,0.0
MYO5A,22224.32800925066,0.2951718964676165,0.0012336007108928024,-376.87307455003594,0.0,0.0,0.0,1.0
KRT75,71327.47883766945,3.2624649268738906,0.11806104769821643,19.984768394314447,7.47331969277166e-89,1.4937671401911993e-86,1.3965661370523555e-88,1.0
ANKRD52,330952.44233381166,1.0068933709954213,0.11955624796930149,-9.729116600985444,2.265518292134674e-22,2.802176956880437e-21,4.2336555369472566e-22,1.0
INTS12,124963.89329555971,1.5423406075231714,0.19402890054028352,0.040460523820717624,0.9677259786808246,0.9822723370847207,,0.0
ACBD4,79502.70367615279,1.621888260139544,0.3421644690376632,0.37148424923597223,0.7102768852997815,0.8335603367238872,,0.0
PRKCQ,8431.630095731467,-1.2386600853368732,0.28571080675506566,-4.444911497634657,8.792805661260897e-06,3.1451431560000505e-05,1.6431432269753442e-05,1.0
MIR5004,345.8175633011818,-0.3168413998104818,0.21855901550940773,-1.4842734421212616,0.13773639295146314,0.25962608660070213,0.2573929527219377,0.0
HNRNPA1P36,923.5628495806898,-1.4988747534884808,0.2719861521179142,-5.885203614938607,3.975642357863344e-09,1.9553429982522767e-08,7.42942590211037e-09,1.0
CCND2,546301.488120955,1.7842739280077449,0.18593629434382491,0.3598826286606185,0.7189349081953268,0.8399620613168222,1.0,0.0
TREML2,2496.8581727545293,0.20705374710746624,0.11419139886503536,1.7095066210561933,0.08735714632073441,0.17630196290981817,0.16324744209600217,0.0
PLEKHA3,126501.5270110447,1.366257095597462,0.2915162409044069,-0.21327024009285955,0.8311161845339934,0.9091697841760868,,0.0
SCAMP5,99695.15109815112,2.9249630010850467,0.5070139565973628,1.828627479456896,0.06745543320027786,0.14109451640928777,,0.0
NHLH2,1252.8613955636872,-2.1115590470446497,0.21778226781717974,-9.941473440352032,2.7473295925437785e-23,3.6222707055253986e-22,5.134033647696807e-23,1.0
FTH1P2,1117810.6969225092,1.104854439986331,0.12890293892694962,-3.439057753948548,0.0005837426854417783,0.0016696978815984923,0.001090860957050324,1.0
ESRP2,229403.38548853016,1.225946231493563,0.323339218175429,-1.690373127271885,0.09095659282818912,0.18202246470262756,,0.0
EPHA7,8303.27643753739,-1.6056296417039193,0.19570945224098302,-8.589150634375827,8.761458966588943e-18,8.198691096637631e-17,1.637285357368921e-17,1.0
EFCAB10,66320.20889842072,1.5388262149618583,0.403873230383062,-0.00016904522770354598,0.9998651214233804,0.9998651214233804,,0.0
TBX2-AS1,14983.71823654137,-1.9114336106255594,0.13286912546304383,-13.46845543327731,2.398305747953301e-41,7.989555881681763e-40,4.481800232805776e-41,1.0
PON2,660115.0598233802,1.6319908331771904,0.08969823934090126,-0.4531333340865373,0.6504527334881538,0.7919864301267798,1.0,0.0
SOS2,205918.34775424417,0.40682690118515286,0.2149418414017342,-11.409949576704735,3.729454444986886e-30,7.140262015938494e-29,6.969365692445575e-30,1.0
ATG101,185033.6306518917,0.8013017864486173,0.1920402463715687,-6.044378956793272,1.499866057480823e-09,7.616697854910237e-09,2.8028536608944174e-09,1.0
JADE2,258417.7139769312,1.2595845071807563,0.3185870150440181,-1.6783576304299306,0.09327730371075373,0.18599628357647102,,0.0
LRRN3,10213.505826947005,-1.2826006062677862,0.45145574139206324,-4.632373850299771,3.6149660853894884e-06,1.3531075302390467e-05,6.755417176025158e-06,1.0
MRAP2,17700.10753429615,1.2013740015908847,0.12203719450191677,8.872302987551603,7.164852536164625e-19,7.132025522552715e-18,1.3389217697537261e-18,1.0
ZNF830,326331.318736015,3.4591354698217365,0.13026542923413384,10.657107088289292,1.6154432312345373e-26,2.620899294311358e-25,3.018836883499994e-26,1.0
RANP1,245207.21176499006,1.8332177493964308,0.18208254581833724,1.6031854365146292,0.1088937198030375,0.2129713964210483,0.2034936117635671,0.0
TXNDC17,170866.5635432091,1.812957904717748,0.14608449340187193,2.4557571352872563,0.01405881338412672,0.03353312194772373,0.026272210351713246,1.0
KAT7,266694.9377060916,1.5668714381128361,0.49287994894185294,-0.37525040728780734,0.7074742449489724,0.8310410912106289,,0.0
RPS17P5,44.34305868971761,0.6856540426396623,0.041622540514353754,-0.6938253145782834,0.4877917651604793,0.6648923760247996,,0.0
ORM2,34569.80448440225,0.6766362597671126,0.19282497154500836,-0.7940727823563768,0.427153061570959,0.6084617584578341,,0.0
SYNE2,1052775.034874449,1.8684511064285194,0.08943785071483204,-0.7230190724186821,0.46966816673711187,0.6492204230111612,,0.0
ZNF594,49581.09598012415,1.056700319496788,0.3684163737072572,-1.1943251549884615,0.23235080139769526,0.38902615635311627,,0.0
MMP24OS,23129.2313718618,-0.661202335655174,0.1099024378794251,-2.683926195817423,0.007276316704050052,0.018262056539496793,0.013597514798106997,1.0
ITLN2,635.0396234137748,-1.4317254434602067,0.19459816333462238,-7.647415078255631,2.0505958079574288e-14,1.5068863606416575e-13,3.832022158699802e-14,1.0
UBXN7,693113.9525785192,1.8258207274163278,0.17167485308436986,0.45342077379770634,0.6502457804830988,0.791927410449438,1.0,0.0
ECT2,246130.96939646156,0.6241275251888341,0.38534182807546613,-4.621016502923058,3.818643945546483e-06,1.420831258071167e-05,7.136037320828637e-06,1.0
ZNF730,15413.078863179131,2.6763323348512014,0.4059411137712126,4.667460331962935,3.049455998957836e-06,1.1526574604230187e-05,5.698628132682238e-06,1.0
MIR6875,1427.0710333277343,-0.16566512949414322,0.5649063275587463,-0.21487353433254677,0.8298659194811254,0.9081997371106404,,0.0
PTX3,475938.76885452744,1.5926169044136596,0.09721517083426855,-0.9256047186837828,0.35465144024542783,0.535244109606283,0.6627499053501881,0.0
ZFAND3,1105221.8647942753,2.8597949641717717,0.14361617189797854,4.536741560670758,5.713004477929111e-06,2.0792340405106894e-05,1.0676096999331252e-05,1.0
CDS1,164242.28659626874,1.6261534675741636,0.17077546176391165,0.2333882684697068,0.815459922077249,0.9000938762461954,,0.0
DNAJC27,57956.343731786576,0.23782952669350027,0.5954827029671593,-3.185445316035639,0.0014453141603072161,0.003970930227477422,0.0027009105680834552,1.0
PRDX2P3,423.39271314984245,0.9273785616189995,0.15753088612703497,6.042564030487382,1.5168412052191522e-09,7.695081728406196e-09,2.8345757301720657e-09,1.0
APPL1,394101.04351074586,1.8038137625190922,0.16924080096768246,1.0277605042501339,0.3040624990672872,0.47870205035892693,,0.0
TOMM40P4,33453.54597332448,0.7963163028319584,0.2375788527843443,-1.0384440021403172,0.29906339288786,0.4730673549416386,,0.0
WEE2,3760.3188433164587,-0.08321684234058001,0.2828956675052951,-0.0998028969085498,0.9205008081356183,0.9560886589594023,1.0,0.0
MLF1,175757.46412591002,1.3620068557463136,0.19298995303336516,-0.42176907075166997,0.6731935833443854,0.808447088673851,1.0,0.0
RPL26L1,269849.9221241462,3.349629465512792,0.17188603523231105,7.715330263284196,1.2066935354104605e-14,9.013225106795322e-14,2.254991621707581e-14,1.0
ADAMTS17,49856.01495950535,2.7187234888760528,0.1572207638301292,10.606370855910846,2.783516267020231e-26,4.4016553121202825e-25,5.201656988145136e-26,1.0
MRPS31P4,15079.639493419483,-0.2602911058576414,0.15207601078808738,-1.2086559470623228,0.22679505274441392,0.38235319789603117,,0.0
MAP1LC3B2,93419.02675846926,1.1588152351395706,0.21416857905537934,-1.933246123863598,0.05320588527032596,0.11400935192788113,,0.0
TMC8,59323.49609979005,4.2756103492596855,0.37656596668630954,8.488924394671782,2.0855834385300545e-17,1.898298805525443e-16,3.897404802668168e-17,1.0
NR2F2-AS1,11096.507559124197,-1.2267369007480633,0.2337734292343733,-5.471544795288445,4.461295421270886e-08,2.013829559177111e-07,8.336983253586619e-08,1.0
TUSC3,383207.90299557365,2.9221685572262284,0.33953553341263243,1.9612751957669077,0.04984692915520314,0.10754969990870038,,0.0
EPHA8,4365.608910221063,0.16616107012596135,0.28130329658589615,0.8846648857971097,0.3763373996066425,0.5606911108629673,,0.0
SLC7A9,3786.118152733102,-0.15870319948219644,0.29113240497766935,-0.40529649387791056,0.6852595833963151,0.8170465612577872,1.0,0.0
ECHDC2,707876.329881144,1.8724066234841044,0.1019428923247817,0.009328308688611007,0.9925571944613043,0.9951461277534386,,0.0
SLC5A10,15994.5067533661,1.3540895657985106,0.9448870187965861,0.31524894928728264,0.7525726426905387,0.859763487774262,,0.0
SLC25A39P1,134.61349548222245,-0.7326759616567975,0.22703147931390977,-3.3988934491663905,0.0006765906934396996,0.001920979372226238,0.0012643693699020862,1.0
JARID2,430423.8116505806,1.7496165741348408,0.18767565578497922,0.4933056833089377,0.6217966132588808,0.7717629598744727,1.0,0.0
TSACC,3063.749675591158,-1.4028262154285662,0.19519832099434625,-7.5802372892758365,3.449235252043537e-14,2.4764121486295334e-13,6.44571000540821e-14,1.0
CHCHD4,45325.35852288271,-0.5115745918243367,0.23379218215413256,-10.23825412401558,1.3362584579914317e-24,1.9132617520295658e-23,2.4971142537708244e-24,1.0
PARP8,79283.68470716801,0.4526577292182108,0.3696675240835257,-4.994978962680608,5.884218134155586e-07,2.3885814798030433e-06,1.099605011831543e-06,1.0
GGT1,122131.05261671252,1.4715413390380274,0.37625304215960736,0.05047135347619516,0.9597467769153699,0.9775488471761321,,0.0
MTUS2,3133.88360903028,-0.10011526073841336,0.1781960721509436,-0.6818100004351416,0.49535909993118454,0.6718446018833694,,0.0
TMX2,295685.89131234994,0.7232694364786416,0.3228714224188674,-5.0358402799121995,4.757571446526328e-07,1.9454651815296286e-06,8.890644920827248e-07,1.0
USP6,26584.236426741576,0.513360900573202,0.15949390504648106,1.465449072198268,0.14279843737377934,0.2669524098603724,,0.0
SERBP1P5,568748.6281731706,3.6208117755866636,0.09038991924563534,17.730636105651723,2.4326636323378587e-70,2.6426130806070175e-68,4.5460060474167086e-70,1.0
HNRNPM,2500023.4577523447,2.4807995451032974,0.08328348379025904,3.8890829039116204,0.00010062374314012367,0.0003176354039615906,0.00018803920885235528,1.0
PAN2,1161736.4049670454,2.9982654238831414,0.09546038799834841,9.984275408883528,1.786011807530425e-23,2.379920267261209e-22,3.3375845184104463e-23,1.0
FBXO10,153152.72035891158,2.8561270725981456,0.2792521562750781,4.03965379905854,5.3530156802651454e-05,0.00017426071240576502,0.00010003372982155921,1.0
PKP1,320409.51739256113,0.8742015401776039,0.24800108405194918,-4.229358427929558,2.343587039792761e-05,7.944982657967725e-05,4.379545414302329e-05,1.0
CANT1,676003.6947562046,2.9221593812996436,0.19956104698950428,5.022062137508086,5.111963836620685e-07,2.0818649789399806e-06,9.552910729840524e-07,1.0
GZMM,6495.704338714207,0.04432124914772787,0.1986903457561624,0.39498793475707816,0.6928517922107644,0.8223706426786674,,0.0
RPL13A,1683025.3789908872,0.8403093090853846,0.19553731127477914,-5.6127305279524,1.991586207743601e-08,9.231870389698306e-08,3.721748795846961e-08,1.0
ANO4,1337.6576245875835,0.4559961101557348,0.8352687086486396,1.0680171710483821,0.2855127662945124,0.45523525627749795,,0.0
TTR,3799.534672118078,-0.22863053663095478,0.2630901850631316,-0.8494566837655043,0.3956272233946183,0.5802610024370143,,0.0
LINC01473,2897.6800327657975,0.06455664361391614,0.3206094947914289,0.35673075045390074,0.7212933826108869,0.841537014454028,,0.0
LLPH-DT,3098.93773100748,1.574256411182143,0.7547631550447895,1.3407712772118203,0.17999472446610465,0.32099701575914524,0.3363626171118642,0.0
NPFFR2,2202.3939112546623,-1.277771863542592,0.3361796922267205,-4.072743093673796,4.646266506448111e-05,0.0001525452939074981,8.682645374989234e-05,1.0
MPEG1,416552.0690512949,3.023457117506134,0.10656906857010176,10.988056642227379,4.362173223271652e-28,7.490645909514929e-27,8.151750036158729e-28,1.0
SPCS3-AS1,8985.787354354172,0.007443530961682188,0.3286859479369446,-0.7908602748072544,0.42902553208243,0.6100061059363322,,0.0
MIR99AHG,25504.413325573678,1.0260003599506293,0.5691071792716893,0.3686584407578982,0.7123823295089293,0.8350397608623318,,0.0
LINC02421,1094.3993391455672,0.30754069912361665,0.8809048067967653,0.9952554377173125,0.31961204516042185,0.4970748178234137,,0.0
LINC02428,345.4790085357507,0.0687958868078336,0.14949624815140924,0.475607899323168,0.6343537466488286,0.7805628347707945,,0.0
CBLL1,131200.6886242212,1.0530338854102435,0.31062282292283927,-2.71764859146325,0.006574762590777972,0.01659297407379673,0.012286495387478507,1.0
OAS2,409457.95910608943,2.31709447386025,0.2290383843400127,2.3802564384901075,0.017300593741369455,0.04064460128144014,0.03233024193179625,1.0
RPL36AP26,1574.2526683623378,0.05659793296570908,0.6637739414604352,0.5830299172146606,0.5598731605944316,0.723103174848895,,0.0
TAC1,7337.968442640947,0.5182184303813203,0.6788574181998153,-0.6622409854702754,0.5078167912893767,0.6820383918060811,,0.0
RBPJL,1146.8409207998097,-1.496937294336654,0.1364958686077914,-11.092844744656023,1.358961564533354e-28,2.4252610492761323e-27,2.53954036573417e-28,1.0
EIF4HP1,235419.08129156055,1.279027840793016,0.12198804448239751,-1.7310894738291729,0.08343580747789364,0.16927678845596206,0.15591949512604134,0.0
ICE2,207236.76070759402,1.4965222712434032,0.23663185230447423,-0.1733150268644808,0.8624038127018657,0.9264188121711063,,0.0
SLC39A5,1658.7252294866666,-1.8713279170531472,0.5847783167162229,-3.707916966632404,0.00020897114911727063,0.0006363368873485688,0.0003905119043152586,1.0
PAX3,8962.35010408873,0.09654109406070756,0.11774756372743411,0.5015503512468478,0.6159838510532549,0.7688607197464589,,0.0
TMEM128,124054.51153278371,1.3840382432697111,0.339785934331211,-0.23635811597704576,0.8131547940940254,0.8983715467804211,,0.0
ABHD11,399266.4652095189,1.4456336223485489,0.11770604130793656,-1.1469987105194894,0.25138215385711804,0.41484696922853986,0.4697668746537093,0.0
NAB1,967003.9835044083,3.281962193387833,0.07408332527531035,12.633195768337657,1.3853542557992978e-36,3.7828498449339293e-35,2.5888613374080373e-36,1.0
CHST14,131247.93916364847,1.4534107987002256,0.2719556439826624,0.21125808241329302,0.832685890105833,0.90995682764516,,0.0
MPST,276634.1737878967,1.8516172983225405,0.11823806568585908,-1.1634592324728927,0.24464322936660954,0.40587059002156306,,0.0
AP3B1,335272.2758632536,1.424014520876842,0.18610347781818187,-1.49930885427549,0.13379352642293293,0.25343678981629864,,0.0
PPIC-AS1,20803.76111146303,0.575629117936095,0.4308033362555422,-1.2800544196721577,0.2005259974564536,0.3474298332704533,,0.0
GYPC,364437.7151575479,1.6155511477607503,0.3283408718240146,-0.4250728237408021,0.6707835882390231,0.8067237582788682,,0.0
PSORS1C3,945.1886902294311,-0.3795167558476761,0.18689308531719293,-2.122489742396132,0.03379663317488974,0.07569779290673422,0.06315698428381603,0.0
VSIG10,71346.42963867201,0.47545997907749316,0.517617177975187,-3.652913784043459,0.0002592813064923756,0.0007776882884408167,0.0004845283053636502,1.0
SMKR1,34141.955848018544,2.6763264627231305,0.28186502654251666,6.705500466776578,2.0071725071119628e-11,1.1827642709951036e-10,3.750875474210351e-11,1.0
GMCL2,4889.14319129267,0.9878413895268048,0.4739637945033944,2.3699783925804576,0.017789124845060376,0.041655228140003143,0.03324317758069061,1.0
KCTD5P1,340.7935741374193,-0.3843648480799411,0.14249218020984236,-2.781203442198682,0.005415778636503979,0.013779351245728301,0.010120660376443673,1.0
UBE4B,360852.38078132214,1.4229566232068949,0.29742785794330495,-1.072110205167757,0.2836705356691075,0.45302066690269416,,0.0
RNU6-856P,199.20284092988453,0.4135594844859576,0.3505238085275725,1.3372288772765883,0.18114793855480826,0.32236333652363847,,0.0
ESR2,10268.273825769258,-0.2677779870806072,0.47501334421975694,-1.753663448043929,0.07948819221305922,0.16254750933816614,,0.0
RPL21P5,241.43815108957634,-2.124828759183123,0.2116318507351744,-10.200327245847928,1.97605556509477e-24,2.789364310389425e-23,3.692726125197668e-24,1.0
POLR3B,67784.10305761782,1.2518372136043696,0.1280422514607537,1.7398486322648825,0.08188560044272634,0.1666051895001236,,0.0
GABPB1,256282.06422532108,2.076865632407183,0.3438969668676626,1.3130940064727739,0.18915127322577352,0.3332824091358217,,0.0
GCKR,8100.31019062158,1.7359662176956758,0.7059508416511545,1.5954117589576828,0.11062018818056636,0.21584110907391257,,0.0
RBBP8NL,30943.26526847076,0.3028824692294811,0.2536058712008069,-4.835966136535277,1.3250047936855128e-06,5.176738822553954e-06,2.476084126419786e-06,1.0
POLD1,290876.947559477,2.542891855044555,0.1167464417753273,8.845904915734229,9.078954187343324e-19,8.983670113693979e-18,1.6966168314941883e-18,1.0
ENTR1,215207.71743124415,1.6306098308662553,0.15376138973342307,-0.22147463259147931,0.8247228864419116,0.9052446956249087,,0.0
IFI27L1,41858.12438272234,1.731714124938772,0.9980645482640045,0.6340386999362255,0.5260555663005143,0.6960846630992689,,0.0
ASCL1,15625.525027445354,-0.004062327999512655,0.2704733690059945,-0.06748733001881622,0.9461937482099897,0.970270913155206,,0.0
DAPK1,174349.9666995941,1.5957980246086378,0.15185330110715178,0.2748733317572004,0.7834135564047037,0.8798862194434611,,0.0
UTP15,97556.80129234158,1.5001245664158778,0.16352976299406524,1.4694484724823318,0.1417111881188289,0.26551586315327635,,0.0
BTF3L4,250348.20093777296,1.2454550024357682,0.3006408747084263,-1.7837642926679327,0.07446197404286342,0.15369123679974742,,0.0
IL18RAP,10216.968931512894,-0.057880166193750845,0.1100126111643584,-0.5815456403904058,0.5608727673963713,0.7237386432777273,,0.0
ACTR8,111277.96653227959,1.6267692883971028,0.23598967218170772,0.3261153664196884,0.744337071304094,0.8564246708051019,,0.0
NCDN,189987.85690675763,1.3868748990769373,0.33864073663387884,-0.7175842592766232,0.4730136660362996,0.6513699896481319,,0.0
GPR171,3981.7121087114574,0.024409217180517098,0.24453989059680503,-0.15859199743714927,0.8739903341182423,0.9310864458647251,1.0,0.0
MTDH,980757.8568182166,2.0022058824556503,0.21805623258606568,0.6883667355350578,0.4912218659597176,0.6682408365260263,,0.0
FAM178B,8834.650605659688,-0.16350829990645321,0.35398346122041924,-1.0780093779917441,0.28102957104795556,0.4500976815790494,,0.0
SH2D4B,2011.8400153567459,1.0105067451016643,0.19585913816420644,5.315057542355667,1.0662362766339251e-07,4.6410998905398295e-07,1.9925140891322824e-07,1.0
CHST12,211074.11828108336,1.1800220225569134,0.11929200309183476,-2.0820410768630198,0.03733871787285584,0.08261562155151159,0.06977620538917749,0.0
DYRK1A,2502934.7959188432,3.886598439519579,0.07975327265070058,6.511145122103798,7.458004680529638e-11,4.211033829221085e-10,1.3937041656173e-10,1.0
MYOZ1,11377.607181266361,-0.972056401996256,0.17595986327675184,-6.884590072323523,5.795417555093701e-12,3.579691164747e-11,1.0830105281527009e-11,1.0
MXI1,309176.7025539013,1.5940047137325897,0.14278485803422772,-1.4095034952437822,0.1586863406691813,0.2900349832933061,,0.0
FMO4,31287.070922472067,0.5202992465913775,0.4897689839858504,-2.55014729508277,0.010767741537038801,0.026247026566137994,0.020122065991242666,1.0
POU5F1P4,451.0825604118518,-1.7595596674156777,0.7811550365425725,-2.9742091871255485,0.002937447465405753,0.0077649206528178395,0.005489313756407086,1.0
RPS3AP53,903.9328108581028,0.8280480265413397,0.3383051818922184,2.696439493192432,0.007008512905197498,0.017643092688801962,0.013097060204664135,1.0
LINC01816,7817.860878768115,1.7705611190111434,0.23786190119035056,7.163098819317993,7.887344957357205e-13,5.111940694152263e-12,1.4739365277454733e-12,1.0
WDR82P2,2073.8381055424975,-0.0338931494570914,0.15539508695333598,-0.30263473646509814,0.7621682392267238,0.8645981138288171,,0.0
AKAP11,376293.0618936698,1.7935341091408465,0.12931177355033835,0.0532043918150474,0.9575690564112845,0.9763257651269514,,0.0
APLP2,3324731.438208879,1.984295295715677,0.06974538074730322,0.8136845918289703,0.41582566332296667,0.5969206663673843,,0.0
RABGAP1L,210362.41302123194,0.8948328173494505,0.23519436162561252,-3.8462564739836473,0.0001199362202623328,0.00037340890507842804,0.00022412912963757552,1.0
FBXO27,46244.71926399332,1.6506938999008505,0.5337247516746269,0.08976523427779365,0.9284737756485784,0.9595829280074345,,0.0
EDN3,12707.827793044387,-1.2131517798221536,0.0815942029798792,-15.141442545188214,8.629974562684774e-52,4.539366619972191e-50,1.612714393782192e-51,1.0
MAML1,233532.56318927038,0.2807447644713778,0.1861413956416035,-13.495832414233563,1.654755548855386e-41,5.549539246731788e-40,3.0923012257405997e-41,1.0
ZNF22,699955.6144145526,3.1462848748866095,0.14497964317688242,4.662734965644074,3.120345020132442e-06,1.1769471786895983e-05,5.831100996859316e-06,1.0
KLF2,290224.33363939676,0.3529181239527276,0.17335347733864076,-13.558122720926585,7.092819346853631e-42,2.4443322949122477e-40,1.3254606685201044e-41,1.0
TSPAN9,805944.9046564357,1.7277293733309698,0.08765231312580778,0.6382724676185152,0.5232963310974115,0.6941932279253267,0.9779026800649833,0.0
RPF1,137723.76467916323,1.3638817499007412,0.18526342424518205,-1.386235144778082,0.16567511321026063,0.3006094919069253,,0.0
COQ2,55225.772355112385,1.668142017014443,0.32203439329970984,1.1289662966332723,0.25891205162271946,0.4239133427125587,,0.0
HS3ST3A1,6410.512924002986,0.028052125228707165,0.17901412906928196,0.3770131132944672,0.706163859777865,0.8304942820813916,,0.0
RAB8A,1370822.1952859636,2.9771939077718295,0.10336674378222566,4.298733677329379,1.7177673099463074e-05,5.923866975708556e-05,3.210053570606469e-05,1.0
LINC01907,597.8283800398118,-0.12306995022551365,0.13399060100085747,-0.9630650056258778,0.3355149019287166,0.5160258433172659,,0.0
NPAT,126742.27264108746,1.0762923721300484,0.3015064114049047,-1.5831261251055104,0.11339272011401823,0.2206477501595596,,0.0
PTPRS,587165.7563872994,1.8491151495931253,0.14480528973397278,0.9090577688884294,0.3633196329578928,0.5447069324604232,,0.0
ADSS2,362713.49197366944,0.7693809385870173,0.15308281264047352,-6.337183214847129,2.340036726465296e-10,1.2668649536454046e-09,4.372910816060989e-10,1.0
PRMT1P1,1504.0718474573446,-2.300387206962326,0.20491814991606566,-11.468647081133888,1.8960031352415845e-30,3.658041570193899e-29,3.5431292695595355e-30,1.0
ATP2B1-AS1,19043.76209834814,1.0100380156817026,0.20372657418663248,2.850984230945443,0.00435841308946825,0.011214722043291886,0.008144723338845491,1.0
NEDD8P1,6197.694406119939,0.24089574869936212,0.32304566618888525,0.7674204800030738,0.44283155580490285,0.6223828043084584,,0.0
CHEK1,71939.11776240724,1.2080674429665743,0.20924623291412658,-0.7216149129191823,0.47053126786920274,0.6498741695805434,,0.0
GNL3LP1,14307.888056175545,2.5487177802000534,0.24308645155565944,8.931933352792354,4.1862767261394088e-19,4.226025212225985e-18,7.823045923903749e-19,1.0
GCSHP5,62745.17892421151,0.8488333381940278,0.40850149458257756,-2.463145166631199,0.013772414158333286,0.032928590214924135,,0.0
TP63,161540.81636430538,1.3308265511659567,0.21189592212602135,-0.6154333428112391,0.5382685773378977,0.7043430517329293,1.0,0.0
UNC13D,157414.05207536597,0.4625463322895001,0.17727936632919392,-6.708044557273901,1.9724970903644504e-11,1.165078955147891e-10,3.686076275449199e-11,1.0
UBAC2-AS1,6368.306127490291,-0.24002452931291055,0.4981187869915791,-0.5729707173837971,0.5666645210163664,0.7291045691802407,,0.0
RNY1P16,777.2827889144379,-0.008211329734810032,0.17190383564546105,-0.10790007197613594,0.9140749600275355,0.9541002425366678,,0.0
NSL1,149147.00078993812,1.9353918230802691,0.45574233716221296,1.448833977449658,0.14738395254781048,0.27358009319517423,,0.0
UFL1-AS1,390.0323667022716,1.4402914870645427,0.2961378838225686,5.129010241150759,2.912694991087557e-07,1.2220601906351406e-06,5.443057917152028e-07,1.0
GALNT10,347638.20649360586,0.8277173876470296,0.484343935482017,-2.6917551280577396,0.007107711106780719,0.017874802415995598,0.01328243545272373,1.0
MTND4P23,378.57115809545286,-0.27530363980161526,0.4150789701655628,-0.7846594099547411,0.43265328719066254,0.6122822078991053,,0.0
CPEB2-DT,422.6968290690418,-0.3774343696803534,0.43949497186548814,-1.0416026928079065,0.297595919709161,0.47104428596347087,,0.0
CETP,22469.717439114913,1.1560256054264635,0.758655514046656,-0.32362136434840444,0.7462247112933609,0.856427396034204,,0.0
SLC19A3,433390.58248307713,1.013908362364892,0.4064909626095111,-2.133442699125389,0.032888427483836816,0.07382905307130844,,0.0
RPL21P54,168.66119861899585,-1.3789330608628645,0.32666060178709844,-4.539821961725257,5.630174828518447e-06,2.0505818963634607e-05,1.0521310253592626e-05,1.0
LLGL2,321575.8323799096,0.8789462756739543,0.14891020897008705,-5.3755716830113,7.634007210012938e-08,3.366913859526448e-07,1.426594391489703e-07,1.0
ZNF333,19590.491870060792,1.276946399324447,0.22582886809619276,2.2246622881984175,0.02610391772185847,0.059780603508765705,,0.0
PAFAH1B2P2,361.5013932782514,0.5473097819126894,0.3590861043760027,1.753589198879849,0.07950092311836662,0.16254750933816614,0.14856623516173448,0.0
SYNPO,585230.3028247856,1.1098975585369468,0.12576998251179486,-7.406181293306685,1.299881046021469e-13,8.934670683589106e-13,2.429134475306388e-13,1.0
AP5S1,125043.85112469569,1.541959686749582,0.21332374376522112,0.8249173697011043,0.40941850424981063,0.5911194064537139,0.7650950881586775,0.0
TCEA1,344798.77647119376,0.9207225319470638,0.22530680772114733,-3.8050287039418738,0.00014178774720241278,0.0004376240721250504,0.00026496386416247444,1.0
PCDHA2,43632.13546453412,-0.402024676368463,0.3302112410511617,-9.294666089511331,1.476689743802453e-20,1.639781922173524e-19,2.759543249731061e-20,1.0
PTGES3L,7388.646629749681,0.5025427448464883,0.34524337119246595,0.9564557611240778,0.3388420245679239,0.5189300937351422,,0.0
SEC14L5,6700.465928606468,-1.433056141001515,0.22606648790326847,-6.792069774143752,1.1053606116576343e-11,6.69513572903418e-11,2.06562714153074e-11,1.0
SREBF2,813674.7707492155,1.610477558921607,0.13729105239108494,-1.2976140973326746,0.19441997544493095,0.3396911249294825,,0.0
DOCK5,187333.15186201653,1.8391065727893803,0.1273054569031984,0.06496328768471268,0.9482032306662452,0.971566770926441,,0.0
RPAP2,128805.02360611972,1.9141299302871717,0.25682269680152825,2.5520546135616167,0.01070897309331327,0.02614203153262648,0.020012243286195365,1.0
RPL23AP63,722.654798446252,-1.3769451235423833,0.13253131247154554,-10.499290659363625,8.703164955375181e-26,1.3340403460739196e-24,1.6263917457744869e-25,1.0
CTSO,248212.41047981294,1.6937548202922064,0.14128511045138709,0.03376912744803546,0.9730612546255746,0.9848869939971634,,0.0
ZZEF1,281633.2889310339,1.6626965544294303,0.31335733342006106,-0.26406376923186986,0.7917307812239855,0.8841353361561387,,0.0
LINC01736,792.3571000160377,-1.4099545878923867,0.3817460348619853,-4.139045512693282,3.4875376511479174e-05,0.00011602680188273064,6.517287076584196e-05,1.0
AKR1B1P2,447.4085801160136,0.24151005353754085,0.5558116759652749,0.6222605451965636,0.5337705602082872,0.7017236225626968,,0.0
ENTHD1,148.11232075528022,-0.6379719349893161,0.0671060657758411,-15.348547488497855,3.6220565811773338e-53,1.9889468940816635e-51,6.768667440592048e-53,1.0
SCGB2A1,33243.70931677906,-0.5161136273792901,0.31164261948231115,-8.223203894042765,1.981375648929172e-16,1.6867008718397059e-15,3.702667957254702e-16,1.0
LRRC20,40505.61785720443,-2.026222818791639,0.24351114280608588,-11.767952383437677,5.709348742115166e-32,1.2088820196758257e-30,1.066926539429674e-31,1.0
CALHM2,299566.4241374137,1.6697623738439686,0.13409326918313097,-0.7059269598856242,0.48023356075350576,0.6580003024637423,,0.0
BAZ2B,187820.4182466744,1.1639372440749267,0.49066140477390946,-1.413581833612477,0.1574847182840442,0.28826048984079444,,0.0
RPL26P29,604.3943678894732,1.3675547947049542,0.3077831255458808,4.77191591703092,1.8248168801662172e-06,7.0686898838686725e-06,3.4101009536987985e-06,1.0
MIR6755,151.90816528689032,0.052161446165109426,0.06926087215264898,-4.3925403324935255,1.1203383776144503e-05,3.9704474276166014e-05,2.093616631615336e-05,1.0
KIRREL1-IT1,174.06519532745114,-1.695376980076154,0.523786647466269,-3.7497420931921295,0.0001770165320313673,0.0005430028303012539,0.0003307971617654235,1.0
FHL5,43157.904834810084,-2.5217409066864294,0.1737074026611865,-13.825001035730555,1.801098782781277e-43,6.666733790783734e-42,3.3657780918317283e-43,1.0
DMAP1,564298.927010108,2.7827911830527468,0.14109556921164845,6.992766125893645,2.6951859974038763e-12,1.702635199624168e-11,5.036591035537461e-12,1.0
FBXO28,285793.49004701275,0.9526847730453895,0.1834632279731633,-3.9934636630681517,6.511506137840575e-05,0.00021032964557717748,0.00012168285778156078,1.0
GBGT1,54152.785887896454,1.338836555129176,0.22726812571839045,0.565797606425609,0.5715313737997954,0.7335774000763889,,0.0
NR3C1,296989.3374649468,0.3413156216438001,0.1254887213114546,-21.127798544877805,4.416642195240437e-99,1.0031800477098392e-96,8.25353816365612e-99,1.0
RAB5A,1478794.176443403,3.500026674668049,0.13015720477362544,6.233370588181256,4.565044957674801e-10,2.4267584737767e-09,8.530863744764764e-10,1.0
CSP2,3360.5561574319845,1.9539955813349847,0.27311650888462247,7.426043339888955,1.1189434778233995e-13,7.722873699839127e-13,2.0910099321927925e-13,1.0
ADAM20P1,3007.2999592645347,0.22922404302095356,0.36140619958525655,0.8300482308780068,0.40651151499580107,0.5892611341118463,,0.0
LDB2,347572.2036599908,1.6582752069163913,0.1338399391402694,-1.4184679181471198,0.1560541987386765,0.2861661765494189,,0.0
ELK4,373770.99793504534,0.7323157739650539,0.10073168669196927,-11.711098959686721,1.1182077186530609e-31,2.318541066435413e-30,2.0896349925614604e-31,1.0
NHEJ1,69246.62777833364,0.9020657932085817,0.6581476865510835,-1.3241216631522517,0.18546264202686114,0.32805551228609736,,0.0
ADORA2BP1,364.2178754888609,-1.605335278729109,0.3168775830371788,-5.404117846818902,6.512811666378994e-08,2.8979982098749626e-07,1.2170725466303602e-07,1.0
TGIF2-RAB5IF,52039.23562023527,0.1639752152425119,0.08818092700428667,-0.45837584477470616,0.6466824426657372,0.7904775357144541,,0.0
SOX11,39496.930723741614,-0.32768049915891057,0.306444453260175,-7.849731621737314,4.169284989922031e-15,3.240111523272222e-14,7.791292855138515e-15,1.0
SATB2,58919.790509063925,1.2401566292497237,0.6225789757902983,-0.48890871629365923,0.6249063245323514,0.7743943953352774,,0.0
CHST4,3074.7126636997987,-0.09702436522369108,0.5532210398774374,-0.23898687466751875,0.8111157603879713,0.8971226778033226,,0.0
RNU6-1098P,145.05243033696365,-0.1908102677895135,0.2704363566572231,-0.7813321859812424,0.43460714459328276,0.6138620424485983,0.8121660065567068,0.0
SEMA7A,48391.98369059265,1.267867669767049,0.21612555839327852,0.7308051212383286,0.46489819501206964,0.6447672163406362,,0.0
ARHGEF3,258191.62122560857,2.2692250824822984,0.10845273611914974,0.33245908496729104,0.7395426297751091,0.8528374724573373,,0.0
BACE1-AS,34383.50229836279,0.7862314761483523,0.5406535172456517,-1.2569695434570576,0.20876466431761265,0.359175336094916,,0.0
SLAMF9,2293.8556286814855,-1.3787070401259562,0.10366994674215521,-13.395316023256685,6.440133131953039e-41,2.131214917905254e-39,1.2034908474334082e-40,1.0
FASTKD2,187133.70506775263,2.1211714765943523,0.11252456076397255,-1.1847226088669993,0.2361271402893821,0.3938342189673038,,0.0
TTF1,105114.0634854718,1.4211790933594903,0.1872324405344156,-0.24912411655074207,0.803264775120891,0.8935694749062983,,0.0
ZKSCAN8,396573.90212987177,1.8536570604182636,0.09048485207578821,-2.4443944468690724,0.014509553164944872,0.034460188766744074,0.02711452399597215,1.0
NEMF,987991.0891177058,3.034628590597517,0.12126215036639898,4.371570949851401,1.2335575094400698e-05,4.349119549602255e-05,2.3051932964368098e-05,1.0
FGFR3,101736.7489509288,1.835786324130525,0.24371813021654373,1.4571135592778204,0.1450850361085096,0.270638636309498,,0.0
BTC,11854.016538850998,-1.3026457137056362,0.3231158543902207,-5.749604786116518,8.945229939797695e-09,4.298010962420104e-08,1.6716273002681035e-08,1.0
KLRB1,11190.701128566165,0.2885109631705751,0.4796399627286525,-1.5054486574727777,0.13220876741865034,0.25110118236069773,,0.0
SPATA17-AS1,1654.7173462329695,-1.591867699875225,0.17364467741126033,-9.557248785656064,1.209286060498091e-21,1.4184982263636058e-20,2.259836366607689e-21,1.0
PSEN1,394119.95260406996,1.724082790708104,0.13425571021131552,-0.6236826461973429,0.5328360220803894,0.7008638068796278,,0.0
URB1-AS1,21341.513636471802,-0.15768325289637866,0.6845045156416469,-3.097441948296385,0.0019519862359565444,0.005281036936153141,0.0036477469039172972,1.0
ANKS4B,614.8593153935592,-1.2206561069443156,0.32229402841262594,-4.09802945744081,4.166822630587841e-05,0.0001371647739462941,7.786691355664712e-05,1.0
GALE,143015.39105125456,1.4454273642256257,0.5353624271785349,-0.18465492874670716,0.8534996997828892,0.9207551813072317,,0.0
SYT1,91586.95903273512,0.513751380159755,0.25974072979998003,-6.079649583024684,1.204454752092296e-09,6.185673582944711e-09,2.250807926778311e-09,1.0
FILIP1L,1031607.4296972807,3.366027737014745,0.1276179670678042,3.511205369898249,0.00044607963595245123,0.0012967189882806276,0.0008336050638946891,1.0
GTF2IP7,5189.992335993838,0.16621248491834376,0.20678412274686217,0.746239820624797,0.45552255725783986,0.6349361837147631,0.8512513906572272,0.0
EPB41L4A,194200.5841760106,1.5602130576581434,0.35245097775717654,-0.10723985396737107,0.9145986988228039,0.9543223424551162,,0.0
WDR17,17656.301663076334,-0.25873994805867345,0.20697565433923898,-0.8617243917826759,0.38883919976493986,0.573334163831633,,0.0
BTG3,102644.1449284034,0.7748991508888022,0.3974346795512221,-3.3904447671205338,0.0006977931384775831,0.001977806190001408,0.0013039911417249373,1.0
FLT3,19063.79205068565,0.08738912606058731,0.14169983016117713,1.3433679193241679,0.1791528694048128,0.32006681745293153,,0.0
PUS3,52724.01854091885,1.6974174299731577,0.47078998557746876,0.7586349376382296,0.44807096696943327,0.6277013237864475,,0.0
NAT8B,3607.1042822757686,1.8251566041870901,0.3158390067841291,6.098393696456887,1.0713960985191337e-09,5.513662517301865e-09,2.0021564339192637e-09,1.0
ITGA4,45073.44174806833,1.044232082828653,0.27032091966972865,-0.9604911647123128,0.3368080755727353,0.5170598935904633,,0.0
INPP1,89559.03547605601,1.7296969415183372,0.3382334696436494,0.6274933511476568,0.5303358931432451,0.6984945856712693,,0.0
RAP1GAP,114569.92423867197,1.5325788109327734,0.19649974173040907,0.19136599863382633,0.8482388569158337,0.9175607451106274,,0.0
IPO7,750682.8729782067,1.6711354278362456,0.136438266644627,-0.9668448990300218,0.3336215753326911,0.5135881121187484,,0.0
ZNF665,32885.54835281542,0.8627053315895832,0.22161979344737243,-1.7034011875541124,0.08849301562656663,0.17809085746514436,0.16537008193191977,0.0
CSRP1,2437283.67252558,0.8344477354062514,0.0634810180883882,-13.013458386395161,1.0259185084769481e-38,3.106978658702612e-37,1.9171708253026587e-38,1.0
RNF41,744781.2879976442,3.511610786651695,0.17016300663612507,4.463377355628543,8.067778527620595e-06,2.8982522863062625e-05,1.5076547981495928e-05,1.0
ADGRL3-AS1,24.650103994684304,0.06515901196818485,0.04018722667348577,-5.693733349880524,1.2429114663834014e-08,5.842736215915199e-08,2.3226733722953838e-08,1.0
IFNG-AS1,1642.8111417600824,-0.02408576167848155,0.1480827501051819,-0.25837578310289766,0.796116904513616,0.887593969623949,1.0,0.0
KATNAL1,85815.02658683236,1.0326808513404566,0.7975567068018239,-0.8527792924316674,0.39378170940664037,0.5789135633730456,,0.0
LINC02183,273.7086895754289,-0.4432410216132536,0.37024406293951656,-1.4190800669736274,0.15587567451913797,0.2859437391968181,,0.0
HK3,187177.93968890066,3.519184287113998,0.09584266318637293,24.600231224266853,1.2560054112965285e-133,4.184172693499169e-131,2.3471424982231684e-133,1.0
SMARCD1,1180892.4654810969,3.1149607440731453,0.14790328607029612,4.861224590601852,1.1666180353129101e-06,4.590228600361111e-06,2.180101092916459e-06,1.0
TOMM22P5,528.7283095256362,0.2101236347492029,0.5309475279255799,0.5493864398898699,0.5827402779039792,0.7447450559299703,,0.0
RP1,9733.348346914781,-1.3505956965198516,0.3882978389029689,-4.282767191927647,1.845832733534925e-05,6.330560171224447e-05,3.449374034956627e-05,1.0
EXTL3-AS1,7345.023055095744,-0.05405092795854466,0.1923763841972717,-0.10174090521163165,0.9189623329260946,0.9555674173636055,,0.0
MDH2,220711.35211298382,1.8510774522735416,0.07432687444344285,-2.591943552611587,0.009543542899672353,0.02351532735190471,0.01783436195574523,1.0
MKRN7P,1327.4002046530964,-1.64365070050919,0.3392192881672488,-5.038275387689517,4.6974524708524587e-07,1.9224545451965383e-06,8.778298428141263e-07,1.0
DOCK11P1,4719.019088253939,-0.014229140707693304,0.1448823893110943,-0.3238433824530788,0.746056610081113,0.856427396034204,,0.0
FCHO2,241705.5579689592,1.480890394789218,0.2111597395856346,-0.5744350938129755,0.5656734106857986,0.7283354890999576,,0.0
PEX2,19583.087926183856,0.6628658180794588,0.15539724940860508,1.9728961903627396,0.04850739076103158,0.10488595051184545,,0.0
C18orf63,447.9895592207904,0.03121286952130203,0.20328895622094048,0.10075150294566042,0.9197477259022624,0.9557037609344157,,0.0
ZC3H13,426242.03856472,1.4492412105001342,0.17578700027762445,-1.6734175047571045,0.0942451342087359,0.18777629012801167,,0.0
USP37,138024.2935001364,1.813074909847506,0.13673780782412512,0.7972584662712643,0.42530093663259816,0.6067852361082,,0.0
KMT2B,693800.4612158866,1.6972656617143158,0.16581921560696286,-0.20922831545056553,0.8342700090343497,0.9102286539617129,,0.0
TM4SF19,24826.611780939416,0.8713980548098914,0.2319434846584196,-0.9499242334651649,0.3421507523511854,0.5228523882259553,0.6393894201566468,0.0
SNORD118,2830.6395566051515,-0.46609280999969227,0.2928269135914727,-1.8106292631799992,0.07019825924460245,0.1459806263100533,,0.0
C12orf75,324966.4721246646,3.2142824325745747,0.21557431345764558,4.624001817215628,3.764065647446675e-06,1.4047076953167315e-05,7.034044891657081e-06,1.0
CRISPLD1,154667.61121315154,0.6690129544305201,0.11462209872403008,-9.384776488703302,6.305002434055995e-21,7.128076281216699e-20,1.1782384877702993e-20,1.0
LYRM7,83707.68072053988,1.6249305198962736,0.152191622937771,0.6336989078434718,0.5262773378405119,0.6960846630992689,,0.0
TIGD7,79555.38439620321,0.3396319959506562,0.12833873304641016,-8.892717805062393,5.963211697803991e-19,5.959633770785309e-18,1.114366823258285e-18,1.0
IKZF5,158035.76940601657,1.7977347999770035,0.13426258147199732,0.11679951799648366,0.9070189257213017,0.950146073039089,,0.0
MTIF3,218137.3838085615,0.8921677652612848,0.4745362325608218,-2.593253457079643,0.009507267673229843,0.02343750200450396,0.01776657313505218,1.0
CYP4F22,87428.65435665939,2.408189896811007,0.40395764491212843,2.5215732450209445,0.011683134984301258,0.028216832052466594,0.021832694658396927,1.0
HMCN2,74671.42295364017,1.4712881042034216,0.16171527162770133,-0.4567332189400329,0.6478628110310676,0.7909152857608833,,0.0
VEZF1,610408.0309046523,1.7850587451770004,0.13370783662242577,0.6614630300094985,0.5083154160685184,0.6824428087303563,0.9499073051961057,0.0
DENND1B,154491.0234910526,0.733705416134397,0.32229191058521567,-3.9675610455106063,7.261191636154196e-05,0.0002333387434460612,0.00013569250039589573,1.0
MAFTRR,2269.9000593878163,0.2833520097963721,0.38557558328280006,1.0231273305273918,0.30624764623984446,0.48123254347814554,,0.0
DST,5605679.085830259,3.0966190470294106,0.03294633833424692,11.27490837173218,1.7456026225603981e-29,3.2069030532846727e-28,3.262070420693459e-29,1.0
MTX3,155761.13616719595,1.8519247975901345,0.11662187146709638,-0.31281969568254786,0.7544176508491469,0.8608871891512188,,0.0
SLTM,591691.0812010986,1.9108997716589422,0.11370103009332984,-0.46009940173838015,0.6454448734943561,0.7899309411832715,,0.0
CAPZB,1169772.896582961,2.001108647451271,0.1718689664137649,0.7035784051868301,0.48169536356602416,0.6592801237303267,,0.0
CORIN,24278.435462699264,-0.27504413504502784,0.19199373270722603,-1.1580138168161176,0.24685839798757025,0.4088668925236621,,0.0
SYNGAP1-AS1,16747.828458916174,0.37982162947798453,0.1829889707516607,1.3003843111409357,0.1934692843541035,0.33897826574945833,0.36154301193622107,0.0
NSD2,408185.8466660724,1.4596407518121335,0.1747670310828448,-1.5457227297944103,0.12217154537023467,0.2348043123904087,,0.0
IMPG2,11335.314168869601,1.9419980192310144,0.1850859096431516,10.067067765754597,7.724675545930948e-24,1.0575398274799164e-22,1.4435379096117032e-23,1.0
ASXL1,646627.6413934911,0.7346375514043666,0.12351197480453029,-7.445503701057301,9.65752237036818e-14,6.730633094104573e-13,1.8047359493167463e-13,1.0
JRKL,70492.21706343252,1.086457871875982,0.2853523804390611,-1.8030463165154507,0.07138094100708278,0.148250441484785,,0.0
RPL23AP1,21881.455526952195,0.9673995491793528,0.2826102436491419,-0.2864790824031711,0.7745112122407256,0.8728535244850939,1.0,0.0
LINC02609,16418.26187793978,-0.5469917444967819,0.1335097035522281,-3.5112483044497678,0.0004460075914603047,0.0012967189882806276,0.0008334704317603376,1.0
SPRYD4,196437.89351042526,2.4544195896514402,0.18393612609478455,4.373980803118061,1.2200111216957896e-05,4.30840676686492e-05,2.2798786743133363e-05,1.0
NLK,276809.7457780868,1.5631835326637922,0.21109860087102914,-0.5414980943711731,0.588164310780924,0.7493771190648335,,0.0
PLAAT4,231897.46878040343,0.7550806961557194,0.4514761078197037,-3.5310154294956915,0.0004139675990753773,0.001211121834063033,0.0007735961453177488,1.0
GNG14,530.3026970903364,1.119687236470054,0.16879589723578659,6.779417156407324,1.20661662206804e-11,7.264413566836139e-11,2.25484789097756e-11,1.0
DIAPH1,559156.2397048378,0.9098602826077282,0.1134330961252021,-13.716593423537235,8.07721845316764e-43,2.862543305707709e-41,1.509418870997707e-42,1.0
TRAK1,368351.0672849856,1.558687525050437,0.1856616177697965,-0.687789079009347,0.4915856143825641,0.6682408365260263,,0.0
SIPA1L2,260610.9010333566,0.46365424654671467,0.17357194461521744,-7.833600776459797,4.740925145694043e-15,3.644677377389713e-14,8.859537379593543e-15,1.0
BAZ1B,1060847.1581871458,2.0859531228213086,0.09287789906577532,2.544344249670614,0.010948312521423184,0.026570528251360685,0.020459505485995382,1.0
C6orf132,248389.6618383376,1.4760926647100787,0.33434315266842596,-0.5656186145598098,0.5716530710221049,0.7335774000763889,,0.0
RPA2P2,4691.691155592518,0.41194239108097547,0.7002956096010319,1.1293453513962408,0.25875217652046123,0.4237904379130596,,0.0
TMPRSS11D,519.5732389106477,-0.5866002235200088,0.22572944980608153,-2.8037377930814515,0.005051396724946417,0.01289163913920186,0.009439726789288424,1.0
RPGRIP1,4030.0045928358245,-1.4013955062136227,0.23036391635755518,-6.42137986964885,1.350445629497131e-10,7.456548961985816e-10,2.5236263315621405e-10,1.0
TRIM60P18,8308.082268233662,-0.28899748394603986,0.22943186937382565,-0.9882714009723279,0.32301974780802,0.5009713469263427,0.6036386237085549,0.0
ABHD17A,317458.80103250453,2.1242380365468114,0.11319124456293218,1.00881380940755,0.3130639369927024,0.48871618030382197,,0.0
USP30,94174.75611375044,0.39651720965730824,0.1392958242688216,-9.320926255381922,1.1532903180324683e-20,1.289259892440323e-19,2.1551951081556632e-20,1.0
BRAP,170618.32435029204,1.3613555755879239,0.2642297839956448,-0.7168043435539064,0.47349483123909963,0.6516259079321898,,0.0
GYG1P3,1126.9460735619527,0.015101995663118374,0.21987927117376463,0.11674194528760783,0.9070645499814807,0.950146073039089,,0.0
ATP5MF-PTCD1,341877.9793462358,1.5849857016918487,0.13680827441111848,0.019429659673561788,0.9844983498732647,0.9902452202730884,1.0,0.0
IPO5,1103942.8524879399,2.74628355087417,0.15916869636354516,2.316552063250371,0.02052814523938171,0.04764474768285667,0.03836168353073687,1.0
IL6-AS1,11607.873551185217,-0.06398143288063905,0.13254145358963373,-0.6381691749831285,0.5233635605758682,0.6941932279253267,0.9780283142100274,0.0
ZMYM1,69908.75967176896,1.0656714369297082,0.21327747517460693,-1.6181356587285232,0.10563336521877377,0.20740665068692046,,0.0
SNRPGP2,42315.10921907192,2.603532173360934,0.7392234141329029,1.5130022544501043,0.13027908620068465,0.2482855048607251,,0.0
GRID1-AS1,357.37636516267156,-0.1848874138054197,0.23526332182237286,-0.8784359084484237,0.37970720469547947,0.5635274433808467,,0.0
MDP1,40414.82232293372,-0.057375607020369986,0.2548970441599392,-6.481872216446528,9.059135270617093e-11,5.074943828169688e-10,1.692913199224892e-10,1.0
FAM50B,121018.10154589191,2.6528188575562637,0.2719562861429924,4.1410562108873465,3.457102193946342e-05,0.00011524442737258086,6.460411242763601e-05,1.0
DYNLRB2,7510.891283662869,0.4503544672176115,0.3191167703441353,0.9990478918148649,0.317771491826517,0.4949825887335117,,0.0
RAD17P1,7279.158202960507,0.040558831709138765,0.1325474850997342,0.19537420426390004,0.8451000094850123,0.9155178358021279,1.0,0.0
CHD2,535438.8799434891,0.9388658752042753,0.2094137426510536,-5.178867933429825,2.2323643046104736e-07,9.469545356654107e-07,4.171699487710746e-07,1.0
ILF2,772428.3480351984,0.9094757829837493,0.2368947166759539,-3.58856376095246,0.0003325046789821537,0.000982868498316718,0.0006213634558241668,1.0
HOATZ,835.6740819405134,-0.26435532178669596,0.39595234566520243,-0.7518424490515413,0.45214581096038675,0.63163897606068,,0.0
LINC02362,3069.4354080105422,0.17332939866929634,0.24929307699385375,0.673983678873358,0.500321690106922,0.6760701691358272,,0.0
C8G,3647.77035332285,-0.1754849478437244,0.19454338587644782,-0.7191957919352707,0.4720202918197458,0.6506171748815137,,0.0
PSMB6,388817.8392122284,2.077718795252122,0.11064293771037345,-0.31566275523770965,0.752258499284514,0.859763487774262,,0.0
MED28,413246.81025404285,1.5709747363638715,0.1704788583540266,-0.8380528149672252,0.4020010417248874,0.5848032621540792,,0.0
ZNF775,18617.489340856602,-1.1799651502319735,0.21687648536207077,-7.49732768419907,6.513201218259242e-14,4.59695854345218e-13,1.2171453435916766e-13,1.0
RBM33,340945.95983504003,0.9048689035277596,0.2881474968755188,-3.8972536057188836,9.728972381380873e-05,0.00030769414550481155,0.00018180880699237182,1.0
PHLDB1,1596601.6304144866,1.7639539142774292,0.12338872007939995,-0.34392059512796785,0.7309060029301517,0.8481972356344563,,0.0
CD44,1528819.3221645472,1.1593987109530284,0.1880933787614634,-2.110363978866812,0.034827016651816804,0.07776166318549088,,0.0
LINC00160,2052.8889466116234,-1.2952390038978432,0.17261477783406165,-7.836787264224473,4.622201650537868e-15,3.569882789449417e-14,8.637674512990923e-15,1.0
TRAP1,569259.017899378,0.48384223686224653,0.11864300738568634,-10.446666046638088,1.5176683645646576e-25,2.2981178235544225e-24,2.8361214725989506e-25,1.0
MYBBP1A,421021.28197524295,1.6483853373871582,0.1988249392860903,-0.24957134600853292,0.802918860049926,0.8933835545912892,,0.0
METTL27,29194.962496536493,1.375385952955564,0.3460685700699367,0.497388977414733,0.6189147770146426,0.7699071796719364,1.0,0.0
FBXO15,6385.754069271102,0.06477881405203892,0.14355673066312077,0.6425854361656496,0.5204931356602465,0.6922821929449697,,0.0
ZNF337,201331.0992327624,0.6751486634675349,0.1209608134475257,-9.5607288432229,1.1693029765765244e-21,1.3780676825360594e-20,2.185118539249399e-21,1.0
XRN2,813082.7098635926,1.9205073406883482,0.148220997917715,0.44700392250416676,0.6548722277514338,0.7955921843785126,,0.0
RRM2,148379.94247447138,0.7294817753877827,0.20042012951133753,-5.790732739059363,7.008001453223908e-09,3.393312331565879e-08,1.3096104435961056e-08,1.0
RNU6-914P,5427.2121973184185,-0.44072237831454186,0.7610907031605955,-2.1866700288654366,0.02876662106358155,0.06536917028409141,,0.0
P2RX3,265.45375860593373,1.149508549481591,0.7871886542025447,2.1826659609772134,0.02906041838275352,0.06597678812295289,0.05430624931137597,0.0
SUMO2P15,299.4591118685531,-0.15051199408701602,0.20069812133740192,-0.7877370625776497,0.4308505217636345,0.6111155427910535,,0.0
CASC2,12815.646376917008,-0.1347990520625118,0.44594706458838745,-0.4356959010475854,0.6630573800870533,0.8012484791071244,,0.0
ZNF99,6145.612872699155,1.5362451293974875,0.2784191430661369,5.550963731513236,2.8409902813979064e-08,1.302424627169297e-07,5.309060746501623e-08,1.0
ZFHX4,21294.20520828889,-2.106785787502425,0.07886746494414741,1.6931862242935836,0.09042002588922639,0.18122306844629954,,0.0
CLDN16,1965.0294432640217,0.5815583424084314,0.5520200931663413,1.124886630475024,0.2606370780465884,0.4259413853609324,0.48706188444233445,0.0
CRACD,44467.0779703342,2.5396650451913114,0.3040322692643919,5.2383237974157195,1.620415814478191e-07,6.980360193920276e-07,3.0281293287013915e-07,1.0
MAGEL2,3836.410502033011,-0.45425444719427094,0.7225559658659031,-1.251360874436257,0.2108028451329722,0.3611043186154646,,0.0
TGIF2P1,136.59046973313426,-1.2457412773652863,0.1392060030004144,-8.95582834066095,3.371942925411348e-19,3.4177685189209952e-18,6.301271053956809e-19,1.0
XKR8,47499.624688202755,1.394575204124307,0.45328016837688767,0.024818597418641626,0.9801996570321246,0.9880379204988687,,0.0
EDNRB,92963.57254844219,3.23065001595153,0.06702719843251596,-25.64524880844612,4.776847561287763e-145,1.8361467125965343e-142,8.926666889960714e-145,1.0
AKR1B15,45683.30284214936,1.934811403024331,0.45370592214753636,1.0125824157332386,0.3112596624764462,0.48650751748351634,,0.0
SEPTIN3,89514.20220644688,1.4111782190040125,0.13844457339674385,-0.43099400086099976,0.666472732550059,0.8038533054676913,,0.0
NFYC-AS1,55800.2445853431,2.8437104363856744,0.27529886523126046,6.5474834893466465,5.851468766465072e-11,3.3227033438665873e-10,1.093485019671876e-10,1.0
WWP1P1,128351.57159146499,3.027885186987903,0.18065995568231877,9.18664461505979,4.052860968224502e-20,4.355300270584481e-19,7.573727097314075e-20,1.0
HSD17B7P2,21549.944723733723,-0.27627522794610726,0.2026888143271072,-0.7474848601675422,0.4547709382848566,0.6344194245140782,0.8498468132421197,0.0
PRDX3P1,6557.066954039097,-0.06309381379284798,0.21227680518691522,-0.04342115001355247,0.9653658183265129,0.9810724006869199,,0.0
SEM1P1,3431.6385479873,-0.19288780289355664,0.231036090567289,-0.9726744223916676,0.33071514132126323,0.510371698944519,,0.0
SPCS2P4,59044.04866475654,-0.2675003175979125,0.037045937167752924,-0.6830015262958757,0.49460587808303536,0.6716156447774261,,0.0
ST13P12,175.67875940513494,-0.510353181481017,0.2654750152682342,-2.0924504096078285,0.03639824343680691,0.08090837297763527,,0.0
PBX4,10000.39076742224,-1.2379670101049085,0.136960545336711,-8.717935149631094,2.8332114553223983e-18,2.6966776461421e-17,5.294524174362762e-18,1.0
FAN1,210912.49106465685,1.4311435836950157,0.23478660505597368,-0.585944465307608,0.557912835045995,0.7215037362124319,,0.0
HRH2,82559.88517374321,2.1225777756380553,0.13558758488469913,5.97862643756595,2.2502692053029144e-09,1.126712947785437e-08,4.2051590197825964e-09,1.0
WBP2,1018107.7308165885,0.9053635977475877,0.09112495729548387,-7.3302345471124495,2.2975027952209484e-13,1.5577505383607978e-12,4.2934261285411667e-13,1.0
ANKRD12,344441.3476188968,1.537148431624152,0.13814216401189944,-2.2676236221928208,0.02335215665296265,0.05377452847689142,0.04363901525611607,1.0
MYH10,443967.53441941144,1.4630760488670957,0.2612006331607847,-1.1213149194871062,0.26215383710519147,0.4275400535295828,,0.0
AMT,104820.30255579614,1.5567620493245984,0.5307776105469559,-0.13040583596310756,0.8962453495890533,0.943644755983249,,0.0
IGFL2-AS1,963.2134616635525,-1.8957101713367157,0.5060746457369852,-4.217423306733384,2.4710982453754962e-05,8.360242337265644e-05,4.6178301915263105e-05,1.0
LINC00313,8227.071937071607,0.8618172928192385,0.5196777250136005,1.189487981921917,0.23424769745530294,0.39135263931265424,,0.0
CNTFR,12300.92064133014,3.9197839483628796,0.0790731357045535,6.3696856482428315,1.8941601915897107e-10,1.032183040062572e-09,3.539685294455417e-10,1.0
TMPRSS12,1191.942394552184,1.8589394135712767,0.30862193110499125,6.330301928776943,2.446819309477763e-10,1.3232420010238508e-09,4.572459270553621e-10,1.0
HAGHL,85641.39195166974,0.6313816576726512,0.4009188126214816,-3.924636718430678,8.686071769857e-05,0.00027663671532170446,0.00016231974807021476,1.0
AKR1C6P,304.39961121114277,1.533754833448884,0.44284214231075486,3.8998550449314093,9.62502965521933e-05,0.000304851076862917,0.00017986639187408748,1.0
MESTP3,2125.559605917155,0.20280926898693388,0.11425775125962703,1.7386319836835256,0.08209951691898221,0.1669724403924111,,0.0
ZNF684,11014.837787571194,-2.139593480057568,0.20697713562620745,-10.776463638815828,4.4465320620307486e-27,7.333109146523977e-26,8.30939443304699e-27,1.0
PRELID3A,25011.223116317506,-0.0804091811219241,0.234223950783359,-1.2170115950325118,0.22359980427463377,0.3782424583481195,,0.0
KBTBD8,7488.0595002699265,-0.1772049061767698,0.1631249678299152,-1.2855733512794651,0.19859200204110505,0.34483340961349457,,0.0
PKN1,1392209.6981382756,1.9106658445240758,0.13062321341888783,0.3999716378303322,0.6891774067782515,0.819581831451669,,0.0
CRYAB,1463004.1833307557,1.7963981024672087,0.08040904636868501,-2.2763471436659986,0.022825240555556722,0.05270689790023888,0.04265434818852541,1.0
ZNF33A,589730.5773513359,1.4537203023015055,0.1254437004754364,-1.0604430250235743,0.2889430971729142,0.45982441292135423,0.5399583607229066,0.0
RPLP1P6,11723.52438851755,2.2370470304433114,0.1984487965050647,11.483534909859728,1.5961838411003065e-30,3.115676036710247e-29,2.9828461682790697e-30,1.0
UBXN8,47264.13848041927,0.9582797762663183,0.24413347174274197,-1.356396794621278,0.17497295259360335,0.3134958207637992,,0.0
SERPINB9,250420.93922345867,3.773876127057178,0.287490532197236,3.499580173818731,0.0004659914467483441,0.0013498894257399858,0.00087081498107759,1.0
OSTN,906.6003403990823,-1.4102762364203514,0.17061598930083238,-8.44038541689479,3.1629298013369395e-17,2.8426547153382526e-16,5.910680709529053e-17,1.0
ARL16,146416.11150438586,0.2887967039213494,0.16508778314681757,-8.161563815458619,3.3071458411566076e-16,2.761108814694114e-15,6.180182411465807e-16,1.0
KPNA3,265324.65612064034,1.6404069563165824,0.14341946670295214,-0.7608625868298988,0.4467391471072387,0.6260199326080329,,0.0
RNF14,240542.4796064784,0.7958216505607059,0.3283759738952447,-4.013829514125176,5.974150386271986e-05,0.00019359811595461165,0.0001116410975325397,1.0
RNU6-762P,235.84117938777285,0.04327884295841144,0.22107536767403796,0.20663685328158868,0.8362934766078243,0.9116401620002831,,0.0
LINC01431,2046.3004480500654,-1.3956807891352865,0.43507680497167855,-3.872196743935634,0.000107858831589734,0.0003385493602097367,0.00020155967892816035,1.0
LINC02580,1861.5781762353022,-0.9940056532470128,0.22600793164097255,-4.670959825650632,2.9979557450956468e-06,1.1340488159154389e-05,5.602387755513443e-06,1.0
CLCF1,61077.22161524552,1.6360666708740126,0.33874334376427273,0.4423412276430244,0.6582423015690839,0.798358441975901,1.0,0.0
ATP5PBP6,1792.3234685370892,1.4974286661008085,0.19569998305993547,7.815889944566701,5.457604472283973e-15,4.176362871057123e-14,1.019882182049477e-14,1.0
NOL3,214106.03807068345,1.6441141827819534,0.16874762671037336,-0.23193155528897447,0.8165911751114656,0.9009728642154987,,0.0
MLLT11,74406.89022738175,1.24543428736059,0.5889717170338202,-0.7902073383415489,0.4294066910857274,0.6101771251537347,,0.0
CALCA,3408.0631319574372,-2.3662105295816156,0.5024490604564315,-5.201923880050336,1.9723601378544905e-07,8.402287816588992e-07,3.685820347366824e-07,1.0
ADTRP,13179.977213528555,0.5726696997432394,0.4998129649397211,-1.9065038431711943,0.05658486754076529,0.12032109919200176,,0.0
RAP1BP1,1009.0799531723108,1.5817478579669664,0.13305161976070068,12.062466455047888,1.6671425310832236e-33,3.948204373375767e-32,3.1154492250646475e-33,1.0
CRYZL1,79688.71271660831,0.5526769531416266,0.5439430323087155,-3.16334297819796,0.0015596846349519773,0.004266434317392922,0.0029146387886518437,1.0
UNGP3,277.1098000130214,-0.4722140798051634,0.3917782565464351,-1.4500208571746322,0.14705270305189963,0.27341554465069173,,0.0
FOXF1,13236.417928597784,0.09250332780050434,0.2201653485351926,0.7848559789653361,0.4325380145747846,0.6122822078991053,,0.0
PER2,189861.20244972323,1.3933319292383306,0.42460358744871335,-0.6295112463108576,0.5290144083541041,0.6976735282516384,,0.0
HHIP,6553.341932675178,0.12043346755454862,0.176343647297583,0.886657445097694,0.3752633559382581,0.5592576765951315,,0.0
C11orf65,497.86762520015935,-0.06646355839561989,0.0941214896789784,-4.24176851919874,2.2176535638123397e-05,7.538513509095415e-05,4.144208997146695e-05,1.0
RPS6P12,275.5341220704848,-0.37524617803246946,0.3468691487911847,-1.266866889568108,0.20520288964415756,0.35407418492812687,,0.0
RPS10P5,6467.543212983393,-0.35026976540063715,0.20773377471553423,-2.1195337678111956,0.034045383124318346,0.07618664553166984,0.0636218322633578,0.0
HM13-IT1,1914.0175389371846,1.2974135869907486,0.590460041854596,2.724908670228271,0.0064319276107204434,0.016257128108634323,0.012019574521604359,1.0
TOX3,110618.91425324375,1.4173000783585563,0.36729555247735235,-0.6944924694802856,0.48737342176736576,0.6645034075229268,,0.0
C6orf58,321.5524984150494,-2.139339129033198,0.20428685279370393,-10.630878453983648,2.1408634669853377e-26,3.428812418117222e-25,4.0007085806004984e-26,1.0
NBEAL1,1881828.9762222194,1.3182481310239818,0.17121139528697707,-1.4456279786493536,0.14828157479812631,0.27473601381766305,,0.0
TPSP2,5046.472139265621,-0.7141487568983224,0.37289725697373993,-2.6649972624179985,0.0076988949504846966,0.019206878715712444,0.014387201969922223,1.0
CPSF1P1,3695.850977364023,-0.045498668820281404,0.16345865098041998,-0.3938444178420682,0.6936959085661707,0.8229815895311383,,0.0
PCYOX1L,402293.5896386666,3.9433352206257646,0.14932225506424177,8.997671832671603,2.305547835894955e-19,2.3608242901571908e-18,4.308460185477595e-19,1.0
FOXP4,972250.7801895421,1.9523453616566924,0.07963405355890225,2.5560573383088436,0.010586567267506855,0.02588115295290203,0.019783499115830872,1.0
PEX19,700144.6684426505,1.0588983702702297,0.18359460292228827,-3.3081664291995825,0.0009390898350144767,0.002625983159243055,0.001754910959449267,1.0
TMEM119,1014026.2778791224,2.9714448882422877,0.20133769985788977,2.2878765101013174,0.022144713607972457,0.05127763387351176,0.041382622998892435,1.0
ADH4,24485.051475458597,1.5436066404387812,0.374576199294323,1.6258772390471947,0.1039757729612701,0.20459370084713857,,0.0
CCDC17,20986.152022812654,0.37802583999422723,0.6814627137250293,-1.7021562534882226,0.08872608098740775,0.17834441942641854,,0.0
RPL21P18,3357.779025769089,-0.7829366215907569,0.4328571757534309,-2.178529981636387,0.029366602615555116,0.06649067207518301,,0.0
DDX43,21007.406161867908,1.3852548429824383,0.08430029565385443,16.05939422892438,4.913261750582362e-58,3.4099401343972305e-56,9.181588993141385e-58,1.0
BRD2,2290300.046017647,1.7252347377011636,0.09948774021800805,-0.17150706165764043,0.8638250783112742,0.9270411099592821,,0.0
CCDC162P,57805.1041256689,2.785658962623316,0.12450209100122782,15.075834855763405,2.3354497938637592e-51,1.203117795869815e-49,4.364339050088707e-51,1.0
CHCHD3,801800.2101323021,1.7945206920519996,0.12366297579001366,0.060095089037473355,0.9520799012763406,0.973021419810201,,0.0
HSD17B13,41081.61799346605,1.5696991799271653,0.36911511134975455,0.9955212227340352,0.3194828276053161,0.4970285459351695,,0.0
VASN,286725.54008618696,0.840238394556445,0.25009258712140486,-4.0572448602303615,4.965501504738404e-05,0.00016206800143159897,9.279211301113615e-05,1.0
GRIK2,18073.72876005476,2.8185404984418527,0.26692880760914733,7.59603016176706,3.053533855478961e-14,2.2081778112631504e-13,5.7062485698685e-14,1.0
RNF114,440015.63412109466,1.3738223408903725,0.25013787342779065,-1.2933562429635381,0.19588787662348384,0.3415393298979584,,0.0
ABLIM3,524340.8467433514,0.8146368604591664,0.3178998125049316,-4.61612504711056,3.909714218925909e-06,1.451474142048497e-05,7.30622361704292e-06,1.0
RPS14P8,6510.671603354947,0.016240801331813604,0.621700593188188,0.06335065341631617,0.9494872811402301,0.971566770926441,,0.0
FAM83B,16232.608055953704,-0.4322608047823375,0.4468179238047441,-3.4560063043088904,0.0005482424983082509,0.0015735598874476334,0.0010245204801968325,1.0
RPS27AP1,12338.537402288737,-0.4202383682210228,0.36080031750811703,-1.2081222776992349,0.22700023179312867,0.38257003651610927,,0.0
OBSCN,228769.46035141993,0.7512253534251878,0.16873156844548326,-5.424549920000344,5.810075137688333e-08,2.594543830476193e-07,1.0857496433443753e-07,1.0
TELO2,285008.83573618287,0.9424863202520364,0.15536205378114123,-4.601754184261278,4.189474734870953e-06,1.5461451440288146e-05,7.829022157872158e-06,1.0
HNF1A,9111.587577252378,0.9219605982147238,0.466743059674493,1.2286502757620066,0.21920295684373403,0.372443786245542,,0.0
ADCY1,328244.13624740473,2.1578260532106173,0.21126459134506792,1.329300680544387,0.18374878984336174,0.3257157512760832,0.34337797413884763,0.0
TMPRSS2,55924.420937030554,0.23492244298593146,0.50602209033652,-3.8986601274407096,9.672642721878802e-05,0.000306106369102143,0.00018075615438006124,1.0
RAD1P1,519.37334449965,-0.008672505464365767,0.13980827283386135,-0.10324723809544917,0.9177667496304717,0.9554334266465556,,0.0
ZNF337-AS1,121626.63480980136,4.205014551378374,0.3886396038946254,7.465018716010341,8.328777320176959e-14,5.828977628700877e-13,1.5564285814855746e-13,1.0
LRRC8E,61485.21305261118,-0.03919802795366704,0.508679227723221,-6.16285255845527,7.144602667186196e-10,3.726678447591797e-09,1.335137603886665e-09,1.0
ST3GAL1P1,417.10660605178964,-0.12210579896997416,0.15583170450085496,-0.8252454708944826,0.4092322428526748,0.5910212478424323,,0.0
CNOT9,298508.5631412228,1.3754657787389903,0.27711649200870436,-1.3257956391459194,0.18490739787393917,0.3273050893291088,,0.0
LYPD1,24950.16531205165,1.1808264489785565,0.46935765892071446,0.216760277780494,0.8283951696837696,0.9075086216714351,,0.0
NODAL,2933.8508809578184,-1.7193260890160489,0.46394098753200275,-4.219912238020713,2.4439744072312053e-05,8.274078667299684e-05,4.5671428993770876e-05,1.0
MEGF10,22143.034169158644,0.08636159560117919,0.13685506189420563,1.4176960948938715,0.15627951070549836,0.2864742167994774,,0.0
DLST,611699.0961634687,1.6297406968796913,0.14689727683758705,-0.9515309367869905,0.34133492161770396,0.5219249092177682,,0.0
ZDHHC5,1584527.2407583816,3.0052837900615534,0.1229841548000609,3.2368269078081853,0.0012086669989895616,0.0033498108674158843,0.0022586795040953024,1.0
CYP19A1,3890.317435886397,-0.5312837589932533,0.09296347140468596,-0.38938703534771385,0.696989861083938,0.8249337127828751,,0.0
H2AC14,1513.5738664591456,-0.06995705712424825,0.1833005310251767,-0.5155509968494522,0.6061680431130558,0.76029661431625,1.0,0.0
LSM12,100259.56939298348,1.4793657279888608,0.45955759469818563,-0.33355910415008844,0.7387122825377729,0.8528374724573373,,0.0
OR13A1,1654.0648634650638,2.032879267057839,0.2032132741352289,10.22611505623496,1.514745451670215e-24,2.156462399429078e-23,2.830659320118199e-24,1.0
CNN2,817369.8439984237,2.064091720528954,0.14977467726034477,1.530120764532489,0.12598683937862434,0.240932352229233,,0.0
SYNGR2,977930.1582851935,0.8174080030756049,0.09500837636992353,-8.794407510343005,1.4380476864453293e-18,1.3926209862727347e-17,2.6873314469586055e-18,1.0
GET3,612921.7450882002,2.520619122673484,0.0943881745281415,7.1845951370714705,6.740663120875301e-13,4.391537629076125e-12,1.2596519676519774e-12,1.0
KATNA1,203178.37147983062,2.4980803943393957,0.1286300048972273,8.81881753877967,1.1567475546827299e-18,1.1356124814832223e-17,2.1616557706617804e-18,1.0
BRWD1,1138197.9440913848,2.2780027314031797,0.1681689345953242,1.8140887515674282,0.06966406304148498,0.1450463845909585,,0.0
TGFBI,1054925.5548021402,1.8263273760125018,0.20790799725687126,0.09338452633486456,0.9255980829923274,0.9591499426041799,,0.0
TARDBPP2,354.3166901212419,-0.18102646073370074,0.16855784461863332,-1.1277806070175633,0.2594125854475008,0.4243157739709203,,0.0
TMEM237,196299.94944314743,1.5800961064266092,0.14749468717432063,-0.14106023373214402,0.8878223583495124,0.9390499187634417,,0.0
CD58,43129.06487261021,-0.17288199959662356,0.2937345507548665,-7.72975378819393,1.0775478570859881e-14,8.072723600987531e-14,2.0136524464692158e-14,1.0
PRADC1,304713.25988402514,3.1337048272452934,0.2142846825934565,6.829666643954744,8.511217628510168e-12,5.224883843939227e-11,1.5905218582522555e-11,1.0
ZNF521,133526.03364129766,0.5153382464520261,0.4058721618961173,-5.737859609174292,9.588054124947021e-09,4.571708631904605e-08,1.7917541683754775e-08,1.0
DOCK3,22541.447483589985,-0.4354457950970752,0.1932842484637649,-1.8608828503209602,0.06276072211792773,0.13188197158254197,,0.0
SMIM19,154387.40926797854,4.259325477080956,0.10482681757250444,30.125127516299948,2.271702864439531e-199,1.418962401700542e-196,4.245212869709924e-199,1.0
LDAH,252909.57047848828,3.1403138963129833,0.12840749243789457,11.838832664291846,2.4585097074140873e-32,5.388233775415874e-31,4.5943055377517553e-32,1.0
SAV1,641117.3077423603,2.3407699638855726,0.09729053496055048,4.839535823274295,1.3014273218601785e-06,5.092586004178005e-06,2.4320240565951056e-06,1.0
EIF3LP2,24691.84170933655,-2.006018581085621,0.2313057310040051,-8.566662357228793,1.0652766048500668e-17,9.931319392604075e-17,1.9907207159445712e-17,1.0
XRRA1,165140.63710631136,0.8079860548877609,0.14147771179486354,-8.814310020830836,1.2042439345915486e-18,1.1776138828089957e-17,2.2504139645302796e-18,1.0
SAR1A,2259300.3394370326,3.3874537460708076,0.07851097798857781,9.289712173830926,1.5470611244935626e-20,1.714116283612934e-19,2.891048780513961e-20,1.0
ADAR,2366813.3110044547,0.8612579288477993,0.06577452506534918,-8.100214333670145,5.486244406966556e-16,4.53136583497717e-15,1.0252342296788288e-15,1.0
CENPQ,1748.8318957814245,0.09259401216774804,0.13727218882185052,-6.740321588183164,1.5803645125394555e-11,9.401287463285309e-11,2.9532840198802015e-11,1.0
LINC01508,1691.8473293063623,-0.10473393501574356,0.13779776974461785,-0.7098696841497159,0.4777849514576885,0.6553994274802181,,0.0
UBE2D3-AS1,6580.633893255761,0.5075856010137413,0.2916866251546804,1.6973999225336622,0.08962107720854344,0.17991491954413608,,0.0
TMEM51-AS1,60607.86059668887,1.3362170818170291,0.15985507018859166,-0.5299965131797433,0.5961143483280529,0.7543271983268133,,0.0
APH1B,172863.46976071334,1.6254633012000357,0.5011521425411285,-0.14045842472231196,0.888297799054438,0.9390499187634417,,0.0
NECTIN4-AS1,369.79718578759287,-1.5889758696619316,0.14411784749669013,-11.079601088390806,1.5757303675840044e-28,2.7921718605735e-27,2.944624026483646e-28,1.0
GFM1,689279.3019478549,1.9928636191331661,0.14305392048293214,1.3914836801994932,0.16407880507103623,0.298496382215574,0.3066199659461361,0.0
SNED1-AS1,2047.3848419129201,-0.17885300088209968,0.20799526544679814,-1.0024680953361784,0.31611756819142256,0.49286723502419294,,0.0
EIF4EBP2,4243453.549814934,3.339513994538885,0.06350133970898919,7.64208599122211,2.1373034900736377e-14,1.5659978797504352e-13,3.9940559236716406e-14,1.0
ME3,477920.626853225,3.2968881327432538,0.1423283485894849,6.621891439336328,3.54631474301979e-11,2.0415823468744114e-10,6.627125942733691e-11,1.0
SLC45A3,40519.77628853185,-1.0137921129466623,0.11376180331809094,-14.138598426441405,2.1961484794348885e-45,8.77932316138891e-44,4.1040216723022206e-45,1.0
PSMC1,78045.82986464626,0.93312100519527,0.4531266058303886,-2.094607645446035,0.03620588502012198,0.08055245211288938,,0.0
PALM3,7660.763066102829,-0.9854920478422621,0.21343503157931618,-4.627404183565878,3.7027744585877416e-06,1.384937422871478e-05,6.919507842020548e-06,1.0
DOCK9,1177022.5412593978,2.4758612072857322,0.11303893168579407,2.6074124051977474,0.009122940894228418,0.02255682120161277,0.01704836785656672,1.0
SCG5,19921.308512796742,-0.24366476305838547,0.19793814682276065,-0.8281571629113686,0.40758150006138305,0.5897276739730433,,0.0
PRORP,133247.32179488646,0.75812436760616,0.12701312650150637,-11.654200831205618,2.184199718586098e-31,4.418804046062644e-30,4.081692593034679e-31,1.0
ANKFY1,486624.26816840854,1.7991601709533362,0.23942793368602097,0.03190221972767592,0.9745500284554636,0.9853958907713378,,0.0
CHRDL2,15407.293818505083,-0.33314773210252113,0.48506610867581257,-2.805252098081872,0.005027723960200702,0.012837780597405679,0.009395488642155165,1.0
SNORA2C,3032.7695893395244,3.18065577741808,0.6118687083537975,4.358617033786831,1.3088692245171026e-05,4.586549449447378e-05,2.4459310078204792e-05,1.0
RPS3AP13,158.44411006724243,0.4276347927750528,0.37495684212370267,1.3417502248786348,0.17967699615072585,0.32054478749203036,,0.0
LIN7A,133646.88208730123,2.5207566249756295,0.545644566759321,1.5348282907158641,0.12482601160663309,0.23889528150070682,,0.0
FOXI1,143008.8187462856,2.8788428226575395,0.11467652710839017,12.473910148257005,1.0361415456839218e-35,2.7540421828630622e-34,1.93627498271599e-35,1.0
BABAM2,167111.5869851313,0.9528522637249186,0.3224631557043947,-2.6495836446200762,0.008059102012942491,0.020095475428479857,0.015060333866370094,1.0
NDRG1,2037723.9734739992,0.9059494519770034,0.1188638735920797,-4.542429940517,5.560948045460263e-06,2.0268459068683397e-05,1.0391943673584493e-05,1.0
GLT1D1,1948.6588884635298,-1.9358830545506844,0.13532212687039413,-14.506099023920008,1.1084773578824684e-47,4.9455904976238346e-46,2.071451517329355e-47,1.0
LYRM4,111592.60717722967,0.9786095012262611,0.197748544890349,-3.3512132232764067,0.0008045832553835484,0.002266348662430435,0.0015035536750753894,1.0
SDHC,723598.81618665,3.252803268706755,0.10557952890216098,9.14035019569217,6.225041807500662e-20,6.586172952570825e-19,1.1632959578190278e-19,1.0
UROD,347644.49290707463,2.3549723143429127,0.2997263125067783,1.3324394547802545,0.1827158243881002,0.3241146519230872,,0.0
TTC6,199382.3387024557,3.248259990641133,0.15676970777474208,9.792482480812819,1.212809594991942e-22,1.546022843411922e-21,2.2664209222792576e-22,1.0
PIGU,111425.46641431974,0.36369055970132524,0.2194328209941836,-6.3178105151261335,2.6529501324280004e-10,1.4331666823505642e-09,4.957663355176783e-10,1.0
RASSF3,351012.85346865107,1.2571788419823218,0.17374205306998722,-2.0832166607834695,0.03723147912967487,0.08250363690065868,,0.0
EPHA2,206321.4048646251,1.6003292614328763,0.3619549882966295,-0.3414739888131432,0.7327467833022154,0.8493471760986246,,0.0
RPL7AP64,322.9445030861116,-0.06737590288575841,0.5771092229070165,-0.18210581207263413,0.8554996876266452,0.922116466581179,,0.0
LINC00940,6092.47085880946,0.026667992809910605,0.11843064808958419,0.09177735999891232,0.9268749322342774,0.9591499426041799,1.0,0.0
TMEM109,626172.9170519991,0.9166330329302491,0.25945223209209306,-4.730277873697963,2.242127308655473e-06,8.572234247399693e-06,4.189943964604113e-06,1.0
SNORD1A,243.13344170378292,-0.6256208523703486,0.8439656322044397,-1.4472887439987583,0.14781607032483818,0.27428032061389396,,0.0
H3C8,9519.505716087935,-0.015122246176655512,0.1993033643124415,0.3055753050604434,0.7599280253298419,0.8633865337669363,1.0,0.0
NOL10,570739.0041644847,3.0794956481027165,0.09706631732513125,10.152156920002014,3.2411944976075603e-24,4.524091872777927e-23,6.056936763105826e-24,1.0
ITGA9-AS1,29489.401559480793,1.460847209185885,0.8296375903540414,0.08443866219419001,0.9327076690451216,0.9613738082133813,,0.0
GAPDHP16,103.85782465676432,-2.092823729649322,0.2528365164491227,-8.464554836909292,2.5713291799810498e-17,2.3319295666724693e-16,4.8051353449384093e-17,1.0
SNRK-AS1,42922.15070260775,0.7625958081830645,0.4599619202922768,-1.9376295456596757,0.052668435142654735,0.11295457957418271,,0.0
ASF1B,64948.02045330724,0.12342155602697667,0.20463096075146617,-11.530862436645343,9.221526150442952e-31,1.8141718966048594e-29,1.7232597671564483e-30,1.0
SHQ1,127077.94861882106,1.347473085617612,0.38573609577500867,-0.43736032222957205,0.6618500545874175,0.8004028854727312,,0.0
ANAPC1P6,1413.5553636885386,-0.1557747636906547,0.3808255678451528,-0.47294137835178585,0.6362550028324752,0.7819451064751032,,0.0
ZC3H12A,145363.98312409542,1.5013475766624145,0.2378408702344969,0.6129909107238767,0.5398823497063072,0.7053051245705666,,0.0
PRSS54,8152.701608665398,-0.31367043600714856,0.18661497813549915,-1.5737582075801728,0.11554335928582597,0.2240474064226901,,0.0
BID,135783.20522257136,1.9116018842283753,0.13432843637832262,1.8022325768903147,0.07150882130655471,0.14845433322345403,,0.0
RBM19,229868.43628744516,1.5431876090365437,0.1476376211555824,-1.1326607140776614,0.2573567615108021,0.42219689339116157,,0.0
TMEM216,51095.93229321691,-2.2280200348108865,0.15470960757636054,-18.414317743967544,1.0085215756495255e-75,1.2922005932104306e-73,1.8846605510548537e-75,1.0
SELENOF,871781.4726989722,1.7198098044533328,0.15160207050602192,-0.3080212630654883,0.7580661528400376,0.8629957329090057,,0.0
GPR137B,139815.95889632305,-0.09509848869574512,0.15845823711620627,-11.564576688356357,6.229776740672246e-31,1.2353251735372702e-29,1.1641807918152285e-30,1.0
SRI-AS1,26527.652664464356,0.49243012586259133,0.3559115872303219,-3.08584073947188,0.0020297750872117957,0.005482587086917483,0.003793113728794818,1.0
LINC00887,256.9226112625882,-1.7516297423877214,0.025239167417630343,-37.20459156832192,5.7518503927252014e-303,4.790332735407972e-300,1.0748689757833894e-302,1.0
TUBB8P6,224.4216683436629,0.9733062138659018,0.1024217041930393,9.622603186154144,6.418581814316012e-22,7.766017754512618e-21,1.1994634751734147e-21,1.0
CNBP,3764878.379358901,2.2655444665516686,0.06993583823964135,2.8108154806188415,0.00494161166370479,0.012637274044796745,0.009234567495711606,1.0
BACH1-IT1,2657.7373567271484,1.1640679653736319,0.46732533817882127,2.9741038509175572,0.0029384560645344276,0.0077649206528178395,0.005491198561884268,1.0
KYNU,112059.95047404834,1.7856472022409804,0.5710907605389277,0.33771545063126296,0.735577630245672,0.8510491822962776,,0.0
FGF5,2148.5428549801645,-0.33985533381933014,0.11658685924690641,-2.9380866269479453,0.0033024473324852178,0.008671744256662445,0.006171402139277723,1.0
ATXN2,224154.936886469,1.2724374513552839,0.41742556972220607,-1.278394328938142,0.20111042263268586,0.34821510114190274,,0.0
C5orf46,67394.41755284474,3.103673477909018,0.15997076019604026,14.344617494091182,1.151333056444125e-46,4.959664899182149e-45,2.1515375030109547e-46,1.0
BABAM1,1591145.4629363674,3.4772696501867153,0.0981139277610891,9.143465438946032,6.048243095113796e-20,6.430440584315667e-19,1.130256946383083e-19,1.0
RPS26P6,213228.10323198017,0.7398522606069288,0.2427588846817236,-5.027686727454282,4.964320012623138e-07,2.025037314536965e-06,9.277003404292379e-07,1.0
MIR6513,731.1513279878264,-0.018430412229808964,0.19262224818387358,0.016261576954263786,0.9870257106341742,0.9919778296580504,,0.0
TBL2,214759.8648669105,2.0763912024277156,0.17773372010974434,0.9158593723439894,0.3597406581611783,0.5406388176936565,0.6722603099593896,0.0
CMTM8,70282.82088271368,1.3301310386642693,0.148840586941452,-0.7002054145864167,0.4837990306443686,0.6616156968062151,,0.0
C10orf143,16654.58826447119,-0.027928801027578307,0.12093681259261105,-0.48078321306072525,0.6306705823205994,0.7781384937916136,,0.0
RPA2,221405.05438383846,1.7049341618632274,0.1445915311599017,0.42871753857068745,0.6681287955370077,0.8048793614509228,,0.0
ATRN,674454.5728194916,1.8466227886179485,0.1187106514164699,1.105180914048972,0.2690812052530639,0.43627475102192087,0.5028417287395514,0.0
PCED1B,270920.7744004323,2.8717000253110463,0.22355649565757577,3.984980044125048,6.748579694402315e-05,0.00021728513358845598,0.00012611313662276878,1.0
PROSER2-AS1,6079.580022567471,-1.4741553064778292,0.15543682614583532,-9.43633074370733,3.8606215089023136e-21,4.434833489651692e-20,7.214482303659259e-21,1.0
BTF3,1833832.3920481815,1.6754488644768766,0.10108605020902439,-1.1216892533874498,0.2619945874125029,0.42741983457403754,,0.0
CHD7,232235.0133485171,0.3553310185022914,0.141414917468487,-9.72467417466496,2.3666184231821785e-22,2.912805975527425e-21,4.422584989020698e-22,1.0
NIN,1226372.9860231376,3.4640224763172243,0.09334109347255966,12.29298006589812,9.87955791286522e-35,2.531700045671154e-33,1.846228529939697e-34,1.0
ZNF433-AS1,28883.650043474267,1.4046806880912452,0.3755676418551732,1.1467474077922277,0.25148603091232635,0.41488137882763115,,0.0
ACSL3-AS1,860.5149981779341,-0.111980400147134,0.4004827327457564,-0.3443200185788262,0.7306056310272662,0.848045607025145,,0.0
CNKSR3,245937.20601868298,2.6103223778453124,0.193408734044321,6.160529400718276,7.250215235256041e-10,3.777823308714749e-09,1.354873804434347e-09,1.0
SLC41A2,73451.27466050525,1.6228289428463138,0.13172992882823883,-0.8525624445250473,0.3939019964673287,0.5789200812786005,,0.0
PRMT9,66754.36411492602,1.346396822169947,0.16294182812135566,-1.0155459643871445,0.3098456477434879,0.4853600946000655,,0.0
SF3B3,1037965.0224187266,1.7387465252059453,0.12365491311613488,-0.5672273835714794,0.5705597057291045,0.7331156722880781,,0.0
MAD1L1,69352.21341673462,2.306462232285106,0.2041174614750523,0.7933817054625467,0.42755546625853624,0.6088614035035353,0.7989882815609222,0.0
CHP1,566688.532474325,1.7633453935281953,0.18754778194207644,0.09564374859592517,0.9238035180918555,0.9581249854514325,,0.0
PSMB5,1838116.0600767508,3.3920184540649703,0.09337911332636498,4.924274002360779,8.467412309544951e-07,3.376828356807352e-06,1.5823358007029214e-06,1.0
ADARB2,7357.786661404942,1.010028392680229,0.8669310752188812,-0.26833208893181365,0.7884437082007113,0.882583604363565,,0.0
LINC01361,158.72515995032327,-0.1823170854114707,0.450948414862205,-0.5208578038861542,0.6024658320277214,0.7581268603985203,,0.0
TSLP,7878.3260770011675,-0.17353213490082675,0.18952220409007497,-0.7427369314151151,0.45764096568514956,0.636823142725896,,0.0
ZNF511-PRAP1,56001.52759299149,1.6578360838741426,0.2015829159664632,2.8803043823541623,0.003972914079712473,0.010297018493943584,0.007424327470577124,1.0
TRMT10C,90091.84352546619,0.4437579976931039,0.42396158897666514,-4.986555647041064,6.146520882093265e-07,2.4849647935129483e-06,1.1486224700007497e-06,1.0
RN7SL181P,303.4648609845908,0.0197426100627628,0.12778670792208469,0.16119674788300867,0.8719384424366567,0.929614404970764,,0.0
ZNF3,406513.6328831547,1.5386818472539217,0.19329730620714078,-0.7221081978707801,0.4702279584129433,0.6497470625244821,,0.0
LINC00189,405.6774200951334,-2.331359625814782,0.16408822607520104,-14.32007372121845,1.6394920679219214e-46,6.827118219504868e-45,3.0637778098002398e-46,1.0
ST13P6,117605.01328379885,0.8423891132268236,0.39530407992967376,-2.912534137815593,0.0035850901103382155,0.009369610502803381,0.0066995868666268,1.0
FSD1,4027.9665810832203,-0.1510714456346053,0.4886820032070101,-0.18419656072950383,0.8538592574608583,0.9209142104658151,,0.0
S100A7A,37992.861342539036,1.1225358288478628,0.5455914123370664,-0.7549609572279483,0.45027240873836105,0.629549867505761,,0.0
RN7SKP239,333.4392182626566,-0.07344119836594967,0.55934224385233,-0.19525761004944434,0.8451912805804815,0.9155178358021279,,0.0
CACNA1B,5354.654457768445,-0.31343171378526635,0.16026908399131143,-1.8697147117193587,0.061523445448036757,0.1295544276880909,,0.0
ANKRD44-IT1,138.82220740847077,-0.631047669820402,0.5985015003552272,-1.50338239838411,0.13274046287741445,0.2519195187992556,,0.0
TMEM116,67884.8109781879,1.2722617573125465,0.5969814947092685,-0.5383057804989884,0.590365961269405,0.7500784918543648,,0.0
MOGAT2,12885.530753833178,-1.9771013663897243,0.2765822875691924,-8.612488584769629,7.149141822137488e-18,6.702488121054602e-17,1.3359858521025068e-17,1.0
LINC00163,1022.2663940279077,-0.6540271754882151,0.23810882091357508,-2.984357605364318,0.0028417443547929114,0.007521290540731027,0.005310469910583462,1.0
RPS19,2625179.1795410216,0.8269721569315703,0.07495414207705424,-11.566036457602284,6.1247223075641795e-31,1.2193321661712431e-29,1.1445488919558042e-30,1.0
NAV1,567563.3069740993,0.6996642470069742,0.17150935654473265,-6.669445005677533,2.5677257435356377e-11,1.4971908448596945e-10,4.798401473615401e-11,1.0
GNPAT,406558.03839530377,1.552272787912077,0.1961427478591474,-0.653905636471786,0.5131726023530994,0.6861984195767828,,0.0
FBLN2,1006167.6804018766,0.7940290553892285,0.3162442437083804,-3.52150440674729,0.00042910553542710114,0.0012510153795386374,0.0008018849515816096,1.0
SFRP4,1217063.5393486205,1.812109637891052,0.11080681134809117,0.4948907679478988,0.6206772277904511,0.7712691104879611,1.0,0.0
ABCA12,88314.93731550296,1.7058707400205018,0.24133955205189064,1.1343262035579729,0.25665774154090704,0.4214652430101586,,0.0
FAP,219673.3210302149,1.8993163009753877,0.25255277537416,1.4952729321665286,0.1348432262916443,0.2550214971114104,,0.0
IPO4,315014.019819465,1.5650177867280657,0.2390596785122648,-0.4979930563886233,0.6184889362848538,0.7697821960505868,,0.0
XIAPP1,1905.8626549545666,-0.059246905867211534,0.23408501776673102,-0.32063036958326796,0.7484905201485359,0.8574212257563876,,0.0
MEI1,16266.937621911104,0.024862464909954828,0.2714778526767347,-0.027945905317186506,0.9777052955768741,0.9874275537641767,,0.0
DLG4,120509.07157122181,1.2023758179790835,0.3968429531729458,-0.873935098942187,0.3821535989403779,0.5659814860418105,,0.0
SLIT2,134316.51803797195,1.395841980100667,0.31726160397389436,-0.24705005110863917,0.8048694891110824,0.8943590920809603,,0.0
LINC02827,2252.2368792437433,-0.06653136581576793,0.2852946216426229,-0.18246004232780683,0.8552217095500096,0.9220157244059113,1.0,0.0
SYNE4,58871.77525430755,1.5865450000086772,0.17579719868338198,0.31805725187267364,0.7504415091915333,0.8587030504763206,1.0,0.0
RNF152,218835.27313961816,1.6775595852655258,0.16675155730970984,-0.06723385210452265,0.9463955360031319,0.9702787224882334,,0.0
LIX1-AS1,3377.189707175707,0.030190229504939367,0.30791824972390475,-0.0029710104777739186,0.9976294800971928,0.9988019656432556,,0.0
CDK8,83391.4508284678,1.1800921488729457,0.3032486129924503,-1.6573006904468381,0.09745869779482055,0.19348474886003905,,0.0
ITPR1,1110178.5825097293,2.7121994081503433,0.13678580959113654,4.319959418162909,1.5605789674885822e-05,5.411667661721336e-05,2.9163100600375637e-05,1.0
CCDC136,35381.776680892166,2.007055308872053,0.16924805637207546,5.9434285355927265,2.7912146986737463e-09,1.3837003818722927e-08,5.216043324335344e-09,1.0
HS3ST2,19523.129859338187,0.1745775653229738,0.34028587871250415,-3.7116124902158942,0.00020594310694368282,0.0006274986008521847,0.0003848532929684305,1.0
MFAP1,192648.74952755022,1.733438513511227,0.1552673344806106,0.8916752326630005,0.3725670325119367,0.5559024967041348,,0.0
TMEM204,25538.035640383063,1.402053517095312,0.11857417059399747,23.99539771884659,3.106101070379306e-127,9.700741905428372e-125,5.8044828155143585e-127,1.0
SLC36A1,397425.2892351638,3.390021431468606,0.10901836454298452,13.047701731494929,6.549344165010747e-39,2.007795876844092e-37,1.2238995060792335e-38,1.0
MIR1-1HG,413.9566404209123,-0.7751750772460316,0.36286004865679106,-2.45247625484417,0.014187674295554559,0.0337920917325482,,0.0
MIR6800,2195.5031035647908,1.817228384697239,0.22055834295256127,8.490039491209682,2.0656689394596165e-17,1.8836035931532304e-16,3.860189861809912e-17,1.0
PCDH7,86238.03831987319,1.6701662519309415,0.247722456029782,0.959273184367079,0.33742114062975836,0.5178419655180905,,0.0
NPR2,101455.38022410093,0.7235534476865407,0.1366827730678928,-11.008457267752854,3.4790999802954607e-28,5.994849172943592e-27,6.501519297508009e-28,1.0
CPNE3,782827.6510719738,0.9829327996160941,0.12280867653375258,-4.653186619073731,3.268441871319058e-06,1.2307764906542075e-05,6.107854910613812e-06,1.0
U2AF2,1596381.9918236998,1.7034224311448138,0.1405427307279435,-0.2637752268613179,0.7919531248018564,0.8841353361561387,,0.0
IFT140,207093.74305532622,0.2206400384626969,0.14648760217352877,-10.420690112498718,1.9950030440872893e-25,2.9937027661574126e-24,3.7281339608467405e-25,1.0
JPT1P1,897.8168404604778,0.19031327207014748,0.15907525532334485,1.179883772442696,0.2380464448296158,0.3962418670265124,,0.0
ANKMY1,59873.2193491831,1.8594404183589373,0.610346342451768,0.81816344388858,0.4132638658668707,0.5942674928738857,,0.0
EMC9,77781.49649507008,1.789602899956701,0.2903666191568702,1.2952475829177845,0.1952348350096339,0.3407574119955084,,0.0
BTNL8,5908.698197435802,1.8374522165162817,0.8524840282891541,1.3345782154065802,0.1820144318614686,0.3234958622518165,,0.0
HLA-DPB1,710692.6754609228,1.4467907007104766,0.19441678490923084,-0.7149784106445848,0.4746223837761302,0.6528180709411843,,0.0
MYOC,107130.79274226842,0.09624198257034612,0.12046890697482616,-12.87349192054278,6.346662964637141e-38,1.8655455784877526e-36,1.1860237409981973e-37,1.0
OPRK1,3704.5860223091704,-1.4032792753058099,0.20878934397056384,-6.826381883280853,8.708293028419556e-12,5.3327622871338876e-11,1.6273500472330783e-11,1.0
TEX261,766415.5942673597,2.126388639537704,0.1936202851528364,1.4528612499132647,0.14626228177654949,0.27230723622854613,,0.0
COPG2,193488.24183887368,0.7092269547024911,0.23475571363319317,-6.608458144264031,3.8834329824276324e-11,2.230518921056423e-10,7.257110924903096e-11,1.0
RN7SL244P,1413.730908183805,0.2668023881733678,0.19893354810349656,1.5494938397112468,0.1212630512487309,0.2334173602041249,0.22660862643601656,0.0
SGMS2,83164.25004416867,1.1241893984026878,0.31994215484583954,-1.8781643615533143,0.060358683853295673,0.12731631203668994,,0.0
EIF5A,1212762.674933138,1.847709103535078,0.11702554495955413,0.2772462420139811,0.7815910347149535,0.8786525085423222,,0.0
GIMAP7,77857.1779372326,-0.14225783780296242,0.18842501098720704,-15.745073622391407,7.424466003230121e-56,4.5802539034741873e-54,1.387436672331373e-55,1.0
FCGRT,2103720.3733158866,2.4113312111090406,0.10454892788170335,2.9556514109427483,0.003120095095933638,0.008210171245066029,0.005830633954517723,1.0
ZNF529-AS1,19433.973453622726,0.8837758387135429,0.2783330127868601,-0.7099393317521062,0.4777417586186721,0.6553994274802181,0.892773211599665,0.0
CYP27A1,262905.43604884425,0.9928826240525449,0.27986734151532455,-3.6004361872060393,0.000317683791638226,0.0009415574773524408,0.0005936671304473505,1.0
KCNN2,5596.221192257901,-0.21717679183149224,0.22564583295730037,-1.3690762698492323,0.17097543517690972,0.3082122112478419,,0.0
HTRA1,890851.4294336872,1.7676156134551253,0.2582338916421078,-0.09886347798965177,0.9212466671418226,0.9564657377327421,,0.0
GUSBP5,5126.467143168807,-0.24652379699397586,0.3787456561228923,-0.5063700912339768,0.6125968666972095,0.7660526884098988,,0.0
OR10V2P,95.45123535539702,-1.4970986472808774,0.13599133937202096,-11.057024943041158,2.027100460659192e-28,3.554182807689117e-27,3.7881155579334263e-28,1.0
LINC02084,1477.7565921427554,0.1522303192554389,0.23597084366997817,0.6167649676069438,0.537389762131895,0.7043120527619631,,0.0
AUNIP,59727.622686097646,1.4073862753370803,0.15437033817793908,0.3311259598802151,0.7405493435300428,0.8532453469263601,,0.0
CBX3P2,4237.903086119839,-0.007203350851254984,0.15263815244753556,-0.22614419866679858,0.821089269311005,0.9033428178659383,,0.0
YAP1,753288.6227513424,1.8545007314249835,0.18966264871045463,0.3132711197104188,0.7540746897529083,0.8606923765864053,,0.0
IQGAP1,4177689.055211103,2.5963104437519777,0.07272238965067856,2.327809533320177,0.019922219640096397,0.0462814186618139,0.03722936856453317,1.0
C8orf89,796.2979677402509,-1.4409969326284071,0.1529728961072533,-9.561323810489075,1.1625994359899815e-21,1.3734064732014037e-20,2.172591391788309e-21,1.0
SFTA2,3362.5806290274704,1.6479065587027775,0.9802787757959289,1.1262794558536127,0.26004725080393354,0.4252146964225314,,0.0
ANGEL1,145919.066876755,1.3577617228975083,0.21109609970862406,-1.5038251330207557,0.13262639803363643,0.25179867438224973,,0.0
RPL15P21,457.70012149276954,-0.2105275672014455,0.08284157672564832,-2.557152720474879,0.010553287391925072,0.025812421486759465,0.019721307815052203,1.0
ARHGEF28,142246.32638388197,1.822395225588034,0.4531412281157822,0.8296859625094707,0.4067163601264274,0.5892611341118463,,0.0
SNW1,384403.792772313,1.4842258764129648,0.19533592971815064,-1.3616734296628552,0.1733009701677526,0.3111949826986145,,0.0
SNORA63C,188.59129608335354,-0.09196399260008732,0.2354146111605222,-0.4252660860316102,0.6706427133197386,0.8067237582788682,,0.0
LRRC25,133879.2884758447,3.378052386230753,0.1497473262932717,14.31514484769833,1.759970658217756e-46,7.268242462077791e-45,3.2889204858317602e-46,1.0
ZDHHC2,98707.962884113,1.6313764596691338,0.2788766934592096,0.32204240921640603,0.7474205665916505,0.8566193970776325,,0.0
ZC3H3,189737.89697299985,0.7722146823560005,0.3734597434413562,-3.8174749000664847,0.00013482449858956348,0.00041742132555889014,0.00025195139096935253,1.0
HLA-P,4476.256137383192,0.4715870535685757,0.6629192185753104,1.0800414794859707,0.2801237094859145,0.4491170948283517,,0.0
CD70,3556.7589880324317,0.05624320369137475,0.10572267165415954,0.3780443401413878,0.7053976552624267,0.8304942820813916,,0.0
FAM163A,592.1208448575992,-1.2472041489048578,0.4703130345627714,-3.117411024347811,0.001824470096918138,0.004954824496902139,0.003409452907367216,1.0
RAB11FIP5,511291.35794837,2.4101424499850084,0.1573696345539709,2.6699486735591496,0.007586284246768537,0.018992315822195578,0.014176762296597747,1.0
KLHL30,16012.571080480115,-0.04476797811854105,0.2511821848742062,-0.06240416671554666,0.9502409768702096,0.9718285225993528,,0.0
LINC01725,1475.3335412194963,0.2502481917970788,0.35376904076101184,0.915074869261243,0.3601523269520124,0.5410947618097431,,0.0
XYLT2,380178.02382802253,1.8439693833816369,0.23248647468875452,0.2985270325207525,0.7653009471920583,0.8664806088811666,1.0,0.0
RPS29P11,458.08896804792647,-0.06992070311863033,0.23668866182956189,-0.3065867110206727,0.7591579699003106,0.8629957329090057,,0.0
SKA3,38682.31081627392,-0.21106879224609645,0.1104052998517886,-1.4249661357916992,0.15416699029624034,0.28344424024063564,,0.0
ZNF844,454650.642158243,2.9988520728592944,0.22525165305598355,2.3820977140030495,0.017214328996455322,0.040480000938958705,0.03216903589950907,1.0
NDUFA10,598433.1738946887,1.8821980194809107,0.11284215835574465,-0.6879203227946233,0.4915029579085006,0.6682408365260263,,0.0
CNTFR-AS1,1806.4124438817114,-2.3330378248339043,0.531994937094707,-4.672862201478202,2.970310613855749e-06,1.1252950824440619e-05,5.550726304202385e-06,1.0
NLRX1,114939.86510020468,1.6083162897066792,0.3608526558815571,-0.0703795035400386,0.9438916045949436,0.9685478720028977,,0.0
EGF,52500.02329164995,1.1256784529680084,0.5592864461024641,-0.7631420419546949,0.4453786893530879,0.6249809914904185,,0.0
COLEC11,47899.38037851375,2.8166328937779785,0.34596044961278016,5.081668609269147,3.7413370814052804e-07,1.547637532763426e-06,6.991571202611139e-07,1.0
MED28P7,291.8914638262373,-1.7928289275022822,0.29029885000057293,-6.447422298206729,1.1376846461211739e-10,6.309667232705334e-10,2.1260322276243476e-10,1.0
ST6GAL1,588315.7162855235,1.2743956331222441,0.12059820661393794,-2.54450160196158,0.010943380978903766,0.026570528251360685,0.020450289735071847,1.0
SYS1-DBNDD2,371653.2144181253,1.1856428664134797,0.3036390149713508,-1.8807330234586104,0.060008245071164285,0.12668407292801348,,0.0
C2orf74,144579.44136932358,2.700101545552098,0.1612447107009192,8.397612521410085,4.556478498459804e-17,4.05859591030368e-16,8.514855294242199e-17,1.0
PLAC4,4537.567411421912,-1.52463823981008,0.27293829026847305,-5.932862318061954,2.9769848548426454e-09,1.4743303587362436e-08,5.563198698447531e-09,1.0
APBB1,161456.97667489975,1.373644276898106,0.31795998167665546,-0.5871832875952824,0.5570806153579386,0.7209942381364057,,0.0
UNC5CL,29685.802426464426,1.1105066352694066,0.3095967447169996,-0.548254431845022,0.5835172116207483,0.7452873577062159,1.0,0.0
NT5DC2,287883.97277724545,1.5112215954082704,0.2519758093682194,-0.6147469866884655,0.5387218243702822,0.7045257671756869,,0.0
STBD1,332639.7759298832,2.238453405059691,0.11995854555482786,4.976871095680061,6.462032431774904e-07,2.6083017820338605e-06,1.2075832483761854e-06,1.0
ABCC3,145457.7448312139,1.5558776755228583,0.4936097207230011,-0.23897273101110558,0.8111267276997021,0.8971226778033226,,0.0
ZSCAN32,84558.2890590108,0.09129116769377583,0.14936961882060892,-11.014756629549753,3.2441213428552983e-28,5.60929908313077e-27,6.062406264116651e-28,1.0
LINC02235,329.75839899213247,-0.8769326466687821,0.22643731733526443,-4.037746857017191,5.396704280153909e-05,0.00017556856307245498,0.00010085015440511997,1.0
PHF21A,192817.14415645253,0.5446655155994103,0.20281970089413726,-9.019982271349706,1.8811974281479653e-19,1.9302553487588055e-18,3.5154613120625964e-19,1.0
CREM,197156.54472408345,1.1477477756601373,0.19657356652266733,-2.1134122704923994,0.03456549662856537,0.07721224258066212,0.06459378708038187,0.0
ETF1P2,8186.270306238259,2.1648783741757978,0.4971091250350925,2.5935073112469134,0.00950025192259715,0.023431766464569573,0.017753462549445757,1.0
SF3B4,503344.2511672603,2.752788156866468,0.15340943010007346,5.8417297349263135,5.166157148777406e-09,2.5185646119454338e-08,9.654183721929955e-09,1.0
SOWAHA,33513.38710290474,2.064410826934935,0.29673787396091167,3.9457625827331757,7.954640389350393e-05,0.00025513053931696994,0.00014865122672245293,1.0
DPM3,104109.76960686638,0.5510667243508142,0.2718869392027428,-5.003794323116988,5.621273290848343e-07,2.283699401168225e-06,1.0504675629906196e-06,1.0
ADAM22,72143.6413691732,0.626881163156299,0.53746574632946,-3.0264832613134844,0.002474165193673334,0.0066149831315065,0.0046235615081472135,1.0
LINC02878,3390.5133660662186,2.019742690818835,0.9081558604586872,2.9965513392871266,0.002730522559330453,0.007242261798818617,0.005102625740080132,1.0
UMODL1,4286.22537063732,-2.292405084289886,0.2613145291747489,-9.378171790423979,6.7126514248024774e-21,7.537779588705164e-20,1.2544173212317867e-20,1.0
CCAT2,328.37917044980844,-0.4976739978927195,0.3365116620913683,-1.693037468192576,0.09044833554233961,0.18122306844629954,,0.0
STXBP5-AS1,25862.547639159624,3.12814511631373,0.6425739838217162,3.163304458994126,0.0015598910341958912,0.004266434317392922,0.0029150244943443784,1.0
VIPR1-AS1,27440.64153390281,1.199946038926291,0.26248216011474584,1.1065688121663702,0.2684803976262826,0.43544191721471415,,0.0
MYB-AS1,6605.496547639961,-1.1033736197969006,0.13182631658911775,-8.797326153050527,1.401146288014901e-18,1.3604498362801703e-17,2.618372476144525e-18,1.0
FTH1P23,333135.73155243293,1.6330756767840091,0.14169293470341401,-1.1031737406408457,0.2699517225644812,0.4372605373272974,,0.0
PPP4R1,450360.7301060326,1.8107162437713216,0.1802933541805734,0.6496758778910174,0.5159016086287688,0.6883739221142744,,0.0
FBXW7-AS1,3841.932077705028,-0.1493225837291793,0.5080682309080581,-0.24393016408601084,0.8072849071188577,0.8956764431298258,,0.0
ADHFE1,47234.52152475654,0.3444461892630494,0.15190602881343365,-2.0492646057449373,0.040436247665693065,0.08897398924943559,,0.0
FRRS1L,4119.790581335855,0.07929298898160658,0.22329476316187566,0.5918027332333685,0.5539826927243335,0.7184665236292486,,0.0
RPS26P39,4238.956890757009,0.1910594356853236,0.2563216321992229,0.9275625902020072,0.353634510623025,0.5340324651296833,,0.0
ARF5,652145.6969593342,0.5140935389142925,0.4442360942555166,-5.35743455276521,8.441192916914767e-08,3.696813409800446e-07,1.5774360884750596e-07,1.0
PHLDB3,51401.64125148642,0.23529168943395373,0.18097380927156004,-8.681708078278144,3.898690155959836e-18,3.6967276488294687e-17,7.285622553975804e-18,1.0
BNC1,12002.423798272388,-0.27330965390516226,0.15982258284258752,-2.480407633183895,0.01312322595543651,0.03149700292954671,0.024523844464964938,1.0
RAD23B,1036675.6935847119,1.7301602216870047,0.20779121142863546,-0.2638643112234561,0.7918844768002613,0.8841353361561387,,0.0
H3-3A,183776.35649947758,0.4808433502152972,0.17592053807968375,-7.211747943762711,5.523815407850954e-13,3.641491503038419e-12,1.0322552577797762e-12,1.0
MUC3A,64421.4635999679,1.357715636118197,0.40218777347024065,0.04207689778384797,0.9664373967547729,0.9813760096593014,,0.0
CEP76,24234.72242574121,-1.6777425566409148,0.42534138601023663,-6.7415679818330005,1.5668639203425195e-11,9.332084636414268e-11,2.928054977543594e-11,1.0
JAM2,185416.70243082667,0.8603637549549669,0.20520714506909268,-5.224485461078863,1.7464004824749712e-07,7.497219253374082e-07,3.263561410219682e-07,1.0
ADGRF5,1281204.2752560559,1.5799693360140392,0.10162890141627487,-0.6441075911216106,0.519505668178404,0.6915897847757714,0.9708189318950953,0.0
GCAT,53120.57089175732,1.371985012451823,0.4760313179251933,-0.16119006034641892,0.8719437094452613,0.929614404970764,,0.0
CLEC7A,19337.573646676523,0.11230278320612848,0.0156270045823965,-0.8188883372407265,0.4128501245802618,0.5941855047602443,,0.0
LINC02185,3300.934025801408,-1.3769428595958741,0.1275224611121777,-11.184890059865658,4.8350430706443226e-29,8.753880515945537e-28,9.035418931940793e-29,1.0
CYP2T1P,100518.96075831242,0.292575128766735,0.3285013485215057,-7.166383814004726,7.700469301277126e-13,4.99730455824439e-12,1.4390144015886986e-12,1.0
ATP6V1B2,17127.16173529693,3.1743905714874843,0.04141134502017727,-6.641375003285611,3.107702388470378e-11,1.7973598188873238e-10,5.807475256240268e-11,1.0
LYPLA1P3,27286.28381517012,0.09764991903264186,0.286398116492696,-3.938285419788467,8.206593953977937e-05,0.0002623694816892371,0.0001533595736276281,1.0
HMHB1,161.97768013213027,-2.65219459737318,0.7032545699312271,-4.325119227773918,1.5244938575850232e-05,5.290205421078029e-05,2.848876516960494e-05,1.0
RPL36,1541785.7408842503,0.9575421110464007,0.14550462240300463,-6.797043630743735,1.067877654619375e-11,6.475952233171137e-11,1.9955813912240152e-11,1.0
KRT72,580.6992184730626,-0.9916125344519271,0.2228999027368657,-4.745011788350171,2.084941930914609e-06,8.006387305553635e-06,3.8962059943082645e-06,1.0
RADIL,70345.63770589503,1.1723611941143404,0.2767447889836752,-1.4202659553579915,0.15553026855196725,0.2857296882184487,0.2906450082102395,0.0
LRP12,66671.85573741134,0.35658070809495407,0.14738737952451153,-8.078770785803231,6.542286470467413e-16,5.368112560414722e-15,1.2225806093091122e-15,1.0
SCN8A,14119.849115890456,-0.05695426495917795,0.49299814931395836,-3.470038041147485,0.0005203846564873942,0.001497042100441859,0.0009724615289706465,1.0
RNPS1,820043.1279484056,0.8987724117274282,0.09223243445142049,-8.084981017670643,6.217388019607203e-16,5.10991577861467e-15,1.1618656669400597e-15,1.0
CASQ2,140128.89131100633,2.582543540068398,0.20202053442737766,5.411871939807232,6.23692873811132e-08,2.780190268005554e-07,1.1655173113067414e-07,1.0
DPY19L1P1,34429.2572351906,0.9643664430354091,0.19066530939172316,-1.1190902496529767,0.2631016390667338,0.4285806699037516,0.49166749828588957,0.0
DEPTOR,92828.52124108291,0.8039737151802083,0.5692920557189526,-2.2090607316935613,0.027170416971419874,0.0620240171796186,,0.0
DERA,387897.79131675384,3.084812869483413,0.10844365811956752,12.223730978980427,2.321791171855713e-34,5.830145972745226e-33,4.338814691758788e-34,1.0
LINC00922,3292.360185209708,-0.023211997442517653,0.1833740216345454,-0.2519835726491596,0.8010537613175174,0.8917054233244898,,0.0
SUZ12,406806.9193510148,2.257684257529281,0.15845079502644985,4.304107641352383,1.676601372883754e-05,5.801923171952991e-05,3.133125303029214e-05,1.0
PRM2,4647.96745261831,-1.339720553500083,0.8627379003794305,-3.258004687157561,0.0011219855313892267,0.0031269167319308232,0.002096694727132373,1.0
PPP6R3,87476.12850096748,1.20794755527609,0.08160241698016392,-2.3367253367990704,0.019453470234145998,0.04525558229051562,,0.0
CCP110,190003.07004308165,1.0252904707346246,0.27249831879344527,-2.667596541087294,0.0076395937213241,0.01907663362213295,0.014276383629564897,1.0
CCDC196,1241.4319178798019,0.37158257477670337,0.5666731721538194,1.0783839224531722,0.28086245889559347,0.44997425684555326,,0.0
PBOV1,176.3009021619668,-2.215161881397907,0.209257080294884,-10.727624664700683,7.551228049623348e-27,1.237163493900586e-25,1.4111251519808478e-26,1.0
CDHR2,181.78654516581278,-2.7016199190269035,0.07366298721944724,-4.783898919053701,1.7192716798285234e-06,6.6753695292176625e-06,3.2128648407266765e-06,1.0
FAM215A,260.82766359662827,-0.05447376468813552,0.20258270018178476,-0.28540693272329387,0.7753323967818455,0.8735819586739306,,0.0
POLD3,20522.228087742646,1.5323874038069851,0.8278704907172979,0.44592893663880045,0.655648579160501,0.7959854106086063,,0.0
