,class,beta1,cn_ratio_log2,truth_log2FC_aware,truth_log2FC_naive,empirical_log2FC_naive,empirical_log2FC_aware,DE_truth
SULT2B1,DIG,1.0620851974296388,0.4681488357384065,1.5322650473333155,2.000413883071722,1.8374037203777287,1.509352206601438,True
MORN2,DIG,-0.9646773547399382,0.415037499278844,-1.3917352357411923,-0.9766977364623484,-1.1424660187736122,-1.4146480764730691,True
PRR7-AS1,DIG,0.5800349219298474,0.37851162325372983,0.836813505410608,1.2153251286643378,1.0530584965900294,0.8139006646787323,True
FMO2,DCG,0.9126160177394524,-0.7369655941662062,1.3166266030285423,0.5796610088623361,0.41924464438052456,1.2937137622966657,True
NFYC,DIG,1.5000506521035428,0.35989594508638295,2.164115636872037,2.52401158195842,2.361025393934254,2.1412027961401603,True
EIF1B,NEUTRAL,-0.04938148647576859,0.13750352374993502,-0.07124242565031677,0.06626109809961825,-0.0941552663821921,-0.09415526638219227,False
TMEM37,NEUTRAL,0.004719027049866369,0.13750352374993502,0.006808116922663085,0.1443116406725981,-0.016104723809212983,-0.016104723809213305,False
TASOR2,DCG,-0.9830536002891345,1.3267290811511836,-1.4182465540651756,-0.09151747291399204,-0.25198800092568985,-1.441159394797051,True
THG1L,DIG,1.7151750086076287,0.5443205162238104,2.474474479174911,3.0187949953987214,2.859768059340102,2.451561638443034,True
DCTN4,DIG,0.7472818893752463,0.4240262825060986,1.0780998759478029,1.5021261584539014,1.349136898428542,1.0551870352159263,True
IMPACT,DIG,-0.8820934607997153,0.45943161863729726,-1.2725918614963325,-0.8131602428590352,-0.9726873120378965,-1.2955047022282102,True
CORIN,NEUTRAL,0.0343613352626813,0.13750352374993502,0.04957292798179338,0.1870764517317284,0.02666008724991911,0.026660087249918793,False
UBR7,NEUTRAL,-0.052216859132404696,0.13750352374993502,-0.07533300372111784,0.06217052002881718,-0.09824584445299253,-0.09824584445299218,False
RN7SL704P,NEUTRAL,-0.003756570927791232,0.13750352374993502,-0.005419586248272063,0.13208393750166295,-0.028332426980147606,-0.028332426980147606,False
MARCHF7,NEUTRAL,0.004757499753390167,0.13750352374993502,0.00686362130124646,0.14436714505118148,-0.016049219430628234,-0.016049219430627912,False
ITM2B,NEUTRAL,-0.011570101893276116,0.13750352374993502,-0.01669212862400946,0.12081139512592556,-0.03960496935588625,-0.039604969355886574,False
CRTC2,DCG,-0.7693251977713843,1.126532405928932,-1.109901647655697,0.01663075827323479,-0.14193705828292147,-1.1328144883875721,True
EIF5B,DIG,0.6446876700463219,0.3877301532831085,0.9300877044980889,1.3178178577811974,1.148198278249961,0.9071748637662126,True
ASF1B,DIG,1.3486975664247387,0.45943161863729726,1.9457592907399839,2.405190909377281,2.239792142544491,1.9228464500081086,True
HNRNPH1,DIG,0.7300111552510751,0.4681488357384065,1.0531834734743493,1.5213323092127558,1.3581924828264866,1.0302706327424729,True
EGFLAM,DSG,-0.14990572267093538,1.446256229889564,-0.21626824269823472,1.2299879871913293,1.0645857819880367,-0.23918108343011082,False
EPCAM,DIG,-1.6880259288296193,0.5525410230287789,-2.435306636414478,-1.8827656133856991,-2.04015227977217,-2.4582194771463546,True
RMDN3,NEUTRAL,0.031166604747079805,0.13750352374993502,0.044963906109958464,0.18246742985989348,0.022051065378082498,0.022051065378082498,False
LSM10,NEUTRAL,0.021007410146495844,0.13750352374993502,0.030307286440270045,0.16781081019020505,0.007394445708393936,0.0073944457083936176,False
FAM98B,NEUTRAL,0.0178185971787241,0.13750352374993502,0.025706801785343333,0.16321032553527837,0.002793961053468087,0.0027939610534677673,False
RPL36AP26,DSG,0.018407611928363928,1.2529807411698708,0.026556570443659167,1.27953731161353,1.1143947015819546,0.0036437297117840567,False
TRMT9B,NEUTRAL,0.002460005943379862,0.13750352374993502,0.0035490383750715034,0.14105256212500653,-0.019363802356803506,-0.01936380235680383,False
CCDC152,DSG,0.011044180058364026,1.20685157044067,0.015933383800886564,1.2227849542415565,1.0653390299555103,-0.006979456930988824,False
RAB6A,DSG,0.046362672811131635,1.3831282513240999,0.06688719814697719,1.450015449471077,1.2941665583556394,0.043974357415100536,False
KCNH1-IT1,DCG,0.9128876368727477,-0.7369655941662062,1.3170184666051579,0.5800528724389516,0.41963650795714064,1.2941056258732808,True
ZNF579,DSG,-0.023852917366955554,1.2428565238961637,-0.03441248559604101,1.2084440383001227,1.0518508009845853,-0.05732532632791732,False
BECN1,NEUTRAL,0.02546704832728165,0.13750352374993502,0.03674118432784881,0.17424470807778383,0.013828343595974322,0.013828343595974322,False
RPSAP47,DCG,0.7872555306280743,-0.7369655941662062,1.1357696499495322,0.398804055783326,0.23838769130151485,1.1128568092176563,True
HAVCR2,DIG,-0.9305011483599718,0.44183755862255913,-1.342429392280417,-0.9005918336578578,-1.064960756855274,-1.3653422330122926,True
OLFM1,NEUTRAL,-0.007314802077915671,0.13750352374993502,-0.010553028682893224,0.12695049506704179,-0.03346586941476956,-0.03346586941476956,False
ARHGEF7-IT1,DIG,-0.7864329400713976,0.4240262825060986,-1.1345829026327328,-0.7105566201266342,-0.8622182237757436,-1.1574957433646011,True
MTOR-AS1,NEUTRAL,-0.03644905816991473,0.13750352374993502,-0.05258487546680934,0.08491864828312568,-0.07549771619868438,-0.07549771619868438,False
ZNF44,DIG,1.1473505499320626,0.4768136968655339,1.6552769485482117,2.1320906454137454,1.9594385287968283,1.632364107816334,True
PRIMPOL,NEUTRAL,0.07059669758926221,0.13750352374993502,0.10184950551516643,0.23935302926510144,0.07893666478329148,0.07893666478329178,False
CALM2P3,NEUTRAL,-0.03774252159179693,0.13750352374993502,-0.05445094873113006,0.08305257501880496,-0.07736378946300558,-0.07736378946300576,False
DDOST,NEUTRAL,-0.0030999674432335782,0.13750352374993502,-0.004472307657270322,0.1330312160926647,-0.027385148389146574,-0.027385148389146085,False
RAD1,DCG,-1.0872128330841448,1.4724877714627438,-1.5685165626813362,-0.09602879121859242,-0.2576280674393309,-1.5914294034132126,True
TMEM156,NEUTRAL,0.020192172435414643,0.13750352374993502,0.029131147037347527,0.16663467078728256,0.006218306305472524,0.006218306305472205,False
PPIAP55,DCG,-0.8200359302275231,1.0874628412503395,-1.1830617698900157,-0.09559892863967612,-0.26621331546164445,-1.2059746106218836,True
HSPA12A,NEUTRAL,0.03425015252037048,0.13750352374993502,0.04941252519082913,0.18691604894076413,0.026499684458952847,0.02649968445895253,False
ADGRB2,NEUTRAL,0.0653835830221154,0.13750352374993502,0.09432857098155772,0.23183209473149274,0.07141573024968115,0.07141573024968084,False
GALNT14,DIG,0.8254643644225141,0.45943161863729726,1.1908933449829213,1.6503249636202186,1.4946884660475126,1.1679805042510436,True
R3HCC1L,NEUTRAL,0.02688455326774736,0.13750352374993502,0.03878621167589429,0.17628973542582932,0.01587337094401844,0.01587337094401876,False
TNFSF9,NEUTRAL,0.01414000718781868,0.13750352374993502,0.02039971824800031,0.15790324199793532,-0.002513122483874299,-0.0025131224838739782,False
PID1,NEUTRAL,-0.015663416599446468,0.13750352374993502,-0.02259753345139929,0.11490599029853574,-0.045510374183274874,-0.045510374183274874,False
VPS13B,DCG,-0.8510566457357467,1.20685157044067,-1.2278152023185571,-0.02096363187788719,-0.18278831255237646,-1.2507280430504346,True
HNRNPABP1,DSG,0.08554669527827126,1.3457748368417302,0.12341779304240125,1.4691926298841314,1.3122859898149233,0.1005049523105245,False
TNFSF4,DCG,2.0794415416798357,-3.321928094887362,3.0,-0.3219280948873622,-0.4823444593691723,2.977087159268125,True
ABRA,DCG,-1.0558720856374095,1.4284997590854065,-1.5233014217621776,-0.09480166267677115,-0.25601091153717426,-1.5462142624940498,True
CRCT1,DCG,-0.8654230039051146,1.3831282513240999,-1.248541476005139,0.1345867753189609,-0.020987977152779388,-1.2714543167370118,True
PIGU,DCG,-0.758081299557839,1.1154772174199363,-1.0936801314627551,0.021797085957181217,-0.13850165707155823,-1.1165929721946315,True
DNAJC25-GNG10,NEUTRAL,-0.014507155833311481,0.13750352374993502,-0.020929401778121873,0.11657412197181315,-0.04384224250999634,-0.04384224250999651,False
SOSTDC1,DSG,-0.009624288693335642,1.4939888406736659,-0.013884913569959054,1.4801039271037069,1.3194571287611683,-0.036797754301836745,False
ZMAT5,NEUTRAL,0.0677466287886277,0.13750352374993502,0.09773772539029865,0.23524124914023367,0.07482488465842319,0.07482488465842319,False
NTN5,DIG,1.4947664942118275,0.4506614090095652,2.156492208486385,2.60715361749595,2.4509717462659153,2.1335793677545074,True
RASGRF2-AS1,NEUTRAL,-0.08739599306325813,0.13750352374993502,-0.12608576578592876,0.011417757964006264,-0.1489986065178046,-0.14899860651780497,False
ZNF622,DCG,-0.9808091757883505,1.3504972470841334,-1.4150085339682448,-0.06451128688411134,-0.23024833455390661,-1.43792137470012,True
SEC14L5,DCG,-0.9292805886450407,1.0987339535853597,-1.340668496832577,-0.2419345432472173,-0.39950852619388455,-1.3635813375644528,True
SMARCC2,DIG,-0.9381272172268575,0.45943161863729726,-1.3534314840161508,-0.8939998653788535,-1.0592026813316586,-1.3763443247480265,True
LMO2,DIG,-1.1135096488442855,0.4854268271702419,-1.606454848369662,-1.12102802119942,-1.263739256745496,-1.6293676891015385,True
LYRM9,DSG,0.018620712871057984,1.355204249761661,0.026864010116892646,1.3820682598785536,1.2191398501568282,0.003951169385016987,False
RBBP6,DCG,0.7983502383127434,-0.7369655941662062,1.151775929706317,0.4148103355401108,0.25439397105829875,1.1288630889744407,True
PPP1R7,NEUTRAL,0.058168132720676405,0.13750352374993502,0.0839188766138909,0.22142240036382593,0.0610060358820139,0.0610060358820139,False
KLHL2,NEUTRAL,-0.0007203525010541724,0.13750352374993502,-0.0010392489809628164,0.13646427476897222,-0.02395208971283713,-0.023952089712837292,False
SNX2,NEUTRAL,-0.02036991328167211,0.13750352374993502,-0.029387572874806586,0.10811595087512843,-0.05230041360668094,-0.052300413606681265,False
OR13A1,DIG,-1.263479679939941,0.44183755862255913,-1.8228158685133278,-1.3809783098907686,-1.531329734267384,-1.8457287092451957,True
SELL,DCG,-0.8022637758516311,1.1043366598147357,-1.1574219709060032,-0.05308531109126746,-0.20985455826205368,-1.1803348116378805,True
ATP4B,DIG,1.1658936525010908,0.3877301532831085,1.682028990667244,2.0697591439503524,1.9167231311435102,1.6591161499353666,True
TXN2,NEUTRAL,0.02152772050546902,0.13750352374993502,0.031057935614883805,0.1685614593648188,0.008145094883008635,0.008145094883008316,False
EPDR1,DSG,0.006997289343475882,1.0931094043914815,0.010094954635497845,1.1032043590269793,0.9487022649891206,-0.012817886096379065,False
AXIN2,DCG,-0.7718232586624868,1.0817940911636472,-1.1135055877151294,-0.0317114965514822,-0.191856355807577,-1.136418428447006,True
FAM117A,DSG,0.053989247253320403,1.4329594072761063,0.07789001927369343,1.5108494265497998,1.3524244964743815,0.05497717854181578,False
RPS3AP53,DIG,1.5488839376024341,0.5025003405291834,2.2345671756916023,2.737067516220786,2.589442753025066,2.2116543349597246,True
LINC01544,NEUTRAL,-0.05902391050328945,0.13750352374993502,-0.08515350297696969,0.05235002077296533,-0.10806634370884431,-0.10806634370884484,False
ITGBL1,DIG,-1.4113619452667105,0.415037499278844,-2.036164879335684,-1.6211273800568402,-1.7726715342269503,-2.0590777200675605,True
THEM7P,DIG,1.161029588446443,0.53605290024021,1.6750116295770374,2.2110645298172473,2.0629863071330545,1.6520987888451582,True
ITPRIP-AS1,NEUTRAL,0.07863752825076128,0.13750352374993502,0.11344997203513907,0.2509534957850741,0.09053713130326257,0.09053713130326288,False
ANKH,DCG,-0.8840395897032457,1.2275357246124077,-1.2753995320143865,-0.04786380740197882,-0.20916229913879075,-1.2983123727462629,True
NPAS2,DIG,-1.3842924016462153,0.37851162325372983,-1.9971117829952678,-1.618600159741538,-1.7947059550539228,-2.0200246237271444,True
NMD3,DSG,-0.047866423268749354,-3.321928094887362,-0.06905665147491678,-3.390984746362279,-3.5514011108440893,-0.09196949220679161,False
AIMP1,NEUTRAL,-0.01875054963341186,0.13750352374993502,-0.02705132497006566,0.11045219877986936,-0.04996416570194125,-0.04996416570194125,False
CNDP1,NEUTRAL,-0.05230562521735333,0.13750352374993502,-0.07546106611167236,0.06204245763826266,-0.09837390684354749,-0.09837390684354749,False
SNORD116-21,NEUTRAL,-0.008645576497595158,0.13750352374993502,-0.012472930338706709,0.1250305934112283,-0.035385771070581946,-0.03538577107058211,False
EFCAB13,DIG,-1.3071002802483997,0.5193741590935794,-1.8857470922589408,-1.3663729331653613,-1.5205816502642115,-1.9086599329908183,True
TGFA,DIG,0.6395694634598267,0.49398884067366594,0.9227036932375071,1.4166925339111731,1.262547918677734,0.8997908525056302,True
C4BPB,DCG,-0.9970487102936451,1.4418375586225591,-1.4384372298653785,0.0034003287571806595,-0.1579369651542003,-1.4613500705972553,True
TCF12,NEUTRAL,0.02436640490395883,0.13750352374993502,0.03515329151923392,0.17265681526916893,0.012240450787357426,0.012240450787357108,False
RBX1,NEUTRAL,0.06139969423523676,0.13750352374993502,0.08858103438527475,0.22608455813520978,0.06566819365339822,0.06566819365339792,False
EXOC7,DCG,-0.93463332161348,1.2275357246124077,-1.3483908581413473,-0.12085513352893962,-0.27988866156904857,-1.3713036988732241,True
RIPK1,DIG,1.0857934911544334,0.5443205162238104,1.5664688851180157,2.110789401341826,1.961520458537569,1.5435560443861382,True
RERGL,DSG,0.061750445127345795,1.1538053360790355,0.08908706095790783,1.2428923970369432,1.0750664723241534,0.06617422022603237,False
RGS8,DCG,-1.059995038719494,1.4681488357384063,-1.5292495857275188,-0.061100749989112524,-0.21740110821539835,-1.5521624264593914,True
TEX30,DIG,-1.0251777912984628,0.4681488357384065,-1.479018915535793,-1.0108700797973864,-1.1602593709488667,-1.5019317562676693,True
POLH-AS1,DSG,0.04239461655220413,1.341036917835067,0.06116250306025407,1.402199420895321,1.239971252423306,0.03824966232837741,False
UBAP1,DIG,-0.9891339740491332,0.415037499278844,-1.427018679135477,-1.0119811798566332,-1.165087227187495,-1.4499315198673544,True
SLX4,DCG,-0.8486671581477501,1.2779847472997656,-1.2243679004250887,0.05361684687467694,-0.10624510072187567,-1.2472807411569644,True
PCIF1,DCG,0.8569352081618384,-0.7369655941662062,1.236296175178236,0.49933058101202976,0.3389142165302172,1.2133833344463585,True
BRMS1,DSG,0.07366487833881746,1.2428565238961637,0.10627595466710077,1.3491324785632646,1.182309286480386,0.08336311393522483,False
KRT75,DIG,0.9982110864981553,0.5277376320282061,1.4401141842512728,1.967851816279479,1.8006150820500408,1.4172013435193966,True
EXD3,NEUTRAL,-0.014296693462252447,0.13750352374993502,-0.02062576875910127,0.11687775499083375,-0.043538609490977126,-0.04353860949097746,False
SPTBN4,DSG,-0.06391643078788095,-0.7369655941662062,-0.09221191772899852,-0.8291775118952047,-0.9895938763770151,-0.11512475846087417,False
KPNA6,NEUTRAL,0.013757599544986116,0.13750352374993502,0.01984802063808773,0.15735154438802273,-0.003064820093788176,-0.0030648200937876944,False
UBQLN1,NEUTRAL,-0.04962728699172672,0.13750352374993502,-0.07159704083573751,0.06590648291419751,-0.09450988156761406,-0.09450988156761389,False
ZNF100,DIG,1.145431876085494,0.4240262825060986,1.652508887304684,2.0765351698107826,1.9159106850727734,1.6295960465728074,True
DOCK4,DIG,-1.3205170957590482,0.5025003405291834,-1.9051034654606753,-1.4026031249314919,-1.557928318741726,-1.928016306192551,True
TMEM216,DIG,-1.585006758844382,0.5525410230287789,-2.286681390760279,-1.7341403677315,-1.886772832684587,-2.309594231492157,True
BTF3P12,DCG,-0.8329935713719938,1.1911414873520083,-1.2017556945107624,-0.010614207158754052,-0.17275819705695764,-1.2246685352426374,True
RAMP3,DSG,0.03855948926007053,1.2377676472233639,0.055629583934715,1.2933972311580788,1.1397690241159717,0.032716743202838176,False
LINC01187,DIG,-0.655106277626187,0.4854268271702419,-0.9451185779865284,-0.45969175081628655,-0.6258855235067046,-0.9680314187183963,True
RAET1K,DIG,-1.3180920693517069,0.35989594508638295,-1.9016048918887791,-1.5417089468023961,-1.7005281277402853,-1.9245177326206497,True
ATF7IP2,DCG,-0.9657416948388701,1.1375035237499351,-1.3932707539237406,-0.2557672301738054,-0.41894316704220114,-1.4161835946556176,True
TOR1A,NEUTRAL,-0.020135123201509297,0.13750352374993502,-0.029048842390505772,0.10845468135942925,-0.05196168312238122,-0.05196168312238122,False
INPP1,NEUTRAL,0.008702316024281107,0.13750352374993502,0.012554788172478912,0.15005831192241392,-0.010358052559395632,-0.010358052559395309,False
POFUT1,DCG,0.8706489731873754,-0.7369655941662062,1.2560809559724946,0.5191153618062884,0.3586989973244771,1.2331681152406182,True
TBX2,DCG,-0.8644896523680586,1.3267290811511836,-1.247194934371222,0.07953414677996151,-0.08264376790095355,-1.270107775103099,True
SGSM2,NEUTRAL,-0.050120707706979684,0.13750352374993502,-0.07230889645470484,0.06519462729523018,-0.09522173718658035,-0.09522173718657932,False
ORMDL1,NEUTRAL,-0.03699504513040192,0.13750352374993502,-0.05337256814709425,0.08413095560284077,-0.07628540887896988,-0.07628540887896937,False
ARPP21,NEUTRAL,0.0007043482059698304,0.13750352374993502,0.0010161596638117126,0.13851968341374674,-0.021896681068064135,-0.021896681068064135,False
ZNF236-DT,NEUTRAL,0.03678472008927728,0.13750352374993502,0.053069133253288964,0.19057265700322398,0.030156292521414215,0.030156292521414215,False
TSPYL5,DCG,-0.8869714364537448,1.5151741705642938,-1.279629292781978,0.23554487778231592,0.07099792883853742,-1.3025421335138552,True
TTC5,DIG,0.822540914879022,0.415037499278844,1.1866756988242362,1.60171319810308,1.4293910577389177,1.16376285809236,True
ACOT12,NEUTRAL,-0.02172715194141086,0.13750352374993502,-0.03134565435851446,0.10615786939142055,-0.05425849509038939,-0.05425849509038922,False
COL9A3,DCG,-0.8377638504463317,1.0931094043914815,-1.208637752474966,-0.11552834808348456,-0.2779235388977628,-1.2315505932068413,True
BLNK,NEUTRAL,0.02830693691518069,0.13750352374993502,0.040838277510287915,0.17834180126022292,0.017925436778412084,0.017925436778412084,False
HMGN1P36,DIG,-1.0573737701013073,0.3692338096657191,-1.525467894491223,-1.156234084825504,-1.3169451258125215,-1.5483807352230996,True
SEMA4G,NEUTRAL,-0.03482549493235041,0.13750352374993502,-0.05024256883540567,0.08726095491452934,-0.07315540956728173,-0.07315540956728123,False
KCNS1,DCG,0.9639182837571983,-0.7369655941662062,1.3906401277987108,0.6536745336325046,0.4932581691506942,1.3677272870668353,True
ANGPTL5,NEUTRAL,-0.0018254109733229777,0.13750352374993502,-0.002633511358797356,0.13487001239113766,-0.02554635209067281,-0.025546352090672974,False
ATRAID,DIG,-0.701974899875235,0.4506614090095652,-1.012735706878528,-0.5620742978689629,-0.7293582920878469,-1.0356485476104056,True
UNC80,NEUTRAL,-0.006164331805690012,0.13750352374993502,-0.00889325092646309,0.12861027282347193,-0.03180609165833813,-0.031806091658338295,False
CATSPER3,NEUTRAL,-0.01132398160538571,0.13750352374993502,-0.01633705210520781,0.12116647164472721,-0.039249892837084153,-0.03924989283708382,False
POLR2C,NEUTRAL,0.029775201316316426,0.13750352374993502,0.04295653528052024,0.18046005903045526,0.02004369454864597,0.02004369454864597,False
SERTAD2,DIG,-0.8599207129989854,0.44183755862255913,-1.2406033482013379,-0.7987657895787788,-0.9523239654303234,-1.263516188933214,True
COL19A1,DIG,1.1658790933330452,0.4329594072761063,1.6820079862277053,2.114967393503812,1.9546994100345882,1.659095145495829,True
SLC22A5,NEUTRAL,0.024481025240996285,0.13750352374993502,0.03531865371106288,0.1728221774609979,0.01240581297918725,0.01240581297918725,False
TIGAR,DSG,-0.08988126469582992,1.415037499278844,-0.1296712548455021,1.2853662444333418,1.1245572856667965,-0.15258409557737834,False
RNA5SP203,DSG,0.013960144192265204,-3.321928094887362,0.020140230796275874,-3.3017878640910863,-3.46220422857282,-0.002772609935598412,False
RPL21P88,DIG,-1.5717183978746456,0.4681488357384065,-2.267510338287698,-1.7993615025492915,-1.958264237687437,-2.290423179019534,True
FOXRED1,NEUTRAL,0.018808237182463928,0.13750352374993502,0.02713455051100412,0.16463807426093913,0.004221709779128441,0.004221709779128122,False
ACVR2B,NEUTRAL,-0.01230239519094052,0.13750352374993502,-0.01774860453302612,0.1197549192169089,-0.04066144526490265,-0.040661445264903145,False
SDC1,DIG,0.6279661777922035,0.53605290024021,0.9059636905468091,1.442016590787019,1.2770657368115312,0.8830508498149314,True
APP,DIG,-1.6432685072687065,0.4854268271702419,-2.3707353262855726,-1.8853084991153306,-2.0465296958002503,-2.3936481670174485,True
CLOCK,DIG,-1.3317858345576874,0.292781749227846,-1.921360819042545,-1.6285790698146991,-1.7813718570983792,-1.9442736597744203,True
IGBP1P3,NEUTRAL,0.07570648055386854,0.13750352374993502,0.1092213640582229,0.24672488780815793,0.0863085233263474,0.08630852332634771,False
FARSA,DIG,1.5236910351505115,0.37851162325372983,2.1982215002586143,2.5767331235123443,2.406310052451742,2.1753086595267375,True
TMTC3,DIG,1.6750198987840281,0.4506614090095652,2.416542901366051,2.867204310375616,2.7164224542084856,2.3936300606341727,True
FABP4,DCG,-1.0030749852660084,1.4014484345308889,-1.4471313068830403,-0.045682872352151405,-0.20728749944123365,-1.470044147614918,True
ARAP2,NEUTRAL,0.006879701067911396,0.13750352374993502,0.009925310613474278,0.1474288343634093,-0.012987530118402427,-0.012987530118402103,False
GRXCR2,DIG,-1.0113592343834463,0.5277376320282061,-1.459082952002257,-0.9313453199740509,-1.0930236636192658,-1.4819957927341176,True
TMA16P2,NEUTRAL,0.033433144569906155,0.13750352374993502,0.04823383187232738,0.1857373556222624,0.02532099114045138,0.02532099114045201,False
PRKCE,DIG,-1.1230867664205406,0.4681488357384065,-1.6202717084029357,-1.1521228726645292,-1.3186024013587125,-1.643184549134812,True
HYI-AS1,DIG,1.0443569628685145,0.35049724708413343,1.5066886112482654,1.8571858583323988,1.700073315649612,1.483775770516389,True
ELAVL4,DIG,1.3579473892991523,0.24285652389616355,1.9591039643300017,2.2019604882261654,2.057500240311697,1.9361911235981246,True
SRP54,DIG,1.3078354399974974,0.5025003405291834,1.8868077035832251,2.3893080441124086,2.241201328690789,1.8638948628513474,True
MAS1L,DSG,0.02351210958546334,1.3831282513240999,0.03392080389978582,1.4170490552238857,1.2572202690762473,0.011007963167910643,False
PEX16,DIG,1.5095143055557918,0.44183755862255913,2.1777688027762885,2.619606361398848,2.4647677415697222,2.154855962044411,True
FBXO32,DCG,-1.1124537617407297,1.4811266897366167,-1.6049315252816234,-0.12380483554500676,-0.2786714600554,-1.6278443660134996,True
TERF1,DCG,-0.9750661202620337,1.4240262825060985,-1.4067230562408777,0.01730322626522085,-0.1435528451338647,-1.4296358969727534,True
AK3P3,DSG,-0.0636214368101999,1.3645724322958561,-0.09178633138030595,1.2727861009155501,1.109090695959752,-0.11469917211218102,False
NEFL,NEUTRAL,0.045447525973743484,0.13750352374993502,0.06556692034299208,0.2030704440929271,0.042654079611117085,0.04265407961111615,False
PRKD3,DIG,-1.0268794424935204,0.37851162325372983,-1.4814738792762254,-1.1029622560224956,-1.2571062225481975,-1.5043867200081014,True
TRPC6,NEUTRAL,0.025510549747149572,0.13750352374993502,0.03680394361056389,0.1743074673604989,0.013891102878688241,0.013891102878688558,False
CALM2P2,DIG,1.064539037324262,0.4854268271702419,1.5358051899804241,2.021232017150666,1.874809446867199,1.512892349248548,True
S100PBP,NEUTRAL,-0.0007215953211609567,0.13750352374993502,-0.001041041991367591,0.13646248175856743,-0.0239538827232444,-0.02395388272324375,False
IGHMBP2,DCG,-1.1201418289925285,1.373880174522084,-1.6160230617798141,-0.24214288725773003,-0.4027051421865382,-1.6389359025116896,True
TET2-AS1,NEUTRAL,-0.022243423209107466,0.13750352374993502,-0.03209047635617381,0.1054130473937612,-0.05500331708804835,-0.05500331708804885,False
HDHD3,NEUTRAL,-0.02106683915911434,0.13750352374993502,-0.03039302438205968,0.10711049936787534,-0.053305865113936084,-0.05330586511393592,False
MRPS30,DSG,-0.015935771806148333,1.2479275134435854,-0.02299045895746836,1.2249370544861171,1.0685781625954147,-0.045903299689344805,False
CDKL2,DIG,-1.5252236792663563,0.4506614090095652,-2.200432638323991,-1.749771229314426,-1.9017143925719031,-2.2233454790558667,True
CADM3,DCG,-0.7095553658278485,1.0931094043914815,-1.0236720075159913,0.06943739687549022,-0.09084250086355912,-1.0465848482478664,True
SSPOP,DIG,-1.5147209626196576,0.5769251816557379,-2.185280421101937,-1.608355239446199,-1.7673205583974942,-2.2081932618338134,True
SESN1,DIG,1.5488578719742918,0.4681488357384065,2.2345295709391437,2.70267840667755,2.5510061525543,2.2116167302072673,True
EFCAB12,DIG,-0.6170775990782674,0.3877301532831085,-0.8902547920338844,-0.5025246387507758,-0.6656757515998865,-0.913167632765761,True
MTFR1,DCG,-0.9185427841704324,1.2779847472997656,-1.3251771195670243,-0.0471923722672587,-0.20954359162485148,-1.3480899602989,True
RPSAP18,DCG,-0.9864794692357512,1.4195388915137848,-1.423189038205195,-0.003650146691410283,-0.1643861941074549,-1.4461018789370716,True
FOLH1B,NEUTRAL,-0.010709303371771764,0.13750352374993502,-0.01545025886583058,0.12205326488410444,-0.038363099597706896,-0.038363099597707055,False
CP,DSG,-0.07299668176566608,-0.7369655941662062,-0.10531195078467628,-0.8422775449508825,-1.0026939094326939,-0.12822479151655253,False
CAPNS2,NEUTRAL,-0.0799442457256884,0.13750352374993502,-0.11533516685605937,0.022168356893875654,-0.1382480075879348,-0.13824800758793424,False
TMEM67,DCG,-0.9852003296365487,1.4374053123072983,-1.421343629848821,0.01606168245847739,-0.1436628391782144,-1.4442564705806966,True
STIMATE,NEUTRAL,0.02597893555292496,0.13750352374993502,0.03747968148977882,0.17498320523971383,0.014566840757902254,0.014566840757902572,False
ADAM28,NEUTRAL,-0.04060821303341917,0.13750352374993502,-0.0585852675626764,0.07891825618725862,-0.08149810829455187,-0.08149810829455204,False
SFT2D1,NEUTRAL,0.016250392574424923,0.13750352374993502,0.023444360779621674,0.1609478845295567,0.0005315200477469548,0.0005315200477472749,False
LSM7,NEUTRAL,0.03451880339768746,0.13750352374993502,0.049800106479264805,0.18730363022919982,0.026887265747390452,0.026887265747390764,False
PPP2R5D,DSG,0.02705101917842126,1.126532405928932,0.039026371219700595,1.1655587771486324,1.000589786837522,0.016113530487823526,False
RPS28P4,NEUTRAL,0.008954966918071633,0.13750352374993502,0.01291928636402667,0.1504228101139617,-0.0099935543678486,-0.009993554367848278,False
MTFR2,DIG,1.2055413198149612,0.4854268271702419,1.7392284836837804,2.2246553108540223,2.0828131574188062,1.7163156429519022,True
BAG3,NEUTRAL,0.034083839678716754,0.13750352374993502,0.04917258647893914,0.18667611022887415,0.026259745747063645,0.026259745747063013,False
ATRIP,NEUTRAL,0.04083991317038841,0.13750352374993502,0.05891954020125522,0.19642306395119025,0.036006699469380385,0.03600669946938007,False
ZSWIM9,DIG,1.476413043571721,0.4240262825060986,2.130013776264703,2.5540400587708016,2.3913981686073766,2.1071009355328267,True
CES3,NEUTRAL,-0.06667190825859265,0.13750352374993502,-0.09618723141127554,0.04131629233865948,-0.11910007214315223,-0.1191000721431517,False
EPPIN,DCG,-0.8784619348283069,1.1645717669481057,-1.2673526769865222,-0.1027809100384165,-0.2631236006724444,-1.2902655177183961,True
AMOTL2,DIG,-1.1417274196481781,0.4329594072761063,-1.647164486373379,-1.2142050790972727,-1.372802229244014,-1.670077327105256,True
ZNF300,DIG,1.3078103833790067,0.4768136968655339,1.886771554523987,2.363585251389521,2.199541066578465,1.86385871379211,True
PRIM1,DIG,1.5066307176924618,0.5193741590935794,2.1736086648658945,2.6929828239594737,2.5312847776276013,2.150695824134017,True
ZRSR2P1,NEUTRAL,-0.04724682672899685,0.13750352374993502,-0.06816276261966388,0.06934076113027114,-0.09107560335154087,-0.0910756033515407,False
TRDN,DIG,-1.5539555710737103,0.5109619192773794,-2.241883996149819,-1.7309220768724396,-1.879765166502125,-2.2647968368816955,True
SCYL2P1,NEUTRAL,-0.018051742422209187,0.13750352374993502,-0.02604315927192612,0.1114603644780089,-0.04895600000380101,-0.04895600000380134,False
KIAA1671-AS1,NEUTRAL,0.048788512459951396,0.13750352374993502,0.07038694497832128,0.20789046872825628,0.04747410424644612,0.04747410424644612,False
NPAS2-AS1,NEUTRAL,-0.01878063959744019,0.13750352374993502,-0.02709473561194986,0.11040878813798516,-0.05000757634382515,-0.050007576343825806,False
CORO2A,NEUTRAL,-0.023389762868911815,0.13750352374993502,-0.03374429489854789,0.10375922885138714,-0.056657135630422864,-0.056657135630422364,False
HINT1P1,DSG,-0.11707317053129802,1.2377676472233639,-0.1689008825466516,1.0688667646767123,0.9083677290796347,-0.19181372327852686,False
PPP3CC,NEUTRAL,0.04548183768302079,0.13750352374993502,0.06561642167581087,0.2031199454257459,0.04270358094393484,0.04270358094393484,False
MZT1,NEUTRAL,0.008802973860172215,0.13750352374993502,0.01270000673314563,0.15020353048308066,-0.010212833998729633,-0.010212833998730277,False
LINC02848,DSG,-0.012332254239823119,1.1805722456418208,-0.017791682034774707,1.162780563607046,1.0114248572374251,-0.04070452276664846,False
TPSP2,DCG,-0.8779327342807002,1.273018494406416,-1.2665892019808542,0.006429292425561783,-0.16264638848219268,-1.2895020427127297,True
LINC01070,DIG,-1.3970086648341105,0.37851162325372983,-2.015457472835083,-1.6369458495813534,-1.789265667277953,-2.0383703135669546,True
RPL7AP3,DIG,-1.4567476381491649,0.4854268271702419,-2.1016425933845104,-1.6162157662142684,-1.777132965786205,-2.1245554341163597,True
LRRIQ3,NEUTRAL,0.008707359623185409,0.13750352374993502,0.012562064547606383,0.1500655882975414,-0.010350776184269037,-0.010350776184268714,False
DDX18P3,DSG,-0.08595217954168742,1.0987339535853597,-0.12400278317839027,0.9747311704069694,0.8121171886174745,-0.14691562391026486,False
SPON1-AS1,DIG,-0.8349471739419599,0.5109619192773794,-1.2045741472503204,-0.693612227972941,-0.8517812844496654,-1.2274869879821961,True
LIN28A,NEUTRAL,-0.028083091181030747,0.13750352374993502,-0.04051533637970564,0.09698818737022938,-0.06342817711158119,-0.0634281771115817,False
HNRNPKP1,NEUTRAL,-0.0037653102551608673,0.13750352374993502,-0.005432194432528941,0.1320713293174061,-0.028345035164405657,-0.028345035164405657,False
GTPBP1,NEUTRAL,-0.014761772756544014,0.13750352374993502,-0.021296736350595855,0.11620678739933916,-0.044209577082470836,-0.044209577082470336,False
ZNF730,DIG,-1.396365994144543,0.5769251816557379,-2.0145302950183197,-1.4376051133625818,-1.6010182157790835,-2.037443135750195,True
PBX1-AS1,DCG,-0.9414276870228309,1.2878662588137295,-1.3581930554234052,-0.07032679660967567,-0.2318969190902032,-1.3811058961552716,True
ZNF594,NEUTRAL,0.06543787821117614,0.13750352374993502,0.09440690238155977,0.2319104261314948,0.07149406164968376,0.07149406164968346,False
DHX40,DCG,2.0794415416798357,-3.321928094887362,3.0,-0.3219280948873622,-0.4823444593691723,2.9770871592681245,True
GRM7,DIG,1.5423010484626984,0.4329594072761063,2.225070074174984,2.6580294814510905,2.508233882532721,2.202157233443109,True
PDGFRL,NEUTRAL,0.025581735168425022,0.13750352374993502,0.036906642464821574,0.17441016621475658,0.013993801732944759,0.013993801732945076,False
MYH2,NEUTRAL,0.04071199933396143,0.13750352374993502,0.05873499954378093,0.19623852329371594,0.03582215881190495,0.03582215881190495,False
TMX2,DIG,1.4986384016319203,0.4768136968655339,2.162078190120134,2.638891886985668,2.479360730334734,2.139165349388258,True
ZNF823,DIG,1.6502820595597147,0.35989594508638295,2.3808537433948254,2.740749688481208,2.5791958216719686,2.357940902662949,True
PREX2,DCG,-0.9994023709399905,1.3785116232537298,-1.4418328444077966,-0.0633212211540668,-0.21826118460077662,-1.4647456851396714,True
NME9,DSG,0.07252805507033727,-0.7369655941662062,0.10463586537529723,-0.632329728790909,-0.7927460932727187,0.08172302464342208,False
OSBPL7,DIG,-0.6935380595490582,0.4854268271702419,-1.0005639191791809,-0.515137092008939,-0.6658762434334935,-1.0234767599110568,True
CNNM3-DT,DIG,-1.2680547867545695,0.4329594072761063,-1.8294163524263296,-1.3964569451502233,-1.5640751062626084,-1.8523291931582027,True
CCR5,NEUTRAL,0.021167539156249873,0.13750352374993502,0.030538303768544647,0.16804182751847968,0.007625463036670514,0.007625463036669876,False
CATSPERE,DCG,-0.8709792715887464,1.273018494406416,-1.2565574758381661,0.016461018568249886,-0.1514699344173159,-1.279470316570042,True
RHBDF1P1,DIG,-1.5852892269636294,0.5193741590935794,-2.2870889061151267,-1.7677147470215473,-1.9267443630175172,-2.3100017468469947,True
PDZRN3,NEUTRAL,0.021639551744414526,0.13750352374993502,0.031219273988726953,0.16872279773866197,0.008306433256851042,0.008306433256851362,False
CZIB,NEUTRAL,0.004837637260701853,0.13750352374993502,0.006979235285634234,0.14448275903556926,-0.015933605446242127,-0.015933605446242127,False
NCAM1-AS1,NEUTRAL,0.028301824427004872,0.13750352374993502,0.04083090174895006,0.17833442549888506,0.017918061017074462,0.017918061017074462,False
CABLES1,NEUTRAL,0.02816817720877113,0.13750352374993502,0.04063808956997564,0.17814161331991066,0.017725248838100095,0.017725248838100095,False
C1orf167-AS1,NEUTRAL,0.03024166021319063,0.13750352374993502,0.04362949321781919,0.18113301696775422,0.02071665248594387,0.02071665248594387,False
DDX19A,NEUTRAL,0.0012042129824377547,0.13750352374993502,0.001737312097937057,0.13924083584787209,-0.021175528633937523,-0.021175528633938012,False
RAB11A,NEUTRAL,0.0016667464541960623,0.13750352374993502,0.0024046068438879228,0.13990813059382295,-0.020508233887987278,-0.02050823388798712,False
RTN4,DIG,-1.6245451586869462,0.5443205162238104,-2.3437232441378315,-1.7994027279140212,-1.9618093112341917,-2.3666360848697074,True
FILNC1,DIG,-1.626141419299448,0.4681488357384065,-2.3460261614074542,-1.8778773256690477,-2.0236927960488,-2.3689390021393106,True
ELOVL2,DSG,-0.02549733678473202,-3.321928094887362,-0.03678488133520864,-3.358712976222571,-3.51912934070438,-0.05969772206708324,False
PLCB4,DSG,-0.015782385606507267,1.0874628412503395,-0.02276916944790539,1.0646936718024342,0.8987895503010713,-0.04568201017977988,False
PVALEF,DCG,0.8082471658077546,-0.7369655941662062,1.1660541779234073,0.42908858375720105,0.26867221927538987,1.143141337191528,True
LINC00402,NEUTRAL,-0.0074411423984896705,0.13750352374993502,-0.010735299236849655,0.12676822451308536,-0.03364813996872496,-0.03364813996872496,False
MORN3,DIG,1.1012376886191364,0.4768136968655339,1.5887501522108525,2.065563849076386,1.9070001326717085,1.5658373114789752,True
LINC02381,DIG,1.091768268699297,0.4506614090095652,1.5750886670524051,2.0257500760619704,1.865575629005219,1.5521758263205292,True
IFI30,DIG,0.8548637135860777,0.44183755862255913,1.2333076402265575,1.6751451988491166,1.5064661394583894,1.2103947994946802,True
TKT,NEUTRAL,-0.024252202823008225,0.13750352374993502,-0.034988532743387285,0.10251499100654773,-0.05790137347526307,-0.05790137347526341,False
LMNTD2,NEUTRAL,-0.03965187156773707,0.13750352374993502,-0.057205558472740364,0.08029796527719466,-0.08011839920461514,-0.08011839920461497,False
PNKP,DIG,1.4053383018420575,0.5849625007211562,2.027474598838854,2.61243709956001,2.4499902866163117,2.0045617581069766,True
IST1,NEUTRAL,-0.040032932109056944,0.13750352374993502,-0.057755312625981006,0.07974821112395401,-0.08066815335785611,-0.08066815335785593,False
MTCO1P2,DIG,1.0678581927606754,0.4506614090095652,1.5405937190684773,1.9912551280780426,1.8309395369495352,1.5176808783365983,True
ZNF804A,NEUTRAL,0.04423113675077357,0.13750352374993502,0.06381204164322261,0.20131556539315765,0.040899200911346405,0.04089920091134672,False
CFAP61-AS1,DSG,-0.009999427260562223,1.355204249761661,-0.014426124120543032,1.340778125641118,1.18661668193291,-0.037338964852418596,False
CANX,DIG,1.3816342385758473,0.49398884067366594,1.993276864315774,2.48726570498944,2.323890660184086,1.9703640235838966,True
KBTBD2,DSG,0.04709501796204578,1.222392421336448,0.0679437488644201,1.2903361702008682,1.1347361889401122,0.04503090813254459,False
PGLYRP2,DIG,-0.9656818624384534,0.44183755862255913,-1.393184434016375,-0.9513468753938159,-1.1240769545865137,-1.4160972747482514,True
APOB,DIG,0.5806431215266367,0.35989594508638295,0.8376909519527664,1.1975868970391494,1.0368500097643774,0.8147781112208892,True
LINC01233,DIG,-0.7225709460525074,0.4506614090095652,-1.0424495205603992,-0.591788111550834,-0.7425513336278001,-1.0653623612922662,True
TXNDC17,NEUTRAL,0.012442389559086936,0.13750352374993502,0.01795057371370334,0.15545409746363836,-0.004962267018171851,-0.004962267018171851,False
MX1,DIG,-1.4181691838220032,0.45943161863729726,-2.045985648641553,-1.5865540300042555,-1.7431650297032506,-2.06889848937343,True
RPP25L,DIG,1.4577262656822907,0.45943161863729726,2.1030544544734284,2.5624860731107257,2.408054707993755,2.0801416137415525,True
MT1L,NEUTRAL,0.028144563458682638,0.13750352374993502,0.040604022129826174,0.1781075458797612,0.017691181397951995,0.017691181397951995,False
WFDC10B,DCG,-1.0292657896376833,1.4195388915137848,-1.4849166504669489,-0.06537775895316411,-0.22492327307837043,-1.507829491198816,True
NFIX,DIG,-0.5608546904438964,0.5525410230287789,-0.809142280562724,-0.256601257533945,-0.4219790552798357,-0.8320551212946018,True
FIG4,DIG,-1.7093644695387646,0.45943161863729726,-2.4660916432753694,-2.006660024638072,-2.169591854637496,-2.489004484007246,True
RPL7AP34,DIG,-1.3769071533488377,0.44183755862255913,-1.9864571219009077,-1.5446195632783486,-1.697373756137448,-2.009369962632784,True
GRAMD2B,DIG,-1.1970370134466424,0.4854268271702419,-1.7269593630600064,-1.2415325358897644,-1.398243160445286,-1.7498722037918841,True
KCNK6,DSG,-0.00964703894624305,1.450661409009565,-0.01391773524700754,1.4367436737625576,1.2724643913632514,-0.03683057597888347,False
AASDHPPT,NEUTRAL,-0.01578736716003214,0.13750352374993502,-0.02277635631047165,0.11472716743946337,-0.04568919704234652,-0.04568919704234652,False
CYCSP34,NEUTRAL,0.05799600069469675,0.13750352374993502,0.08367054259363188,0.2211740663435669,0.0607577018617564,0.06075770186175671,False
IRAK1BP1,DIG,1.7267918219139786,0.4506614090095652,2.4912339981229152,2.9418954071324803,2.7851527883228497,2.4683211573910384,True
ARHGEF7-AS2,DIG,-1.537892826383284,0.4240262825060986,-2.2187103540418756,-1.794684071535777,-1.9441410965675616,-2.2416231947737506,True
INS,NEUTRAL,0.01771107765217462,0.13750352374993502,0.025551683897591666,0.16305520764752668,0.002638843165716452,0.002638843165716452,False
FBXO30,DIG,1.429258464334834,0.4854268271702419,2.0619840986444404,2.5474109258146824,2.396710806408786,2.0390712579125645,True
BRIX1,DCG,-0.9179671214668357,1.0473057147783567,-1.3243466138393205,-0.27704089906096385,-0.44073071762141336,-1.3472594545711971,True
IFI27L1,NEUTRAL,0.02981760297065531,0.13750352374993502,0.04301770793696044,0.18052123168689546,0.02010486720508564,0.020104867205085326,False
PXK,NEUTRAL,0.013696710413368592,0.13750352374993502,0.01976017618985909,0.1572636999397941,-0.003152664542016768,-0.0031526645420166077,False
XYLB,NEUTRAL,-0.010697953350279817,0.13750352374993502,-0.015433884246110164,0.12206963950382485,-0.03834672497798448,-0.03834672497798481,False
IFI44L,NEUTRAL,-0.012034928557641305,0.13750352374993502,-0.017362731747562078,0.12014079200237295,-0.04027557247943725,-0.040275572479437416,False
SMARCA5,NEUTRAL,-0.021002972683023095,0.13750352374993502,-0.030300884533723788,0.10720263921621123,-0.053213725265599796,-0.05321372526560013,False
DLEC1,NEUTRAL,-0.0492376273039636,0.13750352374993502,-0.07103488073656732,0.0664686430133677,-0.09394772146844234,-0.09394772146844269,False
GATAD1,DSG,-0.015479342784881922,1.410522018156351,-0.022331971071969506,1.3881900470843813,1.2221011366625476,-0.04524481180384638,False
GALNT12,NEUTRAL,-0.03663692769135751,0.13750352374993502,-0.052855913893729026,0.084647609856206,-0.07576875462560553,-0.07576875462560553,False
DSG4,NEUTRAL,0.017923402118744616,0.13750352374993502,0.025858003352571598,0.16336152710250662,0.00294516262069558,0.0029451626206952602,False
VWA8-AS1,NEUTRAL,0.014469561832997932,0.13750352374993502,0.020875165100302337,0.15837868885023737,-0.0020376756315736264,-0.0020376756315733054,False
CACFD1,NEUTRAL,0.011888932314776685,0.13750352374993502,0.017152103691992868,0.1546556274419279,-0.005760737039882023,-0.005760737039881863,False
LDHAP5,NEUTRAL,0.08066961586836778,0.13750352374993502,0.11638165476371183,0.25388517851364684,0.09346881403183636,0.09346881403183636,False
RPL18AP3,NEUTRAL,0.01836195808082119,0.13750352374993502,0.02649070586421176,0.16399422961414678,0.003577865132335354,0.003577865132335354,False
PGAM1P5,DIG,0.8927420466188873,0.49398884067366594,1.2879545234501326,1.7819433641237985,1.6328721738129428,1.2650416827182571,True
NCOA5,DCG,0.8880710741801747,-0.7369655941662062,1.2812157346766728,0.5442501405104666,0.38383377602865504,1.2583028939447964,True
SGCE,DSG,-0.0576969549886863,1.2275357246124077,-0.08323911083657147,1.1442966137758361,0.985220140231157,-0.10615195156844681,False
SOS2,DIG,-1.247185172852315,0.405992359675837,-1.7993078639442794,-1.3933155042684424,-1.549600474440167,-1.8222207046761567,True
FMO4,DCG,-0.9605694279675863,1.4014484345308889,-1.3858087501583851,0.015639684372503737,-0.14512670833162428,-1.408721590890261,True
TSPYL4,DIG,-1.4610248031239792,0.4768136968655339,-2.107813238082739,-1.6309995412172051,-1.7810017175725945,-2.1307260788146167,True
KIAA0232,NEUTRAL,0.012428003191467548,0.13750352374993502,0.017929818572482444,0.15543334232241746,-0.00498302215939235,-0.004983022159392511,False
ADGRL3-AS1,NEUTRAL,0.017872848899906778,0.13750352374993502,0.025785070474453272,0.1632885942243883,0.002872229742576633,0.002872229742576953,False
GRM4,DSG,-0.023120538453904278,1.2479275134435854,-0.033355886170130286,1.2145716272734552,1.0598119860876598,-0.05626872690200597,False
DDX46,NEUTRAL,0.037999149966995986,0.13750352374993502,0.05482118521538113,0.19232470896531614,0.03190834448350598,0.03190834448350598,False
EIF2S2P4,NEUTRAL,0.03097885791000476,0.13750352374993502,0.04469304467916771,0.18219656842910273,0.02178020394729292,0.021780203947293235,False
ZNF621,NEUTRAL,0.061269778910754476,0.13750352374993502,0.08839360619090868,0.2258971299408437,0.06548076545903277,0.06548076545903246,False
PPP1CC,NEUTRAL,-0.0008230945058575458,0.13750352374993502,-0.0011874743617836332,0.1363160493881514,-0.02410031509365942,-0.024100315093659584,False
CEP97,DIG,0.8873411674438266,0.5525410230287789,1.280162701847832,1.8327037248766112,1.6794554730750397,1.2572498611159557,True
CFDP1,NEUTRAL,-0.010184097988054135,0.13750352374993502,-0.014692547663292971,0.12281097608664204,-0.03760538839516822,-0.037605388395167895,False
SPACA6,DSG,-0.016942482334424674,1.2172307162206693,-0.024442835244223346,1.1927878809764458,1.0276518966113248,-0.04735567597610025,False
CHML,DCG,-0.9728940017420135,1.3504972470841334,-1.4035893516238214,-0.053092104539687934,-0.21514866330318527,-1.4265021923556969,True
KYNU,NEUTRAL,-0.039624758297377195,0.13750352374993502,-0.05716644229204988,0.08033708145788514,-0.08007928302392504,-0.08007928302392504,False
MRRF,NEUTRAL,0.0342312835441393,0.13750352374993502,0.049385303012393744,0.18688882676232876,0.026472462280518264,0.026472462280518264,False
LPAR1,NEUTRAL,0.020115051983458032,0.13750352374993502,0.029019885743758612,0.16652340949369362,0.0061070450118834415,0.006107045011883122,False
ECT2L,DIG,-1.0921514360632094,0.4506614090095652,-1.5756414607081521,-1.124980051698587,-1.2728591864748242,-1.5985543014400287,True
NBPF22P,NEUTRAL,0.009717267879912539,0.13750352374993502,0.01401905418133943,0.15152257793127444,-0.008893786550536702,-0.00889378655053654,False
NETO2,NEUTRAL,-0.02194156204098318,0.13750352374993502,-0.03165498274588396,0.10584854100405106,-0.0545678234777585,-0.054567823477759,False
ORAI1,DIG,1.1272451802088392,0.415037499278844,1.6262710313532784,2.0413085306321226,1.8924276608282937,1.603358190621403,True
TAS2R15P,DSG,-0.05244535927404729,1.1645717669481057,-0.07566265974230803,1.0889091072057977,0.9288798693966894,-0.09857550047418305,False
RPS10P3,NEUTRAL,0.025805671632029802,0.13750352374993502,0.0372297144903384,0.17473323824027343,0.014316873758463678,0.014316873758463043,False
TNFRSF10D,NEUTRAL,0.014530942807043751,0.13750352374993502,0.020963719127163175,0.15846724287709818,-0.0019491216047126186,-0.0019491216047126186,False
LINC00466,NEUTRAL,-0.04710344390313586,0.13750352374993502,-0.06795590492784559,0.06954761882208943,-0.09086874565972039,-0.09086874565972057,False
EPHA5-AS1,NEUTRAL,0.022662997089551207,0.13750352374993502,0.03269579351277654,0.17019931726271156,0.009782952780900689,0.009782952780900371,False
LINC00365,NEUTRAL,-0.0025929210367630975,0.13750352374993502,-0.0037407943211547907,0.13376272942878023,-0.02665363505303069,-0.026653635053030526,False
PDCD4,NEUTRAL,-0.02283136037283364,0.13750352374993502,-0.03293869038663589,0.10456483336329914,-0.05585153111851158,-0.05585153111851158,False
MTCL1,NEUTRAL,0.0064200948673180614,0.13750352374993502,0.009262239027116455,0.14676576277705147,-0.013650601704759721,-0.013650601704759721,False
MRPS21,DCG,-0.9674259911780317,1.3504972470841334,-1.3957006798996365,-0.0452034328155031,-0.20535775942883153,-1.418613520631514,True
APOC4-APOC2,DIG,-1.1106725058592912,0.49398884067366594,-1.6023617162549175,-1.1083728755812516,-1.2690917996924238,-1.6252745569867946,True
RUFY2,DIG,-0.6797533293498516,0.4506614090095652,-0.9806767572807931,-0.5300153482712279,-0.6772695111590045,-1.0035895980126708,True
SYT14,DCG,0.8426623394798457,-0.7369655941662062,1.2157047783114656,0.4787391841452594,0.31832281966344855,1.1927919375795901,True
NUBPL,DIG,-1.292149586249149,0.4240262825060986,-1.864177800168373,-1.4401515176622746,-1.6022350180273301,-1.8870906409002501,True
SCAPER,NEUTRAL,-0.01282972952243564,0.13750352374993502,-0.018509387157964626,0.11899413659197039,-0.041422227889839465,-0.041422227889840124,False
WDCP,DIG,1.3967572582339496,0.45943161863729726,2.0150947697797843,2.4745263884170816,2.302103256250173,1.9921819290479066,True
LEO1,NEUTRAL,0.02449001836363955,0.13750352374993502,0.035331628044502426,0.17283515179443745,0.012418787312626441,0.01241878731262676,False
TNRC6A,DCG,-0.8750085504378593,1.1805722456418208,-1.26237049645214,-0.08179825081031922,-0.2380188057306416,-1.2852833371840178,True
FAM78B-AS1,DCG,0.830911161660171,-0.7369655941662062,1.1987514123464165,0.46178581818021025,0.30136945369839946,1.1758385716145388,True
ZBTB49,NEUTRAL,0.0379756181423462,0.13750352374993502,0.05478723596865581,0.19229075971859083,0.03187439523677954,0.03187439523677985,False
FGL1,NEUTRAL,0.019197668903546978,0.13750352374993502,0.02769638172377549,0.1651999054737105,0.004783540991900855,0.004783540991900536,False
SNURF,NEUTRAL,-0.10882387679082418,0.13750352374993502,-0.15699966737643362,-0.019496143626498597,-0.17991250810830892,-0.17991250810830892,False
SNORD107,NEUTRAL,0.06723285133204265,0.13750352374993502,0.09699650120156288,0.2345000249514979,0.07408366046968781,0.0740836604696875,False
ZNF33B,DIG,-0.6564413229048642,0.3410369178350672,-0.9470446411894383,-0.6060077233543711,-0.7675558709771102,-0.9699574819213157,True
SNW1,NEUTRAL,-0.02063713218387061,0.13750352374993502,-0.029773088259840153,0.10773043549009487,-0.05268592899171497,-0.0526859289917148,False
ZFPM2,DCG,-0.9288809588992964,1.222392421336448,-1.3400919529802,-0.11769953164375191,-0.2783672446367057,-1.3630047937120768,True
ZNF860,NEUTRAL,0.024071624078185572,0.13750352374993502,0.03472801268374169,0.17223153643367672,0.011815171951866044,0.011815171951866361,False
FBXO39,NEUTRAL,-0.06249002367730406,0.13750352374993502,-0.09015404726428047,0.047349476485654546,-0.11306688799615636,-0.11306688799615618,False
TET3,DIG,-1.3544273161097657,0.560714954474479,-1.9540255721961075,-1.3933106177216286,-1.55671558984055,-1.9769384129279841,True
ZNF586,DSG,-0.05329784129175566,1.0817940911636472,-0.07689253132170291,1.0049015598419444,0.8402946604935476,-0.09980537205357862,False
CDKN2C,NEUTRAL,-0.06919336913015328,0.13750352374993502,-0.09982493050647163,0.037678593243463385,-0.1227377712383467,-0.12273777123834635,False
WDR83,DIG,1.0033164093620506,0.4768136968655339,1.4474796082291514,1.9242933050946853,1.7532919173861086,1.424566767497274,True
CSRNP1,NEUTRAL,0.04589289490903693,0.13750352374993502,0.06620945189730594,0.20371297564724095,0.04329661116543157,0.04329661116543126,False
KCNA4,DIG,-0.7192239762803102,0.45943161863729726,-1.037620863868045,-0.5781892452307478,-0.7401691309854461,-1.0605337045999192,True
NFIL3,NEUTRAL,0.006262635368389596,0.13750352374993502,0.009035072988871497,0.1465385967388065,-0.013877767743003236,-0.013877767743002912,False
GPR141,DSG,-0.011429521128810544,1.2479275134435854,-0.016489313452270598,1.2314381999913149,1.0690105191606705,-0.03940215418414749,False
NUP88,NEUTRAL,0.03860898597835891,0.13750352374993502,0.05570099260472993,0.19320451635466496,0.0327881518728538,0.0327881518728538,False
MIR6717,DIG,-0.5822596136823288,0.32192809488736235,-0.8400230571694194,-0.518094962282057,-0.6816880753959337,-0.8629358979012953,True
HLX-AS1,DCG,-0.9861146989758375,1.450661409009565,-1.4226627859601537,0.027998623049411364,-0.12843825633175307,-1.4455756266920308,True
NR1I3,DCG,-0.7619887285843043,1.2428565238961637,-1.0993173599418622,0.14353916395430155,-0.019098603881561087,-1.1222302006737386,True
ADCY1,DSG,0.05028033408380623,-0.7369655941662062,0.07253918863694757,-0.6644264055292587,-0.824842770011069,0.049626347905071845,False
MIR6890,NEUTRAL,0.009966061477002243,0.13750352374993502,0.014377987470065676,0.1518815112200007,-0.008534853261809553,-0.008534853261808908,False
S100P,NEUTRAL,0.0485892057530424,0.13750352374993502,0.07009940618064776,0.20760292993058277,0.047186565448772866,0.047186565448772866,False
B3GALNT1,DSG,-0.029794400837167844,1.3171110785895865,-0.04298423433404003,1.2741268442555465,1.1131997347126343,-0.06589707506591794,False
CPA6,DCG,-0.8526716435186973,1.3122779248536431,-1.2301451516110666,0.0821327732425765,-0.07688481428301898,-1.2530579923429424,True
FDXACB1,NEUTRAL,0.018191414061201866,0.13750352374993502,0.026244662852853692,0.16374818660278873,0.003331822120976914,0.003331822120976914,False
MROH2B,DSG,-0.013044409318666465,1.4418375586225591,-0.01881910463536589,1.4230184539871933,1.25683087020293,-0.04173194536724135,False
ASRGL1,DIG,-1.303208299831724,0.4768136968655339,-1.8801321514125657,-1.4033184545470319,-1.5560335305098796,-1.9030449921444417,True
TRIM9,DIG,-0.9935394941414287,0.37851162325372983,-1.4333745011251686,-1.0548628778714388,-1.2102244946480027,-1.4562873418570443,True
MOCS1P1,NEUTRAL,0.015119705490777992,0.13750352374993502,0.02181312413124704,0.15931664788118205,-0.0010997166006286522,-0.0010997166006286522,False
KAZALD1,NEUTRAL,0.00944049783820245,0.13750352374993502,0.013619759414697653,0.15112328316463267,-0.009293081317177846,-0.009293081317178169,False
CYP2J2,DIG,-0.7156035895568565,0.35989594508638295,-1.0323977498960182,-0.6725018048096352,-0.8295782745552917,-1.0553105906278943,True
LINC02607,NEUTRAL,0.009166144736207388,0.13750352374993502,0.013223951554996874,0.15072747530493188,-0.009688889176878579,-0.009688889176879061,False
CCL28,DSG,0.03453097827287063,1.3645724322958561,0.04981767111131501,1.414390103407171,1.2565990432237775,0.026904830379438704,False
CASP4,NEUTRAL,-0.0337219397990917,0.13750352374993502,-0.04865047531730577,0.08885304843262926,-0.07156331604918174,-0.07156331604918174,False
CCDC15,NEUTRAL,0.045472278887849035,0.13750352374993502,0.06560263124941972,0.20310615499935475,0.042689790517545144,0.04268979051754545,False
SUMO2P20,DCG,-0.9215923094924474,1.1699250014423124,-1.3295766546261607,-0.15965165318384833,-0.3180086022544154,-1.3524894953580326,True
FCMR,DCG,-0.9853378191198622,1.0874628412503395,-1.4215419852445716,-0.3340791439942321,-0.4963756623565101,-1.4444548259764491,True
ZBTB16,NEUTRAL,0.015445113086963638,0.13750352374993502,0.02228258805653167,0.15978611180646668,-0.0006302526753439293,-0.0006302526753437691,False
ZNF780B,DSG,0.06468048257700922,1.1210154009613662,0.09331421145615619,1.2143296124175225,1.0487838865000865,0.07040137072427845,False
ANKRD10-IT1,DIG,1.574467905041652,0.37851162325372983,2.2714770386424266,2.6499886618961566,2.4962494059764837,2.2485641979105515,True
BTNL8,DIG,-1.4062160526080416,0.49398884067366594,-2.0287409255160753,-1.5347520848424094,-1.689885374423627,-2.0516537662479486,True
SAMD12,DCG,0.769890916904429,-0.7369655941662062,1.1107178078434767,0.3737522136772705,0.21333584919546034,1.087804967111601,True
PLA2G1B,DIG,1.483811891099228,0.4681488357384065,2.140688056900931,2.6088368926393377,2.451580059840917,2.117775216169053,True
PTPRK-AS1,DIG,-1.0461652083851705,0.4854268271702419,-1.5092973580878544,-1.0238705309176126,-1.182349149186883,-1.5322101988197316,True
RPAP1,NEUTRAL,0.009891105471777238,0.13750352374993502,0.014269848813042713,0.15177337256297774,-0.008642991918833592,-0.00864299191883343,False
LRRC4,DIG,0.7579591393172673,0.45943161863729726,1.0935038914894886,1.5529355101267859,1.4030076136288745,1.0705910507576106,True
ZSCAN26,DSG,-0.02534455383970565,1.1963972128035036,-0.03656446213808668,1.159832750665417,1.0048426274258435,-0.059477302869962376,False
GSTO2,NEUTRAL,0.04981393518884968,0.13750352374993502,0.07186631726411767,0.2093698410140527,0.04895347653224189,0.04895347653224158,False
CIPC,NEUTRAL,0.011353510469982687,0.13750352374993502,0.016379653251724947,0.15388317700165996,-0.006533187480150928,-0.006533187480150928,False
PCDHA13,DIG,-1.179579302631441,0.3968901525685844,-1.7017732102416416,-1.3048830576730572,-1.4636659085886683,-1.7246860509735176,True
FAM171B,DIG,-1.2923486381294407,0.415037499278844,-1.8644649713289496,-1.4494274720501057,-1.6233032516539294,-1.887377812060827,True
LINC00602,NEUTRAL,0.0033614866834028928,0.13750352374993502,0.004849600168159642,0.14235312391809465,-0.01806324056371591,-0.01806324056371591,False
MYOM2,NEUTRAL,-0.013584537181586311,0.13750352374993502,-0.019598344424646308,0.11790517932528871,-0.04251118515652127,-0.04251118515652176,False
CUTALP,NEUTRAL,-0.004255278762994439,0.13750352374993502,-0.0061390695689722,0.13136445418096282,-0.02905191030084691,-0.029051910300846747,False
ZNF507,DSG,-0.03774684892193985,1.3968901525685844,-0.05445719174886754,1.3424329608197167,1.1822162689684206,-0.07737003248074281,False
TIGD1,NEUTRAL,-0.005225157038481131,0.13750352374993502,-0.00753830814728279,0.12996521560265223,-0.03045114887915784,-0.030451148879158493,False
CSF2RB,NEUTRAL,0.016316307413159335,0.13750352374993502,0.023539455790584807,0.16104297954051983,0.0006266150587093752,0.0006266150587096955,False
TCOF1,DIG,-1.6750982122558704,0.3968901525685844,-2.4166558838235126,-2.019765731254928,-2.186335250447628,-2.4395687245553885,True
THAP10,NEUTRAL,0.06797231738689075,0.13750352374993502,0.09806332521179795,0.23556684896173297,0.07515048447992244,0.07515048447992274,False
MYO1G,DSG,-0.09196653357878523,1.0761029790857917,-0.13267966192186179,0.9434233171639299,0.7848435108563703,-0.15559250265373914,False
CYP3A43,DSG,-0.08151288228972667,1.0646529583422537,-0.11759823104795447,0.9470547272942993,0.7839360380204193,-0.14051107177982916,False
SLAMF6,DCG,-0.9490217263347355,1.4329594072761063,-1.3691489382790059,0.06381046899710041,-0.10223896088169822,-1.3920617790108811,True
ZFC3H1,DSG,0.03226146522238126,1.185866545311334,0.046543455888141204,1.2324100011994752,1.072878822230974,0.023630615156266157,False
CLEC12A,DSG,-0.022371431959380624,1.1210154009613662,-0.03227515394538329,1.0887402470159828,0.93394069484028,-0.05518799467725866,False
ZNRF1,NEUTRAL,-0.05944846196026434,0.13750352374993502,-0.08576600125854955,0.05173752249138547,-0.10867884199042412,-0.1086788419904243,False
LINC01615,NEUTRAL,-0.014514195959910558,0.13750352374993502,-0.02093955853385359,0.11656396521608142,-0.04385239926572814,-0.0438523992657283,False
NIT1,DCG,-0.9047722996528826,1.126532405928932,-1.305310509842917,-0.17877810391398508,-0.33411108373274656,-1.328223350574794,True
KCNMB1,DIG,-1.0515305935477135,0.4854268271702419,-1.5170379726543146,-1.0316111454840726,-1.1881681492446912,-1.5399508133861917,True
KLHL35,DIG,1.54577671194191,0.5109619192773794,2.2300843966402413,2.741046315917621,2.5927040821777894,2.207171555908364,True
UBR5,DCG,-1.0208779182490753,1.2779847472997656,-1.4728155100109894,-0.1948307627112238,-0.3543383196991905,-1.4957283507428665,True
FGF10,DSG,-0.07922888695334881,-0.7369655941662062,-0.11430312230274862,-0.8512687164689549,-1.0116850809507656,-0.13721596303462452,False
PPDPF,DCG,-0.8818251384340547,1.3831282513240999,-1.2722047541500345,0.11092349717406536,-0.05053714404570908,-1.2951175948819103,True
NAT9,DCG,-0.911279244358044,1.2275357246124077,-1.314698046700392,-0.08716232208798425,-0.25047653419518884,-1.3376108874322679,True
CLLU1-AS1,DIG,-0.6316703763471517,0.4240262825060986,-0.911307719432501,-0.4872814369264024,-0.6403517740748406,-0.9342205601643742,True
IMMP2L,DIG,-1.4999918851288063,0.5277376320282061,-2.1640308540490167,-1.6362932220208106,-1.7854844103118555,-2.1869436947808922,True
KCNK13,NEUTRAL,0.032968538987567825,0.13750352374993502,0.04756354770271855,0.18506707145265355,0.024650706970842946,0.024650706970842946,False
MARCKSL1P2,DIG,-1.5026584349190948,0.4240262825060986,-2.1678778722077494,-1.7438515897016509,-1.8955094632455352,-2.19079071293959,True
IVD,NEUTRAL,0.08142716963816811,0.13750352374993502,0.1174745738306095,0.2549780975805445,0.09456173309873366,0.09456173309873335,False
RPS6KA2-IT1,NEUTRAL,0.027650337670116678,0.13750352374993502,0.03989100503558263,0.17739452878551765,0.016978164303706363,0.016978164303706998,False
RPS6KA2,NEUTRAL,0.012675089602571549,0.13750352374993502,0.018286288912453236,0.15578981266238826,-0.004626551819421197,-0.004626551819421358,False
MRPS14,DCG,-1.00076540445242,1.4284997590854065,-1.4437992860967441,-0.015299527011337632,-0.17256233885083958,-1.4667121268286198,True
RNU6-1330P,NEUTRAL,0.023815225498994876,0.13750352374993502,0.034358107725052295,0.17186163147498731,0.011445266993176436,0.011445266993176436,False
ZNF225,DIG,-0.9083783816150257,0.4681488357384065,-1.31051298640674,-0.8423641506683335,-1.0101521227781747,-1.3334258271386152,True
LINC00926,NEUTRAL,0.010966365316360341,0.13750352374993502,0.015821120858489794,0.15332464460842482,-0.007091719873386459,-0.007091719873386299,False
MAEA,NEUTRAL,0.005803925184667762,0.13750352374993502,0.00837329408161074,0.14587681783154577,-0.014539546650266433,-0.014539546650266433,False
CNGA4,NEUTRAL,0.05928097212847511,0.13750352374993502,0.0855243645088279,0.2230278882587629,0.06261152377695194,0.06261152377695163,False
TSFM,DIG,1.660196435185427,0.4240262825060986,2.395157163943551,2.8191834464496495,2.6650219369866113,2.372244323211673,True
RNU6-1,NEUTRAL,-0.007465943206963101,0.13750352374993502,-0.01077107924024431,0.1267324445096907,-0.03368391997211952,-0.033683919972120016,False
RB1,NEUTRAL,-0.030453631291906584,0.13750352374993502,-0.043935302841894584,0.09356822090804043,-0.06684814357377107,-0.0668481435737714,False
PRPF39,NEUTRAL,-0.03370655739822661,0.13750352374993502,-0.048628283203860735,0.08887524054607429,-0.07154112393573586,-0.07154112393573518,False
TTLL9,DCG,-0.8396585223366109,1.1154772174199363,-1.2113711862151835,-0.09589396879524714,-0.25937721759692456,-1.2342840269470603,True
PADI4,NEUTRAL,-0.041124371857714975,0.13750352374993502,-0.05932992733879905,0.07817359641113597,-0.08224276807067574,-0.08224276807067454,False
ATP5IF1,NEUTRAL,0.06697102298853227,0.13750352374993502,0.09661876274881628,0.2341222864987513,0.07370592201694123,0.07370592201694093,False
ABCF1,DSG,0.08407512133320787,1.1210154009613662,0.12129476060955689,1.242310161570923,1.0849976336817169,0.09838191987768174,False
PALD1,DIG,0.6039015809557532,0.35989594508638295,0.87124581602987,1.231141761116253,1.0734124260522109,0.848332975297994,True
MAP3K5,DIG,-1.5499114100169624,0.4854268271702419,-2.2360495050486926,-1.7506226778784506,-1.9033532584609447,-2.25896234578057,True
NFE2L2,NEUTRAL,-0.00896886284875377,0.13750352374993502,-0.012939333954310326,0.1245641897956247,-0.03585217468618566,-0.03585217468618566,False
FGF12,DCG,-0.8996290861641657,1.3315141437165605,-1.2978904212485118,0.03362372246804868,-0.12912996548466776,-1.3208032619803893,True
NPAS3,DIG,-1.5453577341946976,0.45943161863729726,-2.2294799395220952,-1.770048320884798,-1.929143561755138,-2.2523927802539707,True
NPM1P40,DCG,-0.9441655306338599,1.4418375586225591,-1.3621429288237663,0.07969462979879283,-0.0779499236209464,-1.3850557695556274,True
LINC01970,DCG,-0.8667571578870908,1.1429579538420431,-1.2504662533387183,-0.10750829949667517,-0.27026415030348033,-1.2733790940705916,True
GSR,NEUTRAL,-0.021273382079013893,0.13750352374993502,-0.03069100282832949,0.10681252092160554,-0.05360384356020607,-0.0536038435602059,False
RPL18AP7,NEUTRAL,-0.06177771087242289,0.13750352374993502,-0.0891263971131167,0.04837712663681831,-0.11203923784499167,-0.11203923784499167,False
RNF31,NEUTRAL,0.00706927712937447,0.13750352374993502,0.010198811057218315,0.14770233480715333,-0.012714029674656204,-0.012714029674656688,False
JAM2,DIG,-1.5281037624232028,0.3968901525685844,-2.2045877200117214,-1.807697567443137,-1.9661138560767941,-2.2275005607435987,True
SNRNP200,DIG,-1.7243790346347008,0.4768136968655339,-2.487753081880381,-2.010939385014847,-2.179860578706624,-2.5106659226122585,True
EPM2A,DIG,-1.514326262656295,0.405992359675837,-2.184710989422155,-1.7787186297463178,-1.9264623776496657,-2.2076238301540316,True
CEP192,DIG,0.792530570983839,0.4768136968655339,1.143379924511283,1.6201936213768169,1.4576253183164485,1.120467083779407,True
SNTN,NEUTRAL,-0.056771980300262016,0.13750352374993502,-0.08190465444063394,0.05559886930930108,-0.10481749517250863,-0.10481749517250898,False
AHSA2P,DIG,0.8706524999642546,0.560714954474479,1.2560860440360087,1.8168009985104878,1.6595394942196202,1.2331732033041316,True
YBX1P1,NEUTRAL,-0.045107104876226725,0.13750352374993502,-0.06507579651379068,0.07242772723614434,-0.08798863724566598,-0.08798863724566615,False
BTF3,NEUTRAL,-0.017654808110136668,0.13750352374993502,-0.025470504108340425,0.1120330196415946,-0.04838334484021723,-0.048383344840217064,False
SGPP1,NEUTRAL,-0.003726675742446526,0.13750352374993502,-0.005376456612628799,0.1321270671373062,-0.02828929734450535,-0.02828929734450486,False
TUBA1C,DIG,1.3595152254428302,0.3968901525685844,1.9613658737594122,2.3582560263279966,2.192311540670826,1.9384530330275376,True
TCEA1P2,NEUTRAL,-0.03761453309178726,0.13750352374993502,-0.05426630035687529,0.08323722339305972,-0.0771791410887507,-0.07717914108875121,False
PPFIA2-AS1,DIG,-1.6882919182152314,0.405992359675837,-2.43569037798203,-2.029698018306193,-2.187188587194543,-2.4586032187138946,True
RNF214,NEUTRAL,0.014137875440554058,0.13750352374993502,0.02039664278679321,0.15790016653672823,-0.002516197945082853,-0.002516197945083174,False
CUL9,DSG,-0.09039293477377612,1.2529807411698708,-0.13040943872952634,1.1225713024403445,0.9645230474941326,-0.15332227946140287,False
KLHL5,NEUTRAL,0.038275714035949406,0.13750352374993502,0.055220182826148295,0.19272370657608331,0.032307342094272495,0.03230734209427218,False
LGMNP1,NEUTRAL,-0.029399871146306683,0.13750352374993502,-0.04241504830555118,0.09508847544438384,-0.06532788903742766,-0.06532788903742698,False
DDX25,NEUTRAL,0.04835872847458422,0.13750352374993502,0.06976689775397857,0.2072704215039136,0.046854057022103095,0.04685405702210279,False
PLAC4,DIG,0.7015298896363007,0.560714954474479,1.0120936928136728,1.5728086472881517,1.4215741436390514,0.9891808520817968,True
MASP2,NEUTRAL,0.01200322416530311,0.13750352374993502,0.017316991977961365,0.15482051572789637,-0.0055958487539139005,-0.005595848753914222,False
RN7SL574P,NEUTRAL,0.058749223698167694,0.13750352374993502,0.0847572136854229,0.2222607374353579,0.06184437295354615,0.06184437295354615,False
PAN2,DIG,1.5505856032746554,0.5193741590935794,2.2370221603181673,2.7563963194117465,2.5864032386812794,2.2141093195862895,True
HNRNPA2B1,DSG,-0.11125846499195209,1.3785116232537298,-0.16051203570080763,1.2179995875529221,1.0592214400039377,-0.18342487643268368,False
SGTA,NEUTRAL,-0.0069559342786853495,0.13750352374993502,-0.010035291888608903,0.1274682318613261,-0.0329481326204855,-0.0329481326204855,False
CARMIL3,NEUTRAL,-0.006146850030634936,0.13750352374993502,-0.008868030056285196,0.12863549369364982,-0.03178087078816146,-0.031780870788161296,False
YIF1B,DSG,0.06232851344237921,-0.7369655941662062,0.08992103724930159,-0.6470445569169047,-0.8074609213987164,0.06700819651742514,False
KRT8P22,NEUTRAL,-0.007721994543479979,0.13750352374993502,-0.011140483233650201,0.12636304051628483,-0.034053323965525135,-0.03405332396552546,False
TLCD4-RWDD3,NEUTRAL,-0.007869199647106508,0.13750352374993502,-0.01135285530664574,0.1261506684432893,-0.03426569603852273,-0.034265696038522406,False
TARS1,DCG,2.0794415416798357,-3.321928094887362,3.0,-0.3219280948873622,-0.48234445936917253,2.9770871592681245,True
SLC4A1AP,DIG,1.463282538095819,0.45943161863729726,2.1110704611302538,2.570502079767551,2.4105173445791888,2.0881576203983783,True
PINK1,NEUTRAL,-0.0015469330277360944,0.13750352374993502,-0.002231752607702213,0.1352717711422328,-0.025144593339577588,-0.025144593339577914,False
EP300,NEUTRAL,-0.02150665564412979,0.13750352374993502,-0.031027545443892687,0.10647597830604233,-0.053940386175768476,-0.05394038617576781,False
ZNF337,DCG,-0.7913571053421606,1.1805722456418208,-1.1416869714493803,0.03888527419244059,-0.11622358716462768,-1.164599812181258,True
CCNF,DCG,-0.9108855634084102,1.1375035237499351,-1.3141300851466629,-0.17662656139672772,-0.3322966333056146,-1.3370429258785395,True
DPPA4,DIG,1.372223080627707,0.49398884067366594,1.9796994334149691,2.473688274088635,2.3159272876668195,1.9567865926830905,True
HEXIM2,NEUTRAL,0.005567835175573944,0.13750352374993502,0.008032688196287661,0.14553621194622268,-0.014880152535587728,-0.014880152535587889,False
TEX26,NEUTRAL,0.009567340418002288,0.13750352374993502,0.013802754575548443,0.15130627832548346,-0.009110086156327671,-0.00911008615632751,False
EGILA,DIG,0.7422906884246009,0.4506614090095652,1.0708990950882264,1.5215605040977915,1.361416586218902,1.0479862543563505,True
ANKRD44-AS1,DIG,0.8030153075184274,0.53605290024021,1.1585062019147612,1.694559102154971,1.5307934361645639,1.1355933611828837,True
HECW1,DSG,0.0823852981038105,1.1963972128035036,0.11885686101652633,1.31525407382003,1.1536834783544645,0.09594402028465017,False
OSR1,DIG,0.9846099719978025,0.5109619192773794,1.420491923811051,1.9314538430884305,1.7671903525341266,1.3975790830791737,True
WDR87,DSG,-0.032003814402757014,1.185866545311334,-0.04617174432838833,1.1396948009829457,0.9830278029317923,-0.06908458506026337,False
ERVK3-1,DIG,-1.0207870975839217,0.5688428353578793,-1.4726844834877624,-0.9038416481298831,-1.0566618006768869,-1.4955973242196392,True
URB1,DIG,-1.6335928276960872,0.53605290024021,-2.3567762713489238,-1.8207233711087136,-1.9805839568021553,-2.379689112080802,True
KLHDC3,DSG,0.033790931859516336,1.4418375586225591,0.0487500098207411,1.4905875684433003,1.3314668293608394,0.025837169088863663,False
PSMC1P9,DIG,-0.8696184016845436,0.4240262825060986,-1.2545941555760778,-0.8305678730699793,-0.983958358242608,-1.2775069963079553,True
ADH1C,NEUTRAL,-0.08352575549814344,0.13750352374993502,-0.1205021932436756,0.01700133050625942,-0.143415033975552,-0.14341503397555164,False
WDR54,DIG,-0.8668856815501683,0.560714954474479,-1.250651673790077,-0.689936719315598,-0.8458211701882785,-1.2735645145219556,True
RPS6KL1,NEUTRAL,0.007743847023950744,0.13750352374993502,0.011172009698856497,0.14867553344879153,-0.01174083103301876,-0.011740831033018921,False
RGP1,DIG,-1.1749534976437097,0.4506614090095652,-1.6950995843257224,-1.2444381753161573,-1.4072213346963207,-1.7180124250575994,True
TLN1,DIG,-1.0324357366283283,0.4329594072761063,-1.4894899172702334,-1.0565305099941271,-1.2169592820697348,-1.5124027580021093,True
TAF12,NEUTRAL,0.028866167013251953,0.13750352374993502,0.041645075999491174,0.1791485997494262,0.01873223526761552,0.018732235267615836,False
CDH5,NEUTRAL,0.05322858201477829,0.13750352374993502,0.07679261130627212,0.21429613505620715,0.053879770574397,0.05387977057439669,False
LIPC,NEUTRAL,-0.022126074502827227,0.13750352374993502,-0.03192117795956858,0.10558234579036643,-0.05483401869144412,-0.05483401869144412,False
NUMB,NEUTRAL,0.08439676426708284,0.13750352374993502,0.12175879327519529,0.2592623170251303,0.09884595254332006,0.09884595254332036,False
ZFP1,NEUTRAL,-0.027992864224102486,0.13750352374993502,-0.04038516639639074,0.09711835735354428,-0.06329800712826746,-0.06329800712826729,False
BAG2,DIG,0.6700590781109438,0.5277376320282061,0.9666909090932891,1.4944285411214953,1.3450215700496093,0.9437780683614116,True
ALKBH1,NEUTRAL,0.02400890564973983,0.13750352374993502,0.03463752911805067,0.1721410528679857,0.011724688386175222,0.01172468838617554,False
SCAMP1-AS1,NEUTRAL,-0.024120426420773455,0.13750352374993502,-0.03479841958137699,0.10270510416855802,-0.05771126031325372,-0.05771126031325372,False
CD69,DSG,0.02473035531939173,1.185866545311334,0.03567836097870845,1.2215449062900423,1.0603928266843041,0.012765520246832108,False
RPL35P1,DCG,-0.9295005820054623,1.355204249761661,-1.3409858801626857,0.014218369598975267,-0.1443677094291504,-1.3638987208945608,True
TAF1D,NEUTRAL,-0.029005373965773233,0.13750352374993502,-0.04184590917955089,0.09565761457038413,-0.06475874991142705,-0.06475874991142722,False
RPL10P6,NEUTRAL,0.04321446127794769,0.13750352374993502,0.062345288980383266,0.1998488127303183,0.03943244824850806,0.039432448248508375,False
MTDHP1,DSG,0.05623318612254271,1.446256229889564,0.08112733875237844,1.5273835686419426,1.3633683385299602,0.05821449802050359,False
OGDHL,DIG,-1.2467951098476275,0.37851162325372983,-1.7987451219817827,-1.420233498728053,-1.5659669251987562,-1.8216579627136589,True
WFDC3,DCG,-0.9636247418754438,1.232660756790275,-1.3902166363816102,-0.1575558795913352,-0.3206074427462686,-1.4131294771134861,True
ITPK1,NEUTRAL,0.07027096137678791,0.13750352374993502,0.1013795674967918,0.23888309124672683,0.07846672676491705,0.07846672676491766,False
SLC25A5P2,DIG,0.7538479147182953,0.4506614090095652,1.0875726481485708,1.538234057158136,1.3865707373253284,1.0646598074166929,True
DCP2,NEUTRAL,-0.029200486928947986,0.13750352374993502,-0.04212739768393626,0.09537612606599877,-0.0650402384158119,-0.0650402384158119,False
CCDC91,DSG,-0.06333278410330619,-0.7369655941662062,-0.0913698935515312,-0.8283354877177375,-0.9887518521995482,-0.11428273428340693,False
IRF6,DCG,-1.0569603120859408,1.4811266897366167,-1.5248714006628379,-0.04374471092622123,-0.20926270348004145,-1.547784241394715,True
RPL13P5,DSG,0.08405541269249704,1.1538053360790355,0.12126632705134072,1.2750716631303762,1.1176643559090498,0.09835348631946388,False
CYSTM1,DIG,-1.0084481239316683,0.3877301532831085,-1.4548831073899966,-1.067152954106888,-1.22180049855327,-1.4777959481218725,True
STOX1,DIG,0.8592448304896173,0.35989594508638295,1.239628255856849,1.599524200943232,1.4509706231894826,1.2167154151249724,True
CMPK2,DIG,-1.5839849361719136,0.4329594072761063,-2.285207212258041,-1.8522478049819349,-2.0206314337419102,-2.3081200529899184,True
RPS26P15,DIG,-1.007121293894463,0.415037499278844,-1.452968896275218,-1.0379313969963742,-1.2065476784943454,-1.4758817370070936,True
PFN4,DIG,-1.4237451468415556,0.35049724708413343,-2.0540300628380415,-1.703532815753908,-1.8569102803109143,-2.0769429035699174,True
OR5BT1P,DIG,1.387584579707036,0.5025003405291834,2.0018613919573376,2.504361732486521,2.342540378724216,1.9789485512254543,True
BTF3L4P3,DIG,-1.5241626646429027,0.5109619192773794,-2.198901917788424,-1.6879399985110446,-1.8430228411674159,-2.2218147585202948,True
PNLDC1,NEUTRAL,-0.06724158889343744,0.13750352374993502,-0.0970091068380566,0.040494416911878425,-0.1199219475699332,-0.11992194756993337,False
VPS35L,DCG,0.8063754549177854,-0.7369655941662062,1.163353869904471,0.42638827573826477,0.2659719112564547,1.1404410291725957,True
C3orf20,DIG,-1.6759719638488177,0.415037499278844,-2.4179164409136265,-2.0028789416347825,-2.1523710111737233,-2.4408292816454926,True
VSIG2,NEUTRAL,0.01605602126502258,0.13750352374993502,0.02316394225545582,0.16066746600539084,0.00025110152358056616,0.00025110152357992556,False
DUXAP4,DIG,-1.6873615747257187,0.415037499278844,-2.4343481760433865,-2.0193106767645426,-2.176737836735942,-2.4572610167752265,True
PIGB,NEUTRAL,0.00528579688600666,0.13750352374993502,0.007625792954588134,0.14512931670452314,-0.015287047777287588,-0.015287047777287103,False
TMEM182,NEUTRAL,-0.03941623216956321,0.13750352374993502,-0.056865602681556875,0.08063792106837814,-0.07977844341343153,-0.07977844341343204,False
PTCHD4,DSG,0.04208228906712179,1.0531113364595626,0.06071190974639245,1.113823246205955,0.9537202677485294,0.037799069014515435,False
TMEM186,DCG,-0.8897293728667994,1.410522018156351,-1.283608153968179,0.12691386418817197,-0.030281206822658703,-1.3065209947000558,True
ADAMTSL1,DIG,-1.4357714865258409,0.4240262825060986,-2.071380403460606,-1.6473541209545073,-1.802650597631562,-2.0942932441924826,True
RSL1D1,DCG,-0.77825004835637,1.1538053360790355,-1.122777485335331,0.03102785074370451,-0.1321571647192405,-1.1456903260672067,True
FAHD2CP,DIG,0.7541260141164579,0.5025003405291834,1.0879738607711742,1.5904742013003577,1.4152278216109477,1.0650610200392985,True
MROH3P,DCG,-0.9581987657303667,1.4284997590854065,-1.3823886075051257,0.046111151580280785,-0.10694504743642869,-1.4053014482369937,True
KCNC3,DIG,1.6758309238788838,0.44183755862255913,2.4177129632484355,2.859550521870995,2.6999024530268865,2.394800122516559,True
MIR4707,DIG,-1.6560512500887525,0.4240262825060986,-2.389176925961012,-1.9651506434549133,-2.1318496871204493,-2.412089766692888,True
COL20A1,DCG,-1.0925575948213684,1.4594316186372973,-1.5762274239343617,-0.11679580529706435,-0.2840633830344624,-1.5991402646662323,True
DNMT3B,DCG,-0.810606470177555,1.0931094043914815,-1.1694579346376661,-0.0763485302461846,-0.24030354009803281,-1.1923707753695436,True
ACTC1,NEUTRAL,0.029746766077278216,0.13750352374993502,0.042915511902173326,0.18041903565210834,0.02000267117029669,0.020002671170297005,False
CLPB,DIG,1.0031687750922345,0.4681488357384065,1.4472666170002226,1.9154154527386291,1.762424496704582,1.424353776268346,True
NUP85,DCG,-0.9558452568291104,1.3457748368417302,-1.3789932118845951,-0.033218375042864956,-0.18614024869317788,-1.4019060526164722,True
C15orf39,NEUTRAL,0.04278632147359646,0.13750352374993502,0.06172761380783859,0.1992311375577736,0.038814773075962115,0.0388147730759618,False
EMC2,DCG,-0.9004079818496421,1.132028393683784,-1.2990141301913185,-0.16698573650753445,-0.3181858005692575,-1.3219269709231956,True
PRR4,DSG,-0.016189750226593667,1.1043366598147357,-0.023356872365137657,1.080979787449598,0.9253995220576787,-0.04626971309701531,False
GET4,DSG,-0.036173958855184964,-0.7369655941662062,-0.05218799104969675,-0.789153585215903,-0.9495699496977154,-0.07510083178157381,False
ZNF319,NEUTRAL,0.022084584300824186,0.13750352374993502,0.03186132025089331,0.16936484400082832,0.008948479519017422,0.00894847951901774,False
ABCA12,NEUTRAL,-0.024463475806461715,0.13750352374993502,-0.03529333522888945,0.10221018852104558,-0.058206175960764626,-0.058206175960765126,False
JUND,DIG,-1.1376232470313559,0.45943161863729726,-1.6412434168921375,-1.1818117982548402,-1.3504909202942228,-1.6641562576240128,True
FABP5P1,NEUTRAL,0.026728995957863898,0.13750352374993502,0.0385617899163514,0.17606531366628642,0.01564894918447659,0.01564894918447564,False
SNORD45B,NEUTRAL,0.04025150387192412,0.13750352374993502,0.05807064502434783,0.19557416877428285,0.03515780429247266,0.03515780429247266,False
SERPINB8,NEUTRAL,0.030128019308056038,0.13750352374993502,0.043465544047539384,0.1809690677974744,0.020552703315664934,0.02055270331566525,False
GKAP1,NEUTRAL,-0.03291186131790982,0.13750352374993502,-0.0474817791097738,0.09002174464016122,-0.07039461984164967,-0.07039461984164917,False
CIR1P2,NEUTRAL,-0.037239139384472694,0.13750352374993502,-0.05372472171695164,0.08377880203298338,-0.07663756244882658,-0.07663756244882658,False
C2CD5,DSG,0.003614048248662262,-0.7369655941662062,0.005213969485878489,-0.7317516246803277,-0.8921679891621382,-0.0176988712459973,False
SNORA47,NEUTRAL,-0.023970445348238438,0.13750352374993502,-0.03458204263180352,0.1029214811181315,-0.05749488336367904,-0.057494883363678535,False
FKBP1B,DIG,-1.27058864635942,0.5109619192773794,-1.833071939112556,-1.3221100198351765,-1.4875945968798874,-1.855984779844432,True
RAP2A,DIG,1.4455604466710883,0.4681488357384065,2.085502887717614,2.5536517234560208,2.4087740023846944,2.0625900469857372,True
NFATC4,NEUTRAL,-0.010054381035334915,0.13750352374993502,-0.014505405658885723,0.1229981180910493,-0.037418246390761765,-0.0374182463907616,False
PMS1,NEUTRAL,0.07820246876379648,0.13750352374993502,0.11282231387080324,0.25032583762073823,0.08990947313892855,0.08990947313892825,False
PCDH9-AS1,NEUTRAL,-0.017673175641881287,0.13750352374993502,-0.025497002855301754,0.11200652089463327,-0.04840984358717702,-0.04840984358717669,False
DYSF,DIG,-0.8237653604357053,0.5277376320282061,-1.1884422003567015,-0.6607045683284953,-0.819214075653095,-1.2113550410885798,True
RNU6-1240P,DCG,-0.7809554253072697,1.2927817492278462,-1.1266805192461293,0.16610122998171684,0.006497629555331588,-1.149593359978002,True
ERBB4,NEUTRAL,-0.012834639923951863,0.13750352374993502,-0.018516471369880855,0.11898705238005416,-0.04142931210175617,-0.041429312101756335,False
CD79B,DCG,-0.8227953061829667,1.1538053360790355,-1.1870427078968824,-0.03323737181784692,-0.19214923786702012,-1.2099555486287579,True
TECRL,NEUTRAL,-0.044091820739132585,0.13750352374993502,-0.06361105112411174,0.07389247262582328,-0.08652389185598669,-0.08652389185598669,False
LINC02169,NEUTRAL,-0.011453057846626794,0.13750352374993502,-0.016523269758342906,0.12098025399159211,-0.03943611049021878,-0.03943611049021795,False
FLACC1,NEUTRAL,-0.004329098619789623,0.13750352374993502,-0.006245569110289746,0.13125795463964526,-0.02915840984216564,-0.029158409842165802,False
KCNH5,NEUTRAL,0.015407730985044034,0.13750352374993502,0.02222865708347425,0.15973218083340926,-0.0006841836484019912,-0.0006841836484019912,False
PYGM,DIG,0.7358241378002754,0.5025003405291834,1.0615698345708546,1.564070175100038,1.4170880350482287,1.0386569938389776,True
CSNK1A1P3,NEUTRAL,-0.024784636378875294,0.13750352374993502,-0.035756671994039584,0.10174685175589543,-0.058669512725915356,-0.05866951272591502,False
UNC13C,NEUTRAL,0.02088961626661103,0.13750352374993502,0.030137345793913157,0.1676408695438482,0.007224505062038493,0.007224505062037856,False
NME6,NEUTRAL,0.0055100585715960795,0.13750352374993502,0.007949334176249389,0.1454528579261844,-0.014963506555625618,-0.014963506555625618,False
TIMELESS,DIG,0.8608131391882765,0.53605290024021,1.2418908470389876,1.7779437472791977,1.6152484446720172,1.2189780063071116,True
ZNF418,DSG,-0.042101710618436386,1.126532405928932,-0.06073992912216039,1.0657924768067715,0.9051793939430035,-0.08365276985403586,False
RPL23AP58,NEUTRAL,0.0451390155395805,0.13750352374993502,0.06512183386956265,0.20262535761949768,0.04220899313768614,0.04220899313768614,False
MYLIP,DSG,-0.021346626830035065,1.4374053123072983,-0.030796672667398883,1.4066086396398993,1.2521384859688889,-0.05370951339927449,False
LINC02814,DCG,-0.8876584514371682,1.1210154009613662,-1.2806204458915793,-0.1596050449302131,-0.31595136652432115,-1.3035332866234504,True
LINC02541,DIG,1.6025546083226445,0.4681488357384065,2.3119975861808344,2.780146421919241,2.628234132260397,2.289084745448958,True
TLCD5,NEUTRAL,-0.03653568366582993,0.13750352374993502,-0.052709849640180745,0.08479367410975427,-0.07562269037205659,-0.07562269037205642,False
THAP9,NEUTRAL,-0.02166164383465423,0.13750352374993502,-0.031251146137758645,0.10625237761217637,-0.054163986869635354,-0.05416398686963519,False
AREL1,NEUTRAL,-0.013817940483409253,0.13750352374993502,-0.019935074210713374,0.11756844953922164,-0.04284791494258982,-0.042847914942589486,False
PCDHGB9P,DIG,-1.536778701771312,0.5025003405291834,-2.217103011989251,-1.7146026714600677,-1.866186679775385,-2.2400158527211205,True
ARHGEF19,NEUTRAL,0.003021736387974767,0.13750352374993502,0.004359444101804925,0.14186296785173994,-0.01855339663007041,-0.018553396630069923,False
RC3H1,DCG,0.8852240047001602,-0.7369655941662062,1.2771082816567896,0.5401426874905834,0.37972632300877046,1.254195440924912,True
LINC01833,DIG,1.6978839921079711,0.5443205162238104,2.449528815418926,2.9938493316427364,2.8354636556697774,2.42661597468705,True
MORC3,DIG,1.2405235662076193,0.5277376320282061,1.789697197073624,2.3174348291018303,2.160484729275301,1.766784356341747,True
PARP16,NEUTRAL,0.04184967380919333,0.13750352374993502,0.06037631686734395,0.19787984061727898,0.03746347613546733,0.0374634761354667,False
DAP,DCG,-0.8573504253417795,1.1043366598147357,-1.2368952069446288,-0.13255854712989312,-0.29854252253288893,-1.2598080476765057,True
RPL23AP12,DIG,-1.5024650859206528,0.4854268271702419,-2.167598928566536,-1.682172101396294,-1.8415320290003099,-2.190511769298408,True
OR5BK1P,DIG,-0.9803469050680331,0.45943161863729726,-1.4143416182924948,-0.9549099996551975,-1.116601958418737,-1.437254459024365,True
CKM,DIG,-0.9073845412184598,0.4506614090095652,-1.3090791777951791,-0.8584177687856139,-1.0254859135453596,-1.3319920185270568,True
SLC11A1,NEUTRAL,0.04141346285070197,0.13750352374993502,0.05974699748074705,0.19725052123068207,0.03683415674887162,0.03683415674887193,False
CLIP2,DSG,0.06929322150646922,1.446256229889564,0.0999689870346036,1.5462252169241677,1.3833060081962316,0.07705614630272613,False
LRRC45,DCG,-1.0608882049376434,1.3831282513240999,-1.5305381522011325,-0.14740990087703265,-0.3026672782315279,-1.5534509929330096,True
FKBP15,NEUTRAL,0.013198532446192542,0.13750352374993502,0.01904145730713406,0.15654498105706907,-0.0038713834247410387,-0.003871383424740718,False
HNRNPL,DSG,0.054582979232996945,1.1805722456418208,0.07874659345638997,1.2593188390982109,1.0933292086898383,0.05583375272451349,False
STK3,DCG,-0.8667831146797321,1.0931094043914815,-1.2505037010747393,-0.15739429668325777,-0.3110466916092881,-1.2734165418066163,True
SRD5A1,DSG,-0.023008720303437945,1.3785116232537298,-0.03319456667897113,1.3453170565747588,1.1860500489424801,-0.0561074074108468,False
TYW5,NEUTRAL,0.021990786148640754,0.13750352374993502,0.03172599812189372,0.16922952187182874,0.008813157390017487,0.008813157390017487,False
PDGFRA,DIG,-0.8682265695763386,0.415037499278844,-1.2525861662958202,-0.8375486670169763,-0.9912432054500627,-1.2754990070276961,True
RUNDC3B,DSG,0.07986839104296327,1.3171110785895865,0.1152257316814636,1.43233681027105,1.2681488287775824,0.09231289094958657,False
EDN3,DCG,-1.0527468188395281,1.359895945086383,-1.5187926148514193,-0.15889666976503625,-0.3191572296025762,-1.541705455583296,True
IRF2BPL,NEUTRAL,-0.009700855869378687,0.13750352374993502,-0.013995376655131226,0.12350814709480379,-0.03690821738700831,-0.03690821738700749,False
BMPR1AP2,NEUTRAL,0.007662417453204556,0.13750352374993502,0.011054531660959254,0.14855805541089429,-0.011858309070916577,-0.011858309070916416,False
APBB1,NEUTRAL,0.030555731632254664,0.13750352374993502,0.04408260249658784,0.18158612624652287,0.02116976176471252,0.02116976176471252,False
NTRK1,DCG,-0.9163431822407425,1.0817940911636472,-1.322003764771131,-0.2402096736074837,-0.4031416293549689,-1.3449166055030075,True
EEF1DP3,NEUTRAL,-0.000756643459882768,0.13750352374993502,-0.0010916057672939368,0.13641191798264107,-0.024004446499169527,-0.024004446499169527,False
RAB12,NEUTRAL,0.009826275795656278,0.13750352374993502,0.014176319360800566,0.1516798431107356,-0.008736521371074219,-0.008736521371073896,False
ZNF383,DSG,0.0358811129436043,1.1645717669481057,0.05176550370531472,1.2163372706534203,1.0561594144258784,0.02885266297343884,False
SHISA6,NEUTRAL,-0.04786129351209875,0.13750352374993502,-0.06904925080043599,0.06845427294949903,-0.09196209153231233,-0.09196209153231216,False
ANKRD33B,DCG,-0.8382606359469004,1.2172307162206693,-1.209354462453022,0.007876253767647334,-0.14640519715007277,-1.2322673031848983,True
DBF4B,NEUTRAL,0.03480758696263578,0.13750352374993502,0.05021673309630598,0.187720256846241,0.02730389236443009,0.02730389236443009,False
GNL3,NEUTRAL,-0.02659506673824699,0.13750352374993502,-0.03836857089537995,0.09913495285455506,-0.061281411627256435,-0.0612814116272556,False
PABPC1L,DCG,2.0794415416798357,-3.321928094887362,3.0,-0.3219280948873622,-0.48234445936917275,2.977087159268124,True
FGF18,DIG,1.4867628941328632,0.4329594072761063,2.1449454543432047,2.577904861619311,2.414496969635862,2.122032613611327,True
ZKSCAN2-DT,DCG,2.0794415416798357,-3.321928094887362,3.0,-0.3219280948873622,-0.482344459369173,2.9770871592681245,True
ZNF490,DIG,1.054494961257903,0.49398884067366594,1.5213146512491764,2.0153034919228423,1.8446949264678574,1.4984018105173007,True
NARF-AS1,DCG,-0.9738013237616981,1.450661409009565,-1.4048983406021098,0.045763068407455254,-0.115649193550724,-1.4278111813339793,True
RERG-IT1,DIG,-0.7595493111060931,0.35989594508638295,-1.0957980244433891,-0.7359020793570061,-0.8983393611150158,-1.1187108651752633,True
RNF111,NEUTRAL,-0.004904671528004083,0.13750352374993502,-0.007075945290640786,0.13042757845929423,-0.02998878602251683,-0.029988786022517158,False
CDR2L,DCG,-0.9539595363681018,1.4329594072761063,-1.3762726923269952,0.05668671494911104,-0.11125165873021028,-1.3991855330588707,True
ERC2,NEUTRAL,-0.045754881231976866,0.13750352374993502,-0.06601034024983653,0.07149318350009849,-0.08892318098171217,-0.08892318098171234,False
HSD17B12,DIG,0.6051176408858294,0.53605290024021,0.8730002196604147,1.4090531199006247,1.2522260627153208,0.8500873789285378,True
SETD4,DIG,1.0436517201021642,0.45943161863729726,1.505671161006629,1.9651027796439262,1.8149459677388773,1.482758320274751,True
GFI1,NEUTRAL,-0.02444018074227631,0.13750352374993502,-0.035259727555311975,0.10224379619462304,-0.05817256828718817,-0.058172568287188,False
PTCRA,DSG,0.057722901152911774,1.0646529583422537,0.08327654323902965,1.1479295015812834,0.995256183360844,0.060363702507154296,False
BRINP3,DCG,-0.9198772562772574,1.3692338096657193,-1.3271023558577453,0.042131453807974006,-0.12270221744659682,-1.3500151965896203,True
OTUD6B,DCG,-0.9578055955708314,1.2680350868921602,-1.3818213828657386,-0.11378629597357848,-0.27011294079798986,-1.4047342235976163,True
RNA5SP216,DIG,-0.9965680589918404,0.44183755862255913,-1.4377437966158682,-0.995906237993309,-1.145105956033682,-1.460656637347745,True
WNT8B,NEUTRAL,-0.007792373117679677,0.13750352374993502,-0.011242018053632941,0.12626150569630207,-0.03415485878550971,-0.034154858785509216,False
FBXL21P,NEUTRAL,0.0029340362840374087,0.13750352374993502,0.004232919596769052,0.14173644334670407,-0.0186799211351064,-0.01867992113510575,False
SNX10,DSG,-0.036415315795014905,1.282933963271499,-0.05253619550987354,1.2303977677616253,1.0695930820429969,-0.07544903624174985,False
H2BC8,DSG,0.1184979990522402,1.3122779248536431,0.17095647558793203,1.4832344004415752,1.3217953604141846,0.14804363485605526,False
PICART1,DSG,-0.08883022706652517,1.132028393683784,-0.12815492806991644,1.0038734656138677,0.8412337346022645,-0.15106776880179146,False
HRH3,DCG,-0.9461421311302941,1.3219280948873624,-1.3649945605577907,-0.04306646567042827,-0.19649981675621075,-1.3879074012896635,True
SNORD13E,NEUTRAL,0.032792646728750464,0.13750352374993502,0.047309788813191984,0.184813312563127,0.024396948081315845,0.024396948081315213,False
AKR1C5P,DCG,-1.022335780674035,1.3025627700204314,-1.474918760901777,-0.17235599088134568,-0.335846156477812,-1.497831601633642,True
CCL26,DSG,-0.1244250563045851,1.20685157044067,-0.17950741169295498,1.027344158747715,0.8629149323096474,-0.20242025242483114,False
CSP2,DIG,0.672204120570859,0.560714954474479,0.9697855512127052,1.530500505687184,1.3753301151776227,0.9468727104808283,True
NXT1-AS1,DCG,2.0794415416798357,-3.321928094887362,3.0,-0.3219280948873622,-0.48234445936916964,2.977087159268121,True
NTMT1,NEUTRAL,-0.0205204137351166,0.13750352374993502,-0.029604699132642492,0.10789882461729253,-0.05251753986451862,-0.05251753986451795,False
MFSD5,DIG,-1.1716315082309945,0.4854268271702419,-1.6903069666741124,-1.2048801395038704,-1.3706351853878487,-1.71321980740599,True
NUBP1,DCG,2.0794415416798357,-3.321928094887362,3.0,-0.3219280948873622,-0.48234445936917253,2.9770871592681245,True
KRT87P,DIG,0.8402280562227944,0.5277376320282061,1.2121928499283987,1.7399304819566048,1.571378188026578,1.1892800091965223,True
XPO7,NEUTRAL,-0.017823729353085568,0.13750352374993502,-0.0257142059478436,0.11178931780209142,-0.048627046679720204,-0.048627046679720703,False
DNAJC21,DCG,0.8995049452470549,-0.7369655941662062,1.2977113237630247,0.5607457295968185,0.40032936511500616,1.274798483031147,True
BTF3P7,DSG,-0.06440524998001608,1.3171110785895865,-0.0929171347533832,1.2241939438362033,1.066601840885941,-0.11582997548525935,False
TAPBP,DSG,0.036821466751858066,-0.7369655941662062,0.053122147481163486,-0.6838434466850427,-0.844259811166854,0.030209306749287665,False
LINC01644,NEUTRAL,-0.01787049419819991,0.13750352374993502,-0.025781673357978003,0.11172185039195702,-0.04869451408985385,-0.048694514089853515,False
SLC25A38,NEUTRAL,0.007256329514480826,0.13750352374993502,0.010468670605597707,0.14797219435553272,-0.012444170126276919,-0.012444170126276596,False
INTS10,NEUTRAL,-0.05327935779543473,0.13750352374993502,-0.07686586527322242,0.0606376584767126,-0.0997787060050976,-0.09977870600509725,False
SEMA7A,NEUTRAL,0.026552301490847332,0.13750352374993502,0.038306873685034076,0.1758103974349691,0.015394032953158516,0.015394032953157881,False
DOCK7,DIG,-1.2828605918516809,0.3692338096657191,-1.8507766140163007,-1.4815428043505816,-1.6400607132993874,-1.8736894547481784,True
PAX1,DSG,0.0668535342285521,1.4982508675278254,0.09644926229743268,1.594700129825258,1.437947885349337,0.07353642156555543,False
ZNF91,DIG,-0.5976235139068654,0.4768136968655339,-0.8621884798320711,-0.38537478296653727,-0.544089484844539,-0.8851013205639484,True
UFC1,DCG,-0.8482481084797923,1.297680548640685,-1.2237633395472398,0.07391720909344524,-0.08708795503573265,-1.246676180279116,True
TRIM38,DSG,-0.007194224469092387,1.20685157044067,-0.010379071964601623,1.1964724984760684,1.0322661128683213,-0.033291912696477736,False
POU4F1,NEUTRAL,0.000861593733470323,0.13750352374993502,0.0012430170065386424,0.13874654075647366,-0.021669823725337333,-0.02166982372533766,False
TH2LCRR,NEUTRAL,-0.054533316395995214,0.13750352374993502,-0.0786749451277311,0.05882857862220392,-0.1015877858596064,-0.10158778585960589,False
ATP13A3,DCG,-0.8232976930468822,1.0531113364595626,-1.187767498934061,-0.1346561624744984,-0.29663630523183687,-1.2106803396659376,True
ENO3,NEUTRAL,-0.03395018350508794,0.13750352374993502,-0.04897976138006066,0.08852376236987436,-0.07189260211193546,-0.0718926021119353,False
ENAH,DCG,-1.0441693922389512,1.4284997590854065,-1.5064180040311779,-0.07791824494577138,-0.2403329472524035,-1.5293308447630536,True
AMIGO3,NEUTRAL,-0.037887739057497004,0.13750352374993502,-0.054660453248746015,0.082843070501189,-0.07757329398062186,-0.07757329398062238,False
CACNG6,DSG,-0.1820076530881153,-3.321928094887362,-0.2625815385140628,-3.584509633401425,-3.744925997883233,-0.28549437924593896,True
NUP205,DSG,0.09358226071461247,1.132028393683784,0.13501066344814946,1.2670390571319334,1.111916707334615,0.11209782271627265,False
SDK1,DSG,0.06392149075287624,1.3785116232537298,0.0922192177154043,1.470730840969134,1.3138469684824392,0.06930637698352966,False
CCL18,DIG,0.9766621279006747,0.4240262825060986,1.409025608546366,1.8330518910524645,1.66978441582767,1.3861127678144884,True
MRTFA-AS1,NEUTRAL,0.0011264522085033793,0.13750352374993502,0.0016251270150062461,0.13912865076494127,-0.021287713716869335,-0.02128771371686901,False
ATP12A,NEUTRAL,-0.039603810676365515,0.13750352374993502,-0.05713622126309792,0.0803673024868371,-0.08004906199497366,-0.08004906199497401,False
STX6,DCG,2.0794415416798357,-3.321928094887362,3.0,-0.3219280948873622,-0.48234445936917275,2.977087159268124,True
CFAP99,NEUTRAL,-0.07988943662134863,0.13750352374993502,-0.11525609403303283,0.02224742971690219,-0.1381689347649083,-0.13816893476490866,False
SPAG1,DCG,2.0794415416798357,-3.321928094887362,3.0,-0.3219280948873622,-0.48234445936917275,2.9770871592681245,True
KCNH4,NEUTRAL,-0.06251262039549162,0.13750352374993502,-0.09018664743755003,0.04731687631238499,-0.11309948816942564,-0.11309948816942512,False
LINC01963,NEUTRAL,0.010728266151836963,0.13750352374993502,0.01547761637459211,0.15298114012452713,-0.007435224357283775,-0.007435224357284097,False
DMXL2,NEUTRAL,0.028556139508077262,0.13750352374993502,0.04119780085523647,0.1787013246051715,0.018284960123361515,0.018284960123361515,False
FNIP1,NEUTRAL,-0.06056717792973309,0.13750352374993502,-0.08737996723986541,0.05012355651006961,-0.11029280797174218,-0.11029280797174253,False
UBE2G2,DSG,-0.06972784587303424,1.4939888406736659,-0.10059601745289648,1.3933928232207693,1.2340352478100693,-0.12350885818477236,False
LUARIS,DSG,0.1650101108734808,1.3267290811511836,0.23805926865370877,1.5647883498048925,1.405071818988374,0.21514642792183214,False
SLC38A2,DIG,-1.4760912455168391,0.44183755862255913,-2.129549519806757,-1.687711961184198,-1.851829315446798,-2.152462360538634,True
DUOX2,NEUTRAL,-0.047785476557287494,0.13750352374993502,-0.06893987005571449,0.06856365369422053,-0.09185271078759027,-0.0918527107875896,False
RPL7P52,NEUTRAL,0.03427889649891401,0.13750352374993502,0.04945399398612929,0.1869575177360643,0.026541153254253286,0.026541153254253286,False
DPYSL4,NEUTRAL,-0.0008677970455238283,0.13750352374993502,-0.0012519664940753212,0.1362515572558597,-0.024164807225951254,-0.024164807225951743,False
ZMYND19,NEUTRAL,-0.009358587394346671,0.13750352374993502,-0.01350158762354991,0.1240019361263851,-0.03641442835542609,-0.036414428355426416,False
C5orf58,DIG,-0.7493971720866707,0.5277376320282061,-1.081151583825653,-0.5534139517974468,-0.7137407417556443,-1.1040644245575293,True
CYP4F3,DIG,0.696117247501822,0.5109619192773794,1.0042849008481538,1.5152468201255331,1.3508778995620367,0.9813720601162782,True
PM20D1,DCG,-0.8172029165894674,1.0987339535853597,-1.178974595163622,-0.08024064157826216,-0.24320805569177167,-1.2018874358954965,True
RPS15AP30,NEUTRAL,-0.026900602352915144,0.13750352374993502,-0.03880936561147666,0.09869415813845836,-0.06172220634335261,-0.061722206343352445,False
PRSS33,DCG,-1.0361707603821995,1.3645724322958561,-1.4948784175175456,-0.13030598522168946,-0.2940830407556482,-1.5177912582494224,True
ZSCAN16-AS1,DSG,0.09340550275515805,1.159198594849254,0.13475565561660693,1.293954250465861,1.131170337831462,0.11184281488472919,False
TPTE2P5,NEUTRAL,0.00377616383728086,0.13750352374993502,0.005447852841629335,0.14295137659156434,-0.017464987890244827,-0.017464987890245316,False
TFF1,DIG,1.252701638564098,0.49398884067366594,1.8072664416699031,2.3012552823435692,2.145656890321288,1.7843536009380254,True
MIR34AHG,NEUTRAL,0.006071045161784212,0.13750352374993502,0.008758666747919017,0.14626219049785405,-0.014154173983957052,-0.014154173983957052,False
GMPPB,NEUTRAL,-0.03927613415079999,0.13750352374993502,-0.0566634839646488,0.08084003978528623,-0.07957632469652474,-0.07957632469652458,False
CDC42SE1,DCG,-0.9006526476069756,1.1963972128035036,-1.299367108266099,-0.10296989546259527,-0.25681792878650267,-1.3222799489979744,True
UQCRQ,NEUTRAL,-0.007747906557074971,0.13750352374993502,-0.011177866367163143,0.12632565738277188,-0.034090707099038636,-0.03409070709903847,False
PACERR,DCG,-0.9936282940341177,1.4681488357384063,-1.4335026122899823,0.03464622344842394,-0.12514866836039343,-1.456415453021853,True
PTPRF,DIG,0.9339271741485083,0.3410369178350672,1.3473721026954963,1.6884090205305635,1.5284934313833527,1.3244592619636186,True
KCNH7,NEUTRAL,0.003343124372913555,0.13750352374993502,0.0048231089538774115,0.14232663270381243,-0.018089731777997945,-0.018089731777998108,False
XKR8,NEUTRAL,-0.07457031547432244,0.13750352374993502,-0.10758222433233051,0.029921299417604505,-0.13049506506420538,-0.13049506506420522,False
DCSTAMP,DCG,-0.9984352671108676,1.4329594072761063,-1.4404376085094963,-0.007478201233390047,-0.1637324057019775,-1.4633504492413723,True
AFAP1L2,NEUTRAL,0.0007938163704441478,0.13750352374993502,0.0011452349410162484,0.13864875869095128,-0.02176760579085823,-0.02176760579085823,False
IFT46,NEUTRAL,-0.006305227903797451,0.13750352374993502,-0.009096521028483297,0.12840700272145172,-0.03200936176036039,-0.03200936176036023,False
DYNLRB2,NEUTRAL,-0.04072717298028708,0.13750352374993502,-0.05875689048808716,0.07874663326184786,-0.08166973121996147,-0.08166973121996197,False
EVX1,DSG,0.13329154079983146,1.4374053123072983,0.19229904490436578,1.629704357211664,1.4708636655396807,0.1693862041724897,False
MYO9A,NEUTRAL,0.0494479988132201,0.13750352374993502,0.071338382669716,0.208841906419651,0.048425541937838976,0.048425541937838976,False
MMP20,NEUTRAL,0.009776240695493352,0.13750352374993502,0.014104133969925131,0.15160765771986015,-0.008808706761949144,-0.008808706761948823,False
IGKV3OR2-268,DIG,-0.8240513288220412,0.4240262825060986,-1.1888547655295194,-0.7648284830234209,-0.9282782286323656,-1.2117676062613942,True
FABP5P7,DIG,-0.5598048662392905,0.49398884067366594,-0.8076277043889339,-0.313638863715268,-0.47330357412285634,-0.8305405451208099,True
PIK3CG,DIG,-1.6547440850125168,0.5109619192773794,-2.3872910853879032,-1.8763291661105237,-2.022580243319837,-2.4102039261197805,True
MARK1,DCG,-1.03287742649446,1.3219280948873624,-1.4901271410497123,-0.16819904616234993,-0.33579663109646957,-1.5130399817815887,True
NCLN,NEUTRAL,-0.05131052566625054,0.13750352374993502,-0.07402544092410553,0.0634780828258295,-0.09693828165598165,-0.09693828165598165,False
SNHG8,NEUTRAL,0.003792176584805061,0.13750352374993502,0.005470954353073507,0.14297447810300853,-0.01744188637880336,-0.01744188637880287,False
NR3C1,DIG,-1.5443023848535342,0.405992359675837,-2.2279573922611933,-1.8219650325853562,-1.9875252728938477,-2.25087023299307,True
FSCN1,DSG,0.03531766261847644,1.3074285251922473,0.050952616715465485,1.3583811419077128,1.1945337226385981,0.028039775983588977,False
DNAAF4,NEUTRAL,0.02672396636294398,0.13750352374993502,0.038554533744702746,0.17605805749463777,0.015641693012826575,0.015641693012826894,False
GLIS2-AS1,DCG,-0.9114605322498383,1.3923174227787602,-1.3149595898428568,0.07735783293590348,-0.0832488041550295,-1.3378724305747292,True
CPXM1,DSG,0.0169231615632381,1.4594316186372973,0.024414961263446326,1.4838465799007436,1.3161759274153215,0.0015021205315687459,False
FAM111A,DIG,1.4729022694442802,0.49398884067366594,2.1249487998413628,2.618937640515029,2.4604065071586625,2.1020359591094855,True
SLF2,NEUTRAL,-0.012846664561019221,0.13750352374993502,-0.018533819254146423,0.1189697044957886,-0.04144665998602213,-0.04144665998602213,False
TRIM44,DIG,-1.005241598031502,0.5525410230287789,-1.4502570683753446,-0.8977160453465657,-1.0562657887483646,-1.4731699091072203,True
CHCHD3,DSG,0.07201060574823147,1.4240262825060985,0.10388934380438382,1.5279156263104823,1.3674488786930414,0.08097650307250596,False
CETN3,NEUTRAL,0.019689865776068075,0.13750352374993502,0.02840647171090273,0.16590999546083776,0.0054936309790261555,0.005493630979026794,False
LINC01788,NEUTRAL,-0.01022785646209777,0.13750352374993502,-0.014755677796792592,0.12274784595314242,-0.03766851852866864,-0.03766851852866881,False
FAM219B,NEUTRAL,0.04402810984933038,0.13750352374993502,0.06351913573934347,0.2010226594892785,0.04060629500746812,0.040606295007467805,False
FAM110A,DSG,-0.06551752642118532,-3.321928094887362,-0.09452181045915568,-3.416449905346518,-3.5768662698283293,-0.11743465119103193,False
POC1B-GALNT4,DIG,1.1121335492665558,0.5109619192773794,1.604469556333102,2.1154314756104813,1.9672567881686414,1.5815567156012247,True
PCED1B-AS1,DIG,1.516650390597747,0.4240262825060986,2.188063997277679,2.6120902797837777,2.4538316970284115,2.165151156545802,True
ST7-OT4,DIG,-0.7487001174457673,0.5769251816557379,-1.080145946551993,-0.503220764896255,-0.6552604931629751,-1.1030587872838677,True
CCDC57,DCG,-0.778152460487361,1.0874628412503395,-1.1226366958006608,-0.03517385455032129,-0.1969976384147673,-1.1455495365325365,True
STXBP5,DIG,1.1211166120220428,0.405992359675837,1.6174293764224372,2.0234217360982742,1.8738980535664884,1.5945165356905604,True
FCF1P7,DCG,-0.9005743430228571,1.3074285251922473,-1.2992541386309122,0.008174386561335067,-0.14968904386234266,-1.322166979362783,True
NAT8B,DIG,0.8289068281964179,0.4506614090095652,1.195859770397972,1.6465211794075372,1.486446266597273,1.1729469296660961,True
WDR86-AS1,DIG,1.5409217750498452,0.560714954474479,2.2230802032622305,2.7837951577367095,2.621715368280313,2.200167362530354,True
CD84,DCG,-0.9807469260367857,1.4240262825060985,-1.4149187265603658,0.00910755594573276,-0.15103779317741928,-1.4378315672922413,True
ZNF835,DSG,-0.09355343736578031,1.20685157044067,-0.1349690801457275,1.0718824902949424,0.9024644873992738,-0.157881920877605,False
DHX16,DSG,0.06703231655898838,1.4374053123072983,0.09670719067895167,1.53411250298625,1.380406476603731,0.07379434994707453,False
BLK,NEUTRAL,-0.008661343347329547,0.13750352374993502,-0.012495677094628952,0.12500784665530607,-0.035408517826503796,-0.03540851782650429,False
TP53TG1,DSG,-0.029458213400289947,1.1154772174199363,-0.042499218386047116,1.0729779990338892,0.9150260612921203,-0.06541205911792385,False
LYRM1,DCG,-0.9720924044328849,1.3504972470841334,-1.4024328911611517,-0.05193564407701823,-0.20673051506680085,-1.4253457318930285,True
ODC1,DIG,-1.0165697817307426,0.5109619192773794,-1.4666001828205184,-0.955638263543139,-1.1178334335557158,-1.4895130235523957,True
ATP9A,DCG,0.7865161414437483,-0.7369655941662062,1.134702936840018,0.3977373426738119,0.2373209781920004,1.1117900961081415,True
LINC00592,DIG,1.093985264136073,0.4854268271702419,1.5782871153747153,2.063713942544957,1.8967334395043591,1.5553742746428376,True
STRIP2,DIG,0.6156916363748483,0.5849625007211562,0.8882552705148046,1.4732177712359609,1.3054940313297476,0.865342429782927,True
COL15A1,NEUTRAL,0.005817121433667952,0.13750352374993502,0.008392332244601652,0.14589585599453667,-0.014520508487275291,-0.01452050848727513,False
NME2,DSG,-0.05110170620595051,1.1699250014423124,-0.07372417812428957,1.0962008233180227,0.9448160095168555,-0.09663701885616484,False
RPL19P5,NEUTRAL,-0.02192119497092031,0.13750352374993502,-0.03162559927490682,0.1058779244750282,-0.054538440006781756,-0.05453844000678242,False
SNORA11F,DIG,1.1873089481534127,0.35049724708413343,1.71292473150402,2.0634219785881536,1.9042455342791325,1.6900118907721424,True
METTL23,DCG,-1.0405105708402242,1.3504972470841334,-1.501139440543736,-0.1506421934596025,-0.3050131649203277,-1.5240522812756123,True
SRP72P2,DIG,1.0010744073056936,0.3968901525685844,1.4442450829807827,1.841135235549367,1.6949096313696683,1.4213322422489063,True
MINDY4B,DSG,0.06686547984341365,1.0588936890535687,0.09646649617675382,1.1553601852303226,0.9900497677833958,0.07355365544487899,False
ICA1,DSG,0.12504954190652362,1.4418375586225591,0.18040835397397822,1.6222459125965374,1.4591582351923023,0.1574955132421018,False
PPP1R26,NEUTRAL,0.04062686906669955,0.13750352374993502,0.05861218252937267,0.1961157062793077,0.03569934179749646,0.03569934179749646,False
FOXCUT,DIG,1.4099206420333399,0.5025003405291834,2.034085518308483,2.5365858588376664,2.3795968416772006,2.0111726775766066,True
PEX26,NEUTRAL,0.0008268795728290069,0.13750352374993502,0.0011929350591327926,0.1386964588090678,-0.02171990567274314,-0.02171990567274314,False
LINC01063,DCG,-1.0756933054071212,1.4724877714627438,-1.5518973972283108,-0.07940962576556698,-0.23935401343847962,-1.5748102379601825,True
FAM8A1,DSG,-0.015364754920611278,-0.7369655941662062,-0.02216665572844019,-0.7591322498946464,-0.919548614376458,-0.04507949646031618,False
ACKR3,NEUTRAL,0.0047962736022975705,0.13750352374993502,0.006919560140781349,0.14442308389071637,-0.01599328059109503,-0.015993280591094543,False
KIF18A,DIG,-1.5775164120239415,0.4854268271702419,-2.2758751045478913,-1.7904482773776493,-1.9409339245105333,-2.2987879452797673,True
ZNF496,DCG,0.7625102927904935,-0.7369655941662062,1.1000698180356365,0.3631042238694303,0.2026878593876185,1.0771569773037593,True
ESAM,NEUTRAL,0.029022864549162017,0.13750352374993502,0.041871142757468144,0.17937466650740316,0.018958302025592393,0.018958302025593024,False
TEDC2,DCG,-0.9169636398915406,1.3457748368417302,-1.322898895947019,0.022875940894711233,-0.13583634069108053,-1.3458117366788933,True
SRSF8,NEUTRAL,0.03606970058258812,0.13750352374993502,0.05203757815684963,0.18954110190678464,0.029124737424975088,0.02912473742497446,False
PPP3R2,NEUTRAL,0.035835170601974185,0.13750352374993502,0.05169922291687813,0.18920274666681314,0.02878638218500181,0.028786382185002127,False
MEFV,DCG,-1.0506095309536254,1.4550531781267229,-1.5157091602174753,-0.0606559820907524,-0.2193901871970533,-1.5386220009493512,True
ELOVL3,NEUTRAL,0.06880715643070225,0.13750352374993502,0.09926774336024528,0.23677126711018032,0.07635490262837001,0.07635490262837032,False
RPS27L,NEUTRAL,0.014603777608468092,0.13750352374993502,0.021068797533982202,0.1585723212839172,-0.001844043197894331,-0.0018440431978936896,False
LEF1,NEUTRAL,0.02194656218477541,0.13750352374993502,0.03166219642853674,0.16916572017847176,0.008749355696660242,0.00874935569666056,False
SEPTIN9,DCG,-0.8144223907431536,1.2529807411698708,-1.1749631443140813,0.07801759685578946,-0.08567058173581925,-1.197875985045958,True
ATP5MF-PTCD1,DSG,-0.015165600345664084,-3.321928094887362,-0.021879336410793523,-3.343807431298156,-3.504223795779967,-0.044792177142669413,False
RNASEH2A,DIG,0.8878345958942615,0.4506614090095652,1.2808745686263079,1.7315359776358732,1.5738063882449493,1.2579617278944315,True
CBLL1,DIG,1.5527321311056774,0.4506614090095652,2.2401189453751127,2.6907803543846778,2.5452905486994,2.217206104643237,True
NECAB3,DCG,-1.0108327625140319,1.3504972470841334,-1.458323413647085,-0.10782616656295163,-0.2668045731925393,-1.4812362543789608,True
HMBOX1,NEUTRAL,0.01980609336736876,0.13750352374993502,0.028574152680486704,0.16607767643042173,0.005661311948610128,0.005661311948610128,False
TMBIM4,DSG,-0.028997421114224944,1.2680350868921602,-0.04183443564006125,1.2262006512520989,1.0675041898430526,-0.06474727637193754,False
MROH8,DCG,-0.7834679806722902,1.0931094043914815,-1.1303053704112034,-0.03719596601972186,-0.1969753937109544,-1.1532182111430793,True
IFI35,NEUTRAL,-0.05583425048950404,0.13750352374993502,-0.08055179629295967,0.056951727456975354,-0.10346463702483474,-0.10346463702483526,False
LRRC4C,DIG,0.578053071727043,0.5109619192773794,0.8339542999512373,1.3449162192286166,1.18967514647987,0.8110414592193596,True
FN3K,DCG,-0.8592446489704684,1.3171110785895865,-1.239627993980073,0.07748308460951359,-0.08276958230751354,-1.2625408347119502,True
COX7A2L,DIG,-1.029810993739638,0.3968901525685844,-1.485703213721111,-1.0888130611525266,-1.2528128942221433,-1.5086160544529874,True
KCNB2,DCG,-0.877024429350272,1.282933963271499,-1.2652787949621105,0.017655168309388403,-0.1420909625838606,-1.2881916356939849,True
BIRC5,DCG,-1.0535786284295576,1.4939888406736659,-1.5199926624219187,-0.026003821748252776,-0.18127638075821337,-1.5429055031537946,True
LINC02301,NEUTRAL,-0.014982611997858853,0.13750352374993502,-0.02161534002887445,0.11588818372106056,-0.044528180760749374,-0.044528180760749374,False
CDH1,NEUTRAL,-0.048434403609249506,0.13750352374993502,-0.06987607389547877,0.06762744985445625,-0.09278891462735435,-0.09278891462735384,False
LINC02818,DCG,-0.8165258903316402,1.2529807411698708,-1.177997852738903,0.07498288843096779,-0.08962011881005258,-1.2009106934707643,True
AK8,NEUTRAL,0.010001804164029864,0.13750352374993502,0.01442955326738847,0.1519330770173235,-0.008483287464486186,-0.008483287464486348,False
DPP9-AS1,NEUTRAL,-0.0012661278516107374,0.13750352374993502,-0.0018266363726502082,0.1356768873772848,-0.024739477104527025,-0.0247394771045267,False
FETUB,DSG,0.06186245338981831,1.3219280948873624,0.08924865472271552,1.411176749610078,1.246370963120041,0.06633581399084029,False
EIF4A2P3,DIG,0.9232689907635923,0.4768136968655339,1.3319955943811927,1.8088092912467266,1.6543170559167562,1.3090827536493157,True
EEF1A1P1,DIG,0.7437565476280684,0.4506614090095652,1.0730138828917104,1.5236752919012755,1.3636474132147018,1.0501010421598318,True
CASC8,DCG,-0.9072927385449882,1.3645724322958561,-1.3089467345334214,0.055625697762434756,-0.10694542694690277,-1.3318595752652977,True
GALNT6,DIG,1.4713138696324635,0.4681488357384065,2.122657223309906,2.5908060590483126,2.4247607405188836,2.0997443825780304,True
KLHL2P1,NEUTRAL,-0.0063216659233274195,0.13750352374993502,-0.009120236077741218,0.1283832876721938,-0.03203307680961904,-0.03203307680961887,False
SNX25P1,DCG,-0.9377844293129003,1.1429579538420431,-1.352936945592608,-0.20997899175056478,-0.37148326988840313,-1.3758497863244838,True
SP140,NEUTRAL,-0.017235196536651044,0.13750352374993502,-0.0248651325721731,0.11263839117776192,-0.04777797330404925,-0.04777797330404876,False
TMEM132C,DIG,-1.6486871003334003,0.5193741590935794,-2.3785527036286016,-1.8591785445350222,-2.0095703013918786,-2.4014655443604798,True
RPS12P31,DSG,0.050485774553798955,-3.321928094887362,0.07283557658420398,-3.2490925183031583,-3.4095088827849005,0.04992273585232871,False
KLHL31,DSG,-0.06346400431279958,1.1429579538420431,-0.09155920429703174,1.0513987495450114,0.8851455434330957,-0.11447204502890682,False
TOP1MT,DCG,-0.8290058780915677,1.3504972470841334,-1.1960026691905052,0.1544945778936282,-0.004384225148613819,-1.2189155099223818,True
MTHFD2,DIG,-1.3918336891875667,0.5109619192773794,-2.0079915611330934,-1.4970296418557139,-1.655205274578635,-2.0309044018649693,True
PEG3,DSG,-0.07830186720066169,-0.7369655941662062,-0.1129657155027408,-0.849931309668947,-1.010347674150758,-0.13587855623461678,False
LINC01703,DCG,-0.9096188668125785,1.2479275134435854,-1.3123026282495456,-0.06437511480596014,-0.2213485933159264,-1.3352154689814217,True
EPN2-AS1,NEUTRAL,0.0219878821403072,0.13750352374993502,0.03172180852347221,0.16922533227340722,0.008808967791595944,0.008808967791595944,False
FAM187B,DSG,0.11016622521092839,1.410522018156351,0.1589362667852631,1.569458284941614,1.408362697049424,0.1360234260533881,False
ACSBG1,NEUTRAL,-0.029984985380484813,0.13750352374993502,-0.04325918970955351,0.09424433404038152,-0.06617203044143036,-0.06617203044143019,False
PPIP5K2,NEUTRAL,-0.007203830355381212,0.13750352374993502,-0.010392930329113854,0.12711059342082118,-0.03330577106098963,-0.03330577106098947,False
MIA,DSG,-0.01165595980946092,1.3074285251922473,-0.016815995413910337,1.2906125297783368,1.135089412981082,-0.039728836145787184,False
LINC01863,DIG,-1.4905455110018886,0.5277376320282061,-2.1504026169417307,-1.6226649849135246,-1.7800186270435323,-2.173315457673596,True
EEF1GP3,NEUTRAL,0.06463486939999563,0.13750352374993502,0.0932484055518795,0.23075192930181454,0.07033556482000301,0.07033556482000301,False
CTNND1,DIG,-1.0672473455306088,0.4768136968655339,-1.5397124527989194,-1.0628987559333856,-1.221584783509366,-1.5626252935307963,True
CDH11,NEUTRAL,-0.0013146634914106279,0.13750352374993502,-0.0018966584994958833,0.13560686525043913,-0.02480949923137077,-0.02480949923137077,False
OR51E1,NEUTRAL,0.04200922951967595,0.13750352374993502,0.06060650709960275,0.19811003084953777,0.037693666367727745,0.03769366636772806,False
YWHAZP6,DIG,1.675934399821159,0.405992359675837,2.4178622474772076,2.8238546071530446,2.6663754751634463,2.394949406745331,True
CDKN1C,NEUTRAL,-0.025197233629177716,0.13750352374993502,-0.03635192400093531,0.1011515997489997,-0.059264764732812114,-0.059264764732812114,False
MAFK,DSG,-0.06877944752219453,1.446256229889564,-0.09922776785535276,1.3470284620342112,1.1878726995994593,-0.1221406085872295,False
VWC2L,NEUTRAL,-0.02795193616844093,0.13750352374993502,-0.040326119693454586,0.09717740405648043,-0.06323896042533075,-0.06323896042532991,False
LPXN,DIG,0.9629524405103899,0.4681488357384065,1.389246710536264,1.8573955462746705,1.6956096199853592,1.3663338698043885,True
PCDHGB2,DIG,-1.5805836355068639,0.3968901525685844,-2.2803001726560015,-1.883410020087417,-2.043291976730774,-2.303213013387878,True
C11orf68,DIG,-1.6082031997377682,0.4240262825060986,-2.3201467810034413,-1.8961204984973428,-2.0451254110153267,-2.3430596217353195,True
FKBP14-AS1,DSG,-0.05159325672425579,1.2428565238961637,-0.074433335619395,1.1684231882767688,1.0048298163609761,-0.09734617635126967,False
ARRB2,NEUTRAL,0.004359708310958163,0.13750352374993502,0.006289729559941741,0.14379325330987677,-0.016623111171934945,-0.016623111171935108,False
HSDL2,NEUTRAL,-0.023089955921857044,0.13750352374993502,-0.03331176490280791,0.10419175884712711,-0.05622460563468454,-0.05622460563468437,False
RABGAP1L,DCG,0.9436077459380091,-0.7369655941662062,1.3613382156091787,0.6243726214429725,0.4639562569611602,1.3384253748773012,True
SLC19A2,DCG,-1.1473579609164177,1.4982508675278254,-1.655287640338589,-0.15703677281076356,-0.3167313442185257,-1.678200481070466,True
EIF3D,NEUTRAL,0.01405673860006968,0.13750352374993502,0.020279587069393,0.15778311081932803,-0.002633253662482555,-0.002633253662482234,False
ZNF653,DIG,1.4328036328321694,0.4854268271702419,2.067098695654662,2.552525522824904,2.388011095099741,2.044185854922784,True
MLXIPL,DSG,0.009231505596831523,1.3645724322958561,0.013318247344487548,1.3778906796403436,1.2060449389527772,-0.009594593387388604,False
LYST,DCG,-0.7870852865794508,1.185866545311334,-1.1355240397048423,0.05034250560649167,-0.09929562724321066,-1.1584368804367193,True
COQ8B,DSG,-0.07719294817560023,1.3645724322958561,-0.1113658835245372,1.2532065487713189,1.094394875081778,-0.13427872425641327,False
SEMA3F-AS1,NEUTRAL,0.08466880822558016,0.13750352374993502,0.12215126974502317,0.2596547934949582,0.09923842901314639,0.0992384290131461,False
RBM19,NEUTRAL,0.002113398956480573,0.13750352374993502,0.003048990193934433,0.14055251394386944,-0.01986385053794246,-0.019863850537942134,False
SH2B3,NEUTRAL,0.04145258274403925,0.13750352374993502,0.05980343555686485,0.19730695930679987,0.03689059482498883,0.03689059482498946,False
MYO5A,NEUTRAL,-0.05755310617891266,0.13750352374993502,-0.08303158087207325,0.054471942877861765,-0.10594442160394962,-0.10594442160394928,False
ECI2-DT,DIG,-1.2570561329290528,0.5929552914746871,-1.8135486490958022,-1.220593357621115,-1.3701207201182704,-1.836461489827675,True
PHF24,DIG,1.2259827548797089,0.4768136968655339,1.7687192406803456,2.2455329375458795,2.085077760518701,1.745806399948469,True
PNRC2,NEUTRAL,0.03324634339448818,0.13750352374993502,0.04796433474291965,0.18546785849285466,0.025051494011043587,0.025051494011043902,False
MTSS1,DCG,-1.0642193739344172,1.4724877714627438,-1.5353440131931413,-0.0628562417303975,-0.2206402148781983,-1.5582568539250177,True
SNORA26,DIG,1.0492634490251642,0.44183755862255913,1.5137671744946541,1.9556047331172133,1.7983456446926116,1.4908543337627775,True
KMT5B,DSG,0.008657269131967514,-0.7369655941662062,0.012489799244330633,-0.7244757949218756,-0.8848921594036867,-0.010423041487545233,False
PPP1R1A,DIG,1.1379034295758237,0.4329594072761063,1.6416476348595848,2.0746070421356912,1.9203455027893765,1.6187347941277075,True
GNG14,DIG,-1.5236359088288998,0.4329594072761063,-2.1981419697878026,-1.7651825625116964,-1.9233432634094343,-2.2210548105196573,True
ACSF2,DSG,-0.05525513876122411,-0.7369655941662062,-0.07971631467444956,-0.8166819088406558,-0.9770982733224672,-0.10262915540632518,False
MBNL1,DSG,-0.061572067097843936,1.3315141437165605,-0.08882971585934196,1.2426844278572187,1.0799560106937396,-0.11174255659121804,False
REX1BD,DIG,1.3917181837051082,0.5525410230287789,2.007824921946355,2.560365944975134,2.397793378071574,1.9849120812144794,True
MAST4,NEUTRAL,0.014577313661158098,0.13750352374993502,0.021030618128435728,0.15853414187837075,-0.0018822226034397953,-0.001882222603440116,False
RPL37P6,DCG,0.8202020956769565,-0.7369655941662062,1.1833014959598802,0.446335901793674,0.28591953731186237,1.1603886552280036,True
ATP5PBP5,NEUTRAL,0.025037698431860145,0.13750352374993502,0.03612176336291801,0.17362528711285302,0.013208922631042072,0.013208922631042072,False
COPG2,DIG,0.5775092709602457,0.53605290024021,0.8331697612817472,1.3692226615219574,1.2205893589739514,0.8102569205498699,True
SPRED2,DIG,-1.1522949744747277,0.4506614090095652,-1.6624102453159644,-1.2117488363063993,-1.3593655348128604,-1.6853230860478412,True
RPL21P37,DIG,-1.0508586019471244,0.5525410230287789,-1.5160684937046258,-0.9635274706758469,-1.1221815013547796,-1.538981334436503,True
EI24,NEUTRAL,-0.003660128642798682,0.13750352374993502,-0.0052804494419813105,0.13222307430795371,-0.028193290173858028,-0.02819329017385819,False
RPS23P1,DCG,-0.7671741962563698,1.0987339535853597,-1.1067984084370412,-0.008064454851681502,-0.16384301960126102,-1.129711249168915,True
CYP2U1,NEUTRAL,-0.04330183331501159,0.13750352374993502,-0.06247134018496773,0.0750321835649673,-0.08538418091684236,-0.08538418091684269,False
GTF2IP7,DSG,-0.011648178288357318,1.4594316186372973,-0.016804769052003597,1.4426268495852936,1.2792193746566496,-0.03971760978388063,False
ZNF521,DIG,-1.0369985423765729,0.405992359675837,-1.4960726544957654,-1.0900802948199284,-1.2413463454861875,-1.5189854952276418,True
PIK3C3,NEUTRAL,0.008786213510676847,0.13750352374993502,0.012675826660045098,0.15017935040998012,-0.010237014071831111,-0.010237014071831434,False
ACBD4,NEUTRAL,-0.008015982845488536,0.13750352374993502,-0.011564618699037313,0.12593890505089772,-0.034477459430913196,-0.03447745943091402,False
SLC26A5,DSG,-0.006154063721024372,1.132028393683784,-0.008878437211636543,1.1231499564721474,0.9658746016381642,-0.03179127794351174,False
IL10RB-DT,DIG,1.558823755140759,0.49398884067366594,2.248907301161485,2.742896141835151,2.5899928071552183,2.225994460429608,True
GNA15,NEUTRAL,0.06506015135562668,0.13750352374993502,0.09386195772024798,0.231365481470183,0.07094911698837354,0.07094911698837324,False
C10orf105,DIG,-1.0723366581814247,0.415037499278844,-1.547054778921785,-1.132017279642941,-1.291779038105869,-1.5699676196536616,True
NGB,NEUTRAL,0.014668091993779046,0.13750352374993502,0.02116158357872814,0.15866510732866315,-0.0017512571531471458,-0.0017512571531476267,False
KLRD1,DSG,0.06349949367339876,1.297680548640685,0.0916104046215725,1.3892909532622575,1.2298036305444067,0.0686975638896966,False
ARPP19P2,NEUTRAL,0.04933871642996067,0.13750352374993502,0.07118072151733108,0.2086842452672661,0.048267880785454395,0.04826788078545471,False
MIR4700,DIG,1.064219575215655,0.4681488357384065,1.5353443035805847,2.003493139318991,1.839790163062948,1.512431462848707,True
CDH12,DCG,-0.7731383785370574,1.175258445745353,-1.115402904636347,0.05985554110900604,-0.10275402795281635,-1.1383157453682224,True
ATP8B4,NEUTRAL,-0.01068617130785294,0.13750352374993502,-0.015416886351929365,0.12208663739800565,-0.03832972708380489,-0.03832972708380522,False
GEMIN7,DIG,-1.7065274229510994,0.3877301532831085,-2.461998650232574,-2.0742684969494656,-2.2324398025950183,-2.4849114909644503,True
AGXT,NEUTRAL,-0.0006709177921564339,0.13750352374993502,-0.0009679297715882595,0.13653559397834675,-0.023880770503464186,-0.023880770503463534,False
PLAAT3,DIG,-1.0475733426216036,0.5193741590935794,-1.5113288663676625,-0.9919547072740831,-1.1502913368125407,-1.53424170709954,True
UQCC1,DCG,-0.9057669247375633,1.297680548640685,-1.3067454505201295,-0.00906490187944442,-0.1722218717887143,-1.329658291252005,True
OSBPL6,NEUTRAL,-0.04647528877863831,0.13750352374993502,-0.06704966864482398,0.07045385510511104,-0.08996250937669854,-0.08996250937669854,False
CHRM3,DCG,-0.855878913709077,1.2779847472997656,-1.2347722644095185,0.04321248289024715,-0.12113827349974544,-1.2576851051413944,True
DMWD,DIG,-0.9741901410331443,0.405992359675837,-1.4054592853514372,-0.9994669256756001,-1.159403135384915,-1.4283721260833138,True
RPL36,NEUTRAL,0.016196569787933806,0.13750352374993502,0.02336671091246411,0.16087023466239914,0.0004538701805875118,0.000453870180587832,False
HELLPAR,NEUTRAL,-0.02338074111429615,0.13750352374993502,-0.03373127925790375,0.10377224449203126,-0.056644119989780396,-0.0566441199897799,False
LINC02450,DIG,1.6168607193252407,0.4854268271702419,2.332636941578687,2.818063768748929,2.6700370447322643,2.309724100846809,True
JAKMIP2-AS1,DIG,-0.607181742830488,0.3968901525685844,-0.875978089299863,-0.4790879367312786,-0.6358828200987877,-0.8988909300317363,True
RGS14,DIG,1.1733949374525827,0.44183755862255913,1.6928510572670565,2.1346886158896154,1.9754539039122614,1.6699382165351802,True
FOXN1,DSG,0.04893784123105081,1.1645717669481057,0.07060238085584845,1.2351741478039542,1.0792130749788862,0.047689540123973244,False
ZNF587,DSG,-0.07738208180552265,-3.321928094887362,-0.11163874567449161,-3.433566840561854,-3.593983205043664,-0.13455158640636708,False
TEX53,NEUTRAL,0.043103414730006624,0.13750352374993502,0.06218508267636085,0.19968860642629588,0.039272241944484365,0.03927224194448405,False
SMAD9-IT1,NEUTRAL,-0.004036940052021715,0.13750352374993502,-0.005824073393417763,0.13167945035651726,-0.02873691412529444,-0.028736914125294274,False
ITGA1,DIG,1.472246568834394,0.5193741590935794,2.1240028238231723,2.6433769829167515,2.486758956650081,2.1010899830912937,True
ELAVL2,DIG,-0.9692160141203922,0.405992359675837,-1.3982831371216573,-0.9922907774458203,-1.14458888305439,-1.4211959778535328,True
TPM2,DIG,-1.1320409547911205,0.4768136968655339,-1.633189871560357,-1.1563761746948231,-1.3238536679826807,-1.6561027122922336,True
TRNP1,NEUTRAL,0.07480952960969182,0.13750352374993502,0.10792733737913847,0.24543086112907347,0.08501449664726234,0.08501449664726264,False
SNORD86,DSG,0.09948304598400409,1.4329594072761063,0.14352369709365143,1.5764831043697578,1.4149781080541812,0.12061085636177385,False
ADD2,DIG,0.7884939894274853,0.5688428353578793,1.1375563683177878,1.7063992036756672,1.5413037893328092,1.1146435275859101,True
FOXK2,DCG,-0.8017095559337054,1.132028393683784,-1.15662240057885,-0.024594006895065856,-0.1844513797153503,-1.1795352413107256,True
CASP8AP2,DIG,-1.13586666536596,0.4768136968655339,-1.638709205234554,-1.1618955083690201,-1.3228036871512998,-1.6616220459664304,True
EXOSC1,NEUTRAL,-0.038241276961715705,0.13750352374993502,-0.055170500629928614,0.0823330231200064,-0.07808334136180348,-0.07808334136180331,False
HAUS1,NEUTRAL,0.005180161842857966,0.13750352374993502,0.007473393801693421,0.14497691755162845,-0.015439446930181362,-0.015439446930181684,False
SPATA18,NEUTRAL,-0.03616268716898413,0.13750352374993502,-0.05217172944391235,0.08533179430602267,-0.07508457017578747,-0.07508457017578798,False
CCDC134,NEUTRAL,-0.016248789893271536,0.13750352374993502,-0.023442048599469554,0.11406147515046547,-0.046354889331345454,-0.046354889331345454,False
GPR88,NEUTRAL,-0.0018885639711757273,0.13750352374993502,-0.002724621875616789,0.13477890187431824,-0.02563746260749355,-0.025637462607493222,False
PTX3,DSG,0.03460489350598626,1.3219280948873624,0.04992430825157707,1.3718524031389394,1.211581660484384,0.027011467519699316,False
CEP126,NEUTRAL,0.020322881209961983,0.13750352374993502,0.02931971993818765,0.16682324368812268,0.006406879206312059,0.006406879206312059,False
INHBA,DSG,0.01929681490364303,-0.7369655941662062,0.02783941916643804,-0.7091261749997682,-0.8695425394815781,0.004926578434563024,False
MTERF2,DIG,-0.5635170525832427,0.45943161863729726,-0.8129832572182095,-0.35355163858091226,-0.5149122974050268,-0.8358960979500882,True
MTFR1L,NEUTRAL,-0.023768965770605145,0.13750352374993502,-0.03429136904431156,0.10321215470562345,-0.05720420977618756,-0.05720420977618756,False
SYT7,DIG,-1.6643599137154133,0.415037499278844,-2.4011637937716097,-1.9861262944927658,-2.1378980392475384,-2.424076634503487,True
MYOCD,NEUTRAL,-0.04074700784259208,0.13750352374993502,-0.05878550614557129,0.07871801760436373,-0.08169834687744659,-0.08169834687744694,False
AP2A2,NEUTRAL,-0.0154125050135976,0.13750352374993502,-0.022235544550793546,0.11526797919914147,-0.04514838528267022,-0.04514838528267055,False
RPL5P28,NEUTRAL,0.0017000709637004828,0.13750352374993502,0.0024526839484900077,0.13995620769842504,-0.02046015678338575,-0.020460156783385912,False
DTD2,DIG,1.3009288257073495,0.35989594508638295,1.8768435653974957,2.2367395104838788,2.0763098327472664,1.853930724665618,True
CNOT7,NEUTRAL,0.007170059904493876,0.13750352374993502,0.01034420986709011,0.14784773361702513,-0.012568630864785227,-0.012568630864784902,False
CRYM,DCG,-0.7754888215159552,1.0761029790857917,-1.1187938770658952,-0.042690897980103504,-0.20883214367518735,-1.141706717797771,True
ZNF728,DIG,-1.2767238277950725,0.4240262825060986,-1.841923134944726,-1.4178968524386275,-1.5767971424046123,-1.8648359756765989,True
SNORD63B,DIG,1.2466346998572333,0.4854268271702419,1.7985136992841317,2.2839405264543737,2.137768228496147,1.7756008585522556,True
CAPZB,NEUTRAL,-0.021157942603659496,0.13750352374993502,-0.03052445886971288,0.10697906488022214,-0.053437299601588294,-0.05343729960158863,False
PDIA3,NEUTRAL,-0.0021403763026024585,0.13750352374993502,-0.003087910277400822,0.1344156134725342,-0.026000751009276537,-0.026000751009276048,False
SV2A,DCG,-1.017151655656865,1.20685157044067,-1.4674396494481576,-0.2605880790074877,-0.41994781793450303,-1.490352490180033,True
FILIP1L,DIG,0.9594674918835044,0.415037499278844,1.3842189924345036,1.7992564917133476,1.6467581011229415,1.3613061517026275,True
USP44,DIG,-1.4276791157826354,0.5109619192773794,-2.0597055803203483,-1.5487436610429688,-1.7089376973517663,-2.0826184210522247,True
FOXL1,NEUTRAL,-0.01567521523062164,0.13750352374993502,-0.02261455527808499,0.11488896847185003,-0.04552739600995902,-0.04552739600995902,False
ATE1,NEUTRAL,-0.003942926463636878,0.13750352374993502,-0.005688440455678782,0.13181508329425623,-0.028601281187554426,-0.028601281187554426,False
VIPR1-AS1,NEUTRAL,-0.02230275987462117,0.13750352374993502,-0.03217608106925332,0.1053274426806817,-0.05508892180112961,-0.05508892180113011,False
LINC00663,DIG,1.4612262424026088,0.5193741590935794,2.108103853531058,2.6274780126246373,2.4617789238679495,2.0851910127991804,True
PPP1R11,DSG,-0.07105329638409595,1.4195388915137848,-0.10250823833214895,1.3170306531816358,1.1592764975046643,-0.12542107906402414,False
LAPTM4A-DT,DIG,0.6604774718236717,0.3968901525685844,0.9528675732188912,1.3497577257874755,1.1899785251890325,0.9299547324870122,True
PYY,NEUTRAL,-0.034058906910607575,0.13750352374993502,-0.049136616098032396,0.08836690765190262,-0.07204945682990754,-0.07204945682990686,False
DLX6-AS1,DSG,0.005665223400045784,1.3692338096657193,0.008173189704774165,1.3774069993704934,1.218048130327797,-0.014739651027102159,False
NR1H2,DIG,0.6671842840620587,0.4240262825060986,0.9625434579753855,1.386569740481484,1.2179001087498473,0.9396306172435082,True
TTC1,DIG,-0.8082443512290808,0.3877301532831085,-1.1660501173447124,-0.7783199640616039,-0.938440840008651,-1.18896295807659,True
WDR75,NEUTRAL,-0.012592114613992105,0.13750352374993502,-0.018166581307911853,0.11933694244202317,-0.04107942203978841,-0.04107942203978841,False
MRPL22,DIG,0.8692004136124827,0.4240262825060986,1.2539911262573646,1.6780174087634632,1.51634710371997,1.2310782855254874,True
CCNT2-AS1,NEUTRAL,0.035106119924108545,0.13750352374993502,0.05064742511936463,0.18815094886929964,0.027734584387489443,0.02773458438748976,False
PRELID2P1,DSG,-0.0811157193921496,1.1375035237499351,-0.11702524610519494,1.0204782776447403,0.8551333962269132,-0.13993808683707018,False
REST,NEUTRAL,-0.03898684566876107,0.13750352374993502,-0.05624612890622496,0.08125739484371006,-0.07915896963810068,-0.07915896963810051,False
PPM1L,DSG,0.062367581789585215,1.1911414873520083,0.08997740096007141,1.2811188883120797,1.1177155422230904,0.06706456022819524,False
HNRNPA1P10,DIG,1.1955425218228668,0.35049724708413343,1.7248032674057354,2.075300514489869,1.9170142411464366,1.7018904266738597,True
PAX3,NEUTRAL,0.01355773782653179,0.13750352374993502,0.019559681128010126,0.15706320487794515,-0.0033531596038665853,-0.003353159603866425,False
RDH11,NEUTRAL,-0.02581192033830308,0.13750352374993502,-0.03723872946789083,0.10026479428204418,-0.06015157019976555,-0.06015157019976505,False
SULT6B1,DIG,-1.643464042128111,0.35049724708413343,-2.3710174234575563,-2.020520176373423,-2.1754247289287614,-2.393930264189409,True
SHISA2,NEUTRAL,0.01719831193682624,0.13750352374993502,0.02481191934292068,0.1623154430928557,0.001899078611046014,0.0018990786110463338,False
S1PR1,NEUTRAL,0.0012927921237556464,0.13750352374993502,0.0018651047858425822,0.1393686285357776,-0.021047735946032,-0.02104773594603249,False
ABCC3,DSG,-0.021271045205693895,1.132028393683784,-0.03068763143277954,1.1013407622510045,0.9433677617447807,-0.05360047216465552,False
LINC00636,DIG,-1.6816805289575072,0.49398884067366594,-2.4261521594865245,-1.9321633188128586,-2.1018610664733948,-2.44906500021838,True
RABGGTA,NEUTRAL,0.010573882866538074,0.13750352374993502,0.015254888374495257,0.15275841212443028,-0.007657952357380519,-0.007657952357380841,False
MKLN1,DIG,-0.8365682155473813,0.5525410230287789,-1.2069128159355365,-0.6543717929067575,-0.8110438216668427,-1.2298256566674126,True
TUBB8P6,DCG,-0.9799158400633694,1.4014484345308889,-1.4137197229479657,-0.012271288417076809,-0.17776542613488786,-1.4366325636798285,True
DDAH1,NEUTRAL,-0.1199025836497109,0.13750352374993502,-0.17298286282121203,-0.03547933907127701,-0.19589570355308877,-0.19589570355308877,False
DYNC2LI1,DIG,-1.6640497191662595,0.45943161863729726,-2.400716277633835,-1.9412846589965378,-2.100248418676406,-2.4236291183657115,True
ABAT,DCG,-0.9041025881030441,1.3785116232537298,-1.304344320311139,0.07416730294259088,-0.08076436694465347,-1.3272571610430142,True
TMEM150C,NEUTRAL,-0.01897855453289853,0.13750352374993502,-0.027380266507853464,0.11012325724208155,-0.05029310723972898,-0.050293107239729316,False
IQCA1,NEUTRAL,0.05974642554763965,0.13750352374993502,0.0861958718484214,0.22369939559835642,0.0632830311165467,0.06328303111654701,False
BSCL2,DIG,-0.6583057529525614,0.5277376320282061,-0.9497344451733355,-0.4219968131451294,-0.5707277469944994,-0.972647285905212,True
POC1B-AS1,DIG,-0.7341399734114693,0.560714954474479,-1.0591400989590822,-0.4984251444846032,-0.6505711556927836,-1.0820529396909593,True
RN7SL738P,DSG,0.08686954880145234,1.410522018156351,0.12532626726011709,1.535848285416468,1.3775341513703405,0.1024134265282415,False
ZNF347,DSG,-0.06501786749021593,-0.7369655941662062,-0.09380095499731028,-0.8307665491635166,-0.9911829136453277,-0.11671379572918654,False
ZNF277,DIG,-1.356035104257995,0.5688428353578793,-1.9563451201843578,-1.3875022848264784,-1.5403789899299551,-1.979257960916234,True
PHF1,DSG,-0.15449942912021705,1.355204249761661,-0.22289556021191304,1.132308689549748,0.975011329907385,-0.24580840094378836,False
FAM222B,DSG,-0.04199651174085988,1.2016338611696507,-0.060588159223173677,1.141045701946477,0.9780008743682087,-0.08350099995505095,False
PPIL3,NEUTRAL,0.005324231315064231,0.13750352374993502,0.007681242114788891,0.1451847658647239,-0.015231598617085822,-0.01523159861708566,False
SMARCE1P3,DIG,-0.9953944527649243,0.49398884067366594,-1.43605064073234,-0.942061800058674,-1.1074945414532904,-1.4589634814642114,True
LINC00954,DIG,-0.9092773963870583,0.4329594072761063,-1.3118099905600373,-0.8788505832839311,-1.0374976849528712,-1.3347228312919142,True
LDLRAD4,DIG,1.2969216592136765,0.5193741590935794,1.8710624461690575,2.3904366052626367,2.228973185562903,1.8481496054371809,True
PITPNM2,DIG,-1.1622698896856603,0.3968901525685844,-1.6768010060240646,-1.2799108534554802,-1.4393962628235462,-1.6997138467559416,True
SPATS2L,NEUTRAL,0.026458658465920874,0.13750352374993502,0.038171775357358835,0.17567529910729385,0.015258934625483847,0.015258934625483847,False
SIGLEC6,DSG,-0.04187965651290134,1.3968901525685844,-0.06041957276529594,1.3364705798032885,1.177870118533351,-0.08333241349717369,False
ISLR2,NEUTRAL,0.020118770813650703,0.13750352374993502,0.029025250881635486,0.1665287746315705,0.006112410149761252,0.006112410149760614,False
SESN2,NEUTRAL,0.000293073670868018,0.13750352374993502,0.0004228159315764139,0.13792633968151144,-0.022490024800299505,-0.022490024800299505,False
LPGAT1,DCG,-0.8925250768225578,1.126532405928932,-1.2876415022009453,-0.16110909627201342,-0.31386245626721276,-1.3105543429328221,True
ZNF213-AS1,DCG,-0.8923941501499836,1.3831282513240999,-1.2874526149397023,0.09567563638439758,-0.05906967417747759,-1.3103654556715796,True
LURAP1L,DIG,-0.5643566104606313,0.415037499278844,-0.8141944832044573,-0.39915698392561333,-0.5507473344639563,-0.837107323936334,True
DOCK10,NEUTRAL,-0.02421218021071043,0.13750352374993502,-0.03493079231910184,0.10257273143083318,-0.057843633050977665,-0.05784363305097783,False
LINC00887,DCG,-0.8334919368232913,1.2016338611696507,-1.2024746838758995,-0.000840822706248856,-0.16791049880537265,-1.225387524607775,True
ALMS1,DIG,0.8050872771844482,0.45943161863729726,1.1614954222768017,1.620927040914099,1.4630306995269646,1.1385825815449249,True
RPS3AP2,DCG,-0.843764608117277,1.1210154009613662,-1.2172950158084153,-0.09627961484704906,-0.2542082040619411,-1.240207856540279,True
UNC79,NEUTRAL,-0.061111486754785345,0.13750352374993502,-0.08816523888248039,0.04933828486745463,-0.11107807961435674,-0.11107807961435727,False
LINC01987,DCG,-0.8727860571185214,1.070389327891398,-1.2591641163619225,-0.18877478847052442,-0.35492092167251715,-1.2820769570937858,True
INSYN1,NEUTRAL,0.027794276370509137,0.13750352374993502,0.04009866468483083,0.17760218843476586,0.017185823952955204,0.017185823952954572,False
ARIH1,NEUTRAL,-0.026936998278729054,0.13750352374993502,-0.03886187383315695,0.09864164991677807,-0.06177471456503115,-0.06177471456503132,False
SVEP1,NEUTRAL,0.032247827292192464,0.13750352374993502,0.046523780513889834,0.18402730426382485,0.023610939782013656,0.023610939782013972,False
CWC27,NEUTRAL,-0.011371483952521053,0.13750352374993502,-0.016405583505850554,0.12109794024408446,-0.039318424237726614,-0.03931842423772629,False
HNF1A,DIG,0.6619112881612201,0.415037499278844,0.9549361329386179,1.3699736322174618,1.2098359986952776,0.9320232922067428,True
ODAM,DIG,0.8618349152202373,0.3692338096657191,1.2433649582531965,1.6125987679189155,1.4585743939207287,1.2204521175213205,True
BRAT1,DSG,-0.05284519994507926,1.373880174522084,-0.07623950789555158,1.2976406666265325,1.1374474029442274,-0.09915234862742721,False
DUSP14,DIG,1.091878364317423,0.4506614090095652,1.5752475014546992,2.0259089104642642,1.8623115099107859,1.5523346607228232,True
GPR171,DSG,-0.0912623755422222,1.222392421336448,-0.1316637766145102,1.090728644721938,0.9329016228599402,-0.15457661734638606,False
PARM1-AS1,DIG,-0.9133562275276882,0.415037499278844,-1.3176945000192475,-0.9026570007404036,-1.0559240145231197,-1.3406073407511192,True
C6orf58,DIG,0.8362552013472406,0.45943161863729726,1.2064612319012658,1.665892850538563,1.5135538655443461,1.1835483911693887,True
SLC23A4P,DSG,0.010470804817350368,-0.7369655941662062,0.015106178184107644,-0.7218594159820986,-0.8822757804639079,-0.007806662547767545,False
MRGPRF-AS1,DCG,-0.8036599256415813,1.232660756790275,-1.1594361892843024,0.07322456750597262,-0.09741858256503189,-1.1823490300161779,True
SLC25A39P1,DCG,-0.7317785256540086,1.2927817492278462,-1.0557332499900753,0.23704849923777083,0.07522432670457074,-1.078646090721939,True
RXFP4,DCG,-0.8763868626329846,1.132028393683784,-1.2643589806208442,-0.13233058693706012,-0.2984339622220042,-1.2872718213527126,True
SLC25A22,NEUTRAL,-0.02117915563872998,0.13750352374993502,-0.03055506281021127,0.10694846093972375,-0.05346790354208744,-0.053467903542087775,False
UPF3AP3,NEUTRAL,-0.009203883429097698,0.13750352374993502,-0.013278396980079356,0.12422512676985567,-0.03619123771195444,-0.03619123771195444,False
IRF1,NEUTRAL,-0.040641971514290665,0.13750352374993502,-0.05863397075561766,0.07886955299431736,-0.08154681148749286,-0.08154681148749286,False
PPP1R37,DIG,-1.5090519529212387,0.405992359675837,-2.1771017689232766,-1.7711094092474395,-1.9408232940425765,-2.2000146096551525,True
ADH4,NEUTRAL,0.0033509350386289167,0.13750352374993502,0.004834377362571005,0.14233790111250602,-0.01807846336930458,-0.018078463369304743,False
EIF4E3,NEUTRAL,-0.0032025583775605556,0.13750352374993502,-0.0046203150894640185,0.132883208660471,-0.027533155821340458,-0.027533155821340295,False
COL26A1,DSG,0.12930729094642382,1.2428565238961637,0.186550987399192,1.4294075112953557,1.2628854686478201,0.1636381466673151,False
RAET1G,DIG,-0.5778263139560349,0.45943161863729726,-0.8336271576395208,-0.3741955390022235,-0.5263395497203357,-0.8565399983713967,True
GXYLT1,DIG,1.5706469654871307,0.5688428353578793,2.2659645880955823,2.8348074234534617,2.676899375961307,2.243051747363705,True
CPNE6,NEUTRAL,-0.0017304652839096487,0.13750352374993502,-0.0024965336835269625,0.13500699006640807,-0.025409374415402274,-0.025409374415402274,False
TGFB3-AS1,NEUTRAL,-0.007822148450354425,0.13750352374993502,-0.011284974778423619,0.1262185489715114,-0.03419781551030039,-0.03419781551030088,False
EIF5A,NEUTRAL,-0.01373932350929051,0.13750352374993502,-0.01982165389202257,0.11768186985791246,-0.04273449462389672,-0.042734494623896876,False
LY6E,DCG,-0.8441696321840061,1.3504972470841334,-1.217879342020926,0.13261790506320748,-0.02892082902583928,-1.2407921827528017,True
ABHD6,NEUTRAL,-0.006258976279998786,0.13750352374993502,-0.009029794040195901,0.1284737297097391,-0.031942634772070225,-0.03194263477207088,False
ANXA2R,DSG,-0.05108060581028249,1.3923174227787602,-0.07369373668809852,1.3186236860906617,1.1610910619251538,-0.09660657741997482,False
TAT,NEUTRAL,-0.043316551327833304,0.13750352374993502,-0.062492573789077355,0.07501094996085766,-0.08540541452095435,-0.08540541452095383,False
TMEM30A,DIG,-1.7124916852527574,0.37851162325372983,-2.470603261877737,-2.092091638624007,-2.245630173745231,-2.4935161026096133,True
RSAD1,DSG,-0.07822100050935323,1.126532405928932,-0.11284904952821698,1.0136833564007148,0.8542434158354743,-0.13576189026009405,False
UBA52,DIG,1.231429921845096,0.5443205162238104,1.7765778414482036,2.320898357672014,2.1649888071260692,1.7536650007163297,True
MIR4657,DSG,-0.05020205470571092,-3.321928094887362,-0.0724262553663656,-3.3943543502537277,-3.554770714735528,-0.09533909609823973,False
USP2-AS1,NEUTRAL,0.01089820691988413,0.13750352374993502,0.01572278907789862,0.15322631282783364,-0.007190051653976919,-0.00719005165397708,False
IMPDH1,DIG,1.1718806679252904,0.5769251816557379,1.6906664281294628,2.2675916097852005,2.1111669351549653,1.6677535873975848,True
RAC1P2,NEUTRAL,0.06021275474871564,0.13750352374993502,0.08686864267423544,0.22437216642417046,0.06395580194235898,0.06395580194235928,False
ING3,DIG,1.0809720470887956,0.5688428353578793,1.5595130116745963,2.1283558470324757,1.979030757604468,1.53660017094272,True
IDNK,NEUTRAL,0.032768084353655476,0.13750352374993502,0.04727435279644999,0.184777876546385,0.024361512064574573,0.024361512064574573,False
GEMIN7-AS1,DIG,-0.6121603786372869,0.405992359675837,-0.883160742488724,-0.477168382812887,-0.6444914151312761,-0.9060735832205988,True
ZNF607,DSG,-0.008494356449034339,-0.7369655941662062,-0.012254765924565026,-0.7492203600907712,-0.9096367245725832,-0.035167606656441766,False
MAPK6P4,DCG,-0.910145897961356,1.3025627700204314,-1.313062973474281,-0.0105002034538495,-0.16893283774844914,-1.3359758142061533,True
ZBTB7A,NEUTRAL,0.044851959827699496,0.13750352374993502,0.06470770001757307,0.2022112237675081,0.04179485928569727,0.04179485928569727,False
HPS4,NEUTRAL,0.028218340450720365,0.13750352374993502,0.04071045983037071,0.1782139835803057,0.017797619098495726,0.01779761909849541,False
RLF,DIG,0.8214240727309409,0.44183755862255913,1.1850644361957436,1.6269019948183028,1.4587150186577496,1.1621515954638684,True
FBXO22,NEUTRAL,-0.025906308972512036,0.13750352374993502,-0.03737490348238037,0.10012862026755465,-0.06028774421425676,-0.06028774421425626,False
MARK4,DIG,-1.557179391118928,0.5025003405291834,-2.246534985341773,-1.7440346448125896,-1.9250978269599834,-2.269447826073648,True
MIR1226,NEUTRAL,0.02957854727067694,0.13750352374993502,0.042672823464105405,0.1801763472140404,0.01975998273222943,0.019759982732228794,False
RNF185,NEUTRAL,0.001834634526061422,0.13750352374993502,0.0026468181325924873,0.1401503418825275,-0.020266022599284284,-0.020266022599284284,False
HIGD1A,NEUTRAL,-0.02058522083140389,0.13750352374993502,-0.029698196009070577,0.10780532774086445,-0.052611036740945125,-0.052611036740945624,False
CLDN4,DSG,0.01313978571657846,1.070389327891398,0.01895670369165138,1.0893460315830494,0.9288286339270699,-0.003956137040224583,False
MX2,DIG,-0.8384628237637661,0.5025003405291834,-1.2096461578137423,-0.7071458172845589,-0.8672741611445772,-1.2325589985456193,True
EFR3A,DCG,0.8315599407700341,-0.7369655941662062,1.1996874027508484,0.4627218085846422,0.3023054441028314,1.1767745620189725,True
EZH1,NEUTRAL,-0.04480248873510417,0.13750352374993502,-0.06463632831761844,0.07286719543231658,-0.08754916904949439,-0.08754916904949472,False
LINC02752,NEUTRAL,0.033600980453660466,0.13750352374993502,0.04847596786950295,0.18597949161943797,0.02556312713762708,0.025563127137626766,False
MED21,DSG,-0.043625744731343355,1.2172307162206693,-0.06293864557899688,1.1542920706416724,0.9947715793498586,-0.08585148631087364,False
ALDH1L2,NEUTRAL,0.0409856188911646,0.13750352374993502,0.059129749122048186,0.1966332728719832,0.03621690839017299,0.03621690839017299,False
CCDC174,DIG,1.5720158627492595,0.4329594072761063,2.267939489387142,2.7008988966632486,2.537557447195889,2.245026648655265,True
RP9P,DSG,0.09812145058230597,1.2927817492278462,0.1415593301599243,1.4343410793877704,1.268224541753299,0.11864648942804881,False
NEK3,NEUTRAL,-0.010926126762053342,0.13750352374993502,-0.015763068895738544,0.12174045485419648,-0.03867590962761354,-0.03867590962761338,False
ARL4C,NEUTRAL,0.014215608047681695,0.13750352374993502,0.02050878723361162,0.15801231098354665,-0.0024040534982645995,-0.0024040534982641185,False
ABCG1,DIG,1.5991076989078319,0.5525410230287789,2.307024747061691,2.85956577009047,2.707794751480334,2.2841119063298128,True
SLC15A5,DIG,-1.3422590681294542,0.415037499278844,-1.936470501178605,-1.521433001899761,-1.6734229529771523,-1.9593833419104758,True
TIGD7,DCG,-0.9467929221813177,1.0987339535853597,-1.3659334535797574,-0.2671994999943976,-0.4226888796755522,-1.388846294311635,True
SPRED1,NEUTRAL,-0.001548935647663365,0.13750352374993502,-0.0022346417775400713,0.13526888197239495,-0.025147482509416577,-0.02514748250941625,False
CRNN,DCG,-0.9886094832174006,1.4637968111986992,-1.4262619988135448,0.03753481238515444,-0.12223178937194337,-1.449174839545421,True
PARP6,NEUTRAL,0.028457362263534184,0.13750352374993502,0.04105529541438149,0.1785588191643165,0.018142454682506064,0.018142454682506064,False
LINC02523,DIG,-1.0380892935559025,0.5109619192773794,-1.497646275813028,-0.9866843565356486,-1.1322662912503092,-1.520559116544886,True
PDE1C,DSG,-0.13220852564731955,1.3645724322958561,-0.19073658431462925,1.173835847981227,1.0071978217307578,-0.21364942504650558,False
RWDD3,NEUTRAL,0.023488110929122605,0.13750352374993502,0.033886181157295046,0.17138970490723007,0.010973340425418516,0.010973340425418199,False
FAM201A,DIG,1.6865091713752964,0.4506614090095652,2.433118417956895,2.8837798269664603,2.7255275721426457,2.4102055772250193,True
POLR2L,NEUTRAL,0.04138188823147894,0.13750352374993502,0.05970144493417602,0.19720496868411103,0.03678860420230077,0.03678860420230046,False
OGFR,DCG,-0.9069117099694965,1.0588936890535687,-1.3083970264971225,-0.2495033374435538,-0.41230810084777514,-1.331309867229001,True
FKBP9,DSG,0.0316799162210673,1.1099176920780351,0.04570445802791162,1.1556221501059467,0.9944141136260533,0.022791617296035214,False
BEND7,DCG,-0.7551960746059458,1.0987339535853597,-1.0895176317328097,0.009216321852550058,-0.15272106436866423,-1.1124304724646865,True
SMPD5,DCG,-0.9638600390985919,1.3645724322958561,-1.390556098518581,-0.025983666222724855,-0.19017331117389472,-1.413468939250457,True
CD93,DCG,0.8745038238335897,-0.7369655941662062,1.2616423298831556,0.5246767357169494,0.36426037123513877,1.23872948915128,True
POU5F1P4,DCG,-0.9614844688635382,1.2428565238961637,-1.3871288751211857,-0.1442723512250219,-0.3095579239678565,-1.410041715853057,True
GSN,NEUTRAL,-0.006051344804172338,0.13750352374993502,-0.008730245139688628,0.1287732786102464,-0.03164308587156099,-0.03164308587156132,False
CLDN1,DSG,-0.0052007837141074586,1.3504972470841334,-0.007503144873078915,1.3429941022110545,1.1801348501146163,-0.03041598560495539,False
SYS1,DCG,-0.7072111412091324,1.2529807411698708,-1.0202900062838398,0.23269073488603098,0.07230686705356071,-1.0432028470157164,True
SNX18P3,DIG,-1.0368460737596632,0.4768136968655339,-1.4958526887782586,-1.0190389919127247,-1.1742800590305589,-1.5187655295101319,True
ROBO3,NEUTRAL,0.014749734511090495,0.13750352374993502,0.021279368833579056,0.15878289258351408,-0.0016334718982968953,-0.0016334718982970555,False
SLC4A11,DSG,-0.10121978529495661,1.4374053123072983,-0.14602928228487952,1.2913760300224189,1.1310151912318802,-0.16894212301675587,False
ZNF282,DIG,-1.3455945099202273,0.5025003405291834,-1.941282526509327,-1.4387821859801435,-1.594522344503386,-1.964195367241204,True
FAM107B,DSG,0.027283847245784393,1.185866545311334,0.039362271117865145,1.2252288164291991,1.0592500918126018,0.016449430385989325,False
PCDHGB5,DIG,1.6572144729150124,0.3968901525685844,2.390855101763906,2.7877452543324903,2.6268402097459216,2.3679422610320287,True
ELF2,NEUTRAL,-0.05806794997960774,0.13750352374993502,-0.08377434347016847,0.053729180279766545,-0.10668718420204351,-0.10668718420204333,False
LINC00702,DCG,-0.9939052143944103,1.4550531781267229,-1.4339021239204977,0.021151054206225206,-0.1395036910800477,-1.4568149646523731,True
PPP1R9A-AS1,DSG,0.022658456233728665,-0.7369655941662062,0.032689242442599964,-0.7042763517236063,-0.8646927162054129,0.009776401710725278,False
NAV2,DIG,1.6454068462955802,0.5525410230287789,2.3738202973953824,2.9263613204241614,2.7720295546253855,2.3509074566635064,True
BATF3,DCG,-0.7642486386142494,1.0761029790857917,-1.1025777209349192,-0.02647474184912757,-0.18814854113260304,-1.1254905616667958,True
DHX36,DSG,-0.11698728871072372,1.2680350868921602,-0.16877698127000654,1.0992581056221535,0.9413017310459402,-0.19168982200188156,False
LINC01934,NEUTRAL,0.007225377196356117,0.13750352374993502,0.010424015849735173,0.1479275395996702,-0.012488824882140287,-0.012488824882140773,False
CELF2,DCG,0.9038484053839737,-0.7369655941662062,1.3039776121628563,0.5670120179966501,0.4065956535148384,1.2810647714309802,True
TFF2,DIG,1.213322676258496,0.4854268271702419,1.7504546080362577,2.2358814352064997,2.0830354522745234,1.7275417673043814,True
PDCL3,NEUTRAL,-0.010532323739843042,0.13750352374993502,-0.015194931228508658,0.12230859252142637,-0.03810777196038473,-0.03810777196038456,False
FAM3D,NEUTRAL,0.011855534738609966,0.13750352374993502,0.017103921174479432,0.15460744492441444,-0.005808919557396663,-0.005808919557396341,False
IQGAP3,DCG,-1.096874212337246,1.410522018156351,-1.5824549866179327,-0.1719329684615818,-0.32896389224195105,-1.605367827349809,True
FOXN4,NEUTRAL,-0.020992854820777698,0.13750352374993502,-0.030286287544037956,0.10721723620589707,-0.053199128275913006,-0.05319912827591317,False
LINC01018,DSG,0.0274275911614692,-0.7369655941662062,0.03956964975218158,-0.6973959444140246,-0.8578123088958354,0.016656809020305603,False
MAL2,DCG,-0.9364847718096317,1.355204249761661,-1.3510619361577882,0.004142313603872738,-0.15988540133741636,-1.3739747768896637,True
ZNF783,DIG,0.6447281592535855,0.53605290024021,0.9301461180766176,1.4661990183168276,1.3106016220451315,0.9072332773447402,True
MAST3,DIG,1.5638064675388053,0.45943161863729726,2.2560958356283223,2.7155274542656196,2.5549216731544515,2.2331829948964455,True
LINC00377,NEUTRAL,0.032438085310996685,0.13750352374993502,0.04679826481410805,0.18430178856404306,0.02388542408223213,0.02388542408223213,False
LACTB2-AS1,DCG,-0.8533362465253843,1.2172307162206693,-1.2311039710729739,-0.013873254852304617,-0.17484553549303444,-1.2540168118048494,True
METTL26,DCG,-0.8066513878944711,1.3025627700204314,-1.163751957041553,0.13881081297887832,-0.011569068066461668,-1.186664797773429,True
SRRM2-AS1,DCG,-1.087402142821001,1.4637968111986992,-1.5687896788998905,-0.10499286770119132,-0.26652791291717803,-1.591702519631766,True
IFI16,DCG,-0.8331503378000034,1.1963972128035036,-1.2019818606590296,-0.005584647855525926,-0.16990197534940207,-1.2248947013909055,True
LRRC56,NEUTRAL,0.024791750808778254,0.13750352374993502,0.035766935946779335,0.17327045969671434,0.012854095214902734,0.012854095214902416,False
NABP1,NEUTRAL,-0.01059572191106326,0.13750352374993502,-0.015286395455729497,0.12221712829420553,-0.03819923618760468,-0.038199236187605005,False
HR,NEUTRAL,-0.009983456759942746,0.13750352374993502,-0.014403083558498798,0.12310044019143622,-0.03731592429037327,-0.03731592429037376,False
RWDD2B,DIG,1.4248150881889217,0.5193741590935794,2.0555736619139284,2.574947821007508,2.4238989607996526,2.032660821182051,True
SCD,NEUTRAL,-0.05966915831995603,0.13750352374993502,-0.08608439880221899,0.05141912494771603,-0.10899723953409374,-0.10899723953409442,False
PPP1R42,DCG,-0.883048270647718,1.232660756790275,-1.273969360929038,-0.04130860413876292,-0.19807064494179125,-1.2968822016609145,True
CREB5,DSG,0.066975875691449,1.0874628412503395,0.09662576371924915,1.1840886049695887,1.0213378453908826,0.07371292298737334,False
CDH6,DCG,-1.0548665009400868,1.3692338096657193,-1.5218506697061565,-0.15261686004043717,-0.3088173740904339,-1.544763510438032,True
WTAPP1,NEUTRAL,-0.030849117839489838,0.13750352374993502,-0.044505869322831244,0.09299765442710378,-0.0674187100547063,-0.06741871005470597,False
SLC25A32,DCG,-0.9838606185449636,1.4681488357384063,-1.4194108353007673,0.048738000437638984,-0.1122690910674542,-1.4423236760326452,True
TGFB2-OT1,DCG,-1.0104433962364847,1.5067373334156542,-1.4577616768493784,0.04897565656627578,-0.10454710076842287,-1.480674517581254,True
KLHL8,NEUTRAL,0.008006351374152542,0.13750352374993502,0.01155072342310441,0.14905424717303942,-0.011362117308770953,-0.011362117308770792,False
HAUS6P1,DSG,0.09118644691954357,1.3457748368417302,0.1315542347671102,1.4773290716088403,1.313013351157893,0.10864139403523372,False
PSME2,NEUTRAL,-0.028763334471617618,0.13750352374993502,-0.04149672000163331,0.0960068037483017,-0.06440956073350937,-0.06440956073350937,False
MICAL1,DIG,1.7005698769092958,0.45943161863729726,2.453403728102196,2.9128353467394934,2.757773153103243,2.4304908873703184,True
MIR1291,DIG,-1.6447265613410271,0.5109619192773794,-2.3728388536650575,-1.861876934387678,-2.024426902188966,-2.3957516943969184,True
FAM107A,NEUTRAL,-0.010625066555530228,0.13750352374993502,-0.01532873082877864,0.12217479292115638,-0.038241571560654074,-0.03824157156065358,False
LINC02133,NEUTRAL,-0.00967062082036942,0.13750352374993502,-0.013951756699864521,0.1235517670500705,-0.03686459743173922,-0.036864597431739546,False
SBF1P2,NEUTRAL,0.00366361423387095,0.13750352374993502,0.0052854780869358384,0.14278900183687085,-0.01762736264493942,-0.01762736264493877,False
GDF6,DCG,-1.0707444075132264,1.3074285251922473,-1.544757646778923,-0.23732912158667574,-0.3997827894447977,-1.5676704875107985,True
TTC28-AS1,NEUTRAL,0.01621004224810764,0.13750352374993502,0.023386147563945477,0.1608896713138805,0.0004733068320705332,0.0004733068320698927,False
KRBA2,NEUTRAL,-0.02930033388489285,0.13750352374993502,-0.042271446392125774,0.09523207735780925,-0.06518428712400075,-0.06518428712400041,False
EEF1B2P7,NEUTRAL,-0.012819704829539001,0.13750352374993502,-0.018494924583236212,0.11900859916669881,-0.04140776531511154,-0.04140776531511203,False
CHST1,DIG,0.6872303199246066,0.3877301532831085,0.9914637745037658,1.3791939277868743,1.217925688495584,0.9685509337718904,True
RTN3P1,NEUTRAL,0.03563865947088431,0.13750352374993502,0.05141571728257528,0.1889192410325103,0.02850287655069935,0.02850287655069904,False
AUTS2,DSG,0.10142516130140544,-0.7369655941662062,0.14632557723090084,-0.5906400169353054,-0.7510563814171176,0.12341273649902398,False
TEAD4,DSG,0.08004942559396336,-0.7369655941662062,0.11548690933042101,-0.6214786848357852,-0.7818950493175973,0.09257406859854365,False
LINC01117,NEUTRAL,-0.051608385983508996,0.13750352374993502,-0.07445516252669192,0.0630483612232431,-0.09736800325856608,-0.09736800325856661,False
FLYWCH2,DCG,-0.8976714458396315,1.4014484345308889,-1.2950661432604622,0.10638229127042664,-0.05446463754227295,-1.317978983992338,True
ARHGAP17,DCG,-0.8009717907777942,1.3171110785895865,-1.155558030447076,0.16155304814251048,2.0546291345566893e-05,-1.1784708711789522,True
CCDC13-AS1,NEUTRAL,0.025709577361295022,0.13750352374993502,0.03709107976249149,0.1745946035124265,0.014178239030615913,0.014178239030615596,False
PLPPR5,NEUTRAL,0.004866335620442939,0.13750352374993502,0.007020638266914345,0.14452416201684937,-0.015892202464961033,-0.015892202464961033,False
ACOX1,DCG,0.8212190471499927,-0.7369655941662062,1.1847686468068543,0.4478030526406481,0.28738668815883783,1.1618558060749793,True
RPL10P9,DIG,1.4763065411954055,0.44183755862255913,2.1298601258145498,2.571697684437109,2.413546348056362,2.1069472850826734,True
MYH13,NEUTRAL,-0.000681255691157988,0.13750352374993502,-0.0009828442072110125,0.136520679542724,-0.0238956849390856,-0.023895684939085927,False
RPL10P1,DIG,1.139566902789378,0.4329594072761063,1.6440475194154311,2.0770069266915376,1.9160263062305085,1.621134678683555,True
FCF1P1,DSG,0.05736776682218793,1.1099176920780351,0.08276419270124494,1.1926818847792802,1.031305543418434,0.05985135196936997,False
TP53INP2,DCG,-0.8235649318208808,1.1154772174199363,-1.188153042988042,-0.0726758255681057,-0.2343950084313094,-1.211065883719919,True
WFIKKN1,DCG,-1.0054014403911307,1.415037499278844,-1.450487672154905,-0.035450172876061004,-0.19437730076821833,-1.4734005128867809,True
MED17,NEUTRAL,0.016303225731828238,0.13750352374993502,0.023520582913801942,0.16102410666373695,0.0006077421819267439,0.0006077421819270641,False
LINC02005,NEUTRAL,-0.02249072021631088,0.13750352374993502,-0.032447250522092866,0.10505627322784215,-0.055360091253968145,-0.055360091253968645,False
LINC00174,DSG,-0.0208736875415472,-3.321928094887362,-0.030114365501255888,-3.352042460388618,-3.512458824870429,-0.05302720623313138,False
SYNE4,DSG,-0.02754217266494764,1.0473057147783567,-0.03973495591902752,1.0075707588593292,0.8472512972624453,-0.06264779665090406,False
SLC39A7,DSG,-0.12555071445684732,1.1429579538420431,-0.18113139312695992,0.9618265607150832,0.7975964710335984,-0.20404423385883705,False
RMDN2-AS1,DIG,1.5260606970117816,0.5525410230287789,2.2016401996744523,2.7541812227032314,2.5844045210528583,2.1787273589425755,True
RPS6KC1,DCG,-0.775190923144656,1.0761029790857917,-1.1183641005629328,-0.04226112147714112,-0.20430383789970827,-1.1412769412948087,True
FLRT1,DIG,-0.7783429430208426,0.5109619192773794,-1.1229115040070907,-0.6119495847297113,-0.7640955797788843,-1.145824344738967,True
TEX48,NEUTRAL,-0.025408106310827176,0.13750352374993502,-0.03665614897300994,0.10084737477692507,-0.05956898970488517,-0.05956898970488533,False
GET3,DIG,0.6038760880495634,0.5443205162238104,0.8712090375405321,1.4155295537643426,1.2536836630797021,0.8482961968086556,True
MYRIP,NEUTRAL,-0.03576109372809142,0.13750352374993502,-0.05159235257828291,0.08591117117165212,-0.07450519331015792,-0.07450519331015742,False
FOLR3,DIG,-0.6603519706863686,0.5849625007211562,-0.9526865133504783,-0.3677240126293221,-0.5188656245672778,-0.9755993540823531,True
NAA20,DSG,-0.042144892667862296,1.3877301532831086,-0.06080222765072257,1.326927925632386,1.1664179783013862,-0.0837150683825985,False
LRATD1,DIG,1.0363678415068391,0.5193741590935794,1.4951627454787162,2.014536904572296,1.8475499260558252,1.4722499047468398,True
SLCO4C1,NEUTRAL,0.02931145479055467,0.13750352374993502,0.042287490467574275,0.1797910142175093,0.01937464973569955,0.019374649735699866,False
PLEKHG1,DIG,-1.4638870824691548,0.44183755862255913,-2.1119426342996626,-1.6701050756771034,-1.8214269923376758,-2.1348554750315394,True
CDKN2AIPNL,NEUTRAL,0.013017227759135483,0.13750352374993502,0.018779889934226916,0.15628341368416193,-0.004132950797648429,-0.004132950797649072,False
MIR4458,DSG,-0.09072455041648927,1.2927817492278462,-0.13088785897274982,1.1618938902550964,1.001660102324503,-0.15380069970462387,False
LINC02515,NEUTRAL,0.0327360989925801,0.13750352374993502,0.0472282076746455,0.18473173142458052,0.024315366942771168,0.024315366942770537,False
E2F3P2,DIG,-1.079098973107794,0.405992359675837,-1.5568107371309874,-1.1508183774551504,-1.3171153772001263,-1.5797235778628553,True
CLK2,DCG,-0.9047032946736682,1.3923174227787602,-1.3052109567016077,0.08710646607715256,-0.07185497739976561,-1.3281237974334843,True
ELOA-AS1,NEUTRAL,0.016143710789540355,0.13750352374993502,0.023290451497615525,0.16079397524755054,0.00037761076574049734,0.00037761076574017706,False
MPC1,NEUTRAL,0.03367935572733323,0.13750352374993502,0.04858903948815896,0.18609256323809398,0.02567619875628333,0.02567619875628333,False
CALML4,NEUTRAL,-0.010150387491676538,0.13750352374993502,-0.014643913697343107,0.12285961005259191,-0.03755675442921948,-0.0375567544292203,False
CUL1,DIG,-1.1963299453661091,0.5688428353578793,-1.7259392794466502,-1.1570964440887708,-1.3237200626173522,-1.7488521201785276,True
SYNPO2L,DIG,-0.8811282634604928,0.415037499278844,-1.271199376081557,-0.856161876802713,-1.0069422822486735,-1.2941122168134334,True
ISCA2,NEUTRAL,0.029497548650151046,0.13750352374993502,0.042555967155953854,0.18005949090588888,0.01964312642407723,0.019643126424077544,False
TUBA1A,DIG,-1.7196629975014868,0.4681488357384065,-2.480949278495645,-2.0128004427572384,-2.173749135773076,-2.5038621192275223,True
OGFOD1,NEUTRAL,-0.05896012122394533,0.13750352374993502,-0.08506147449999805,0.052442049249936964,-0.10797431523187415,-0.10797431523187398,False
DELEC1,NEUTRAL,-0.01721726484663979,0.13750352374993502,-0.024839262611919103,0.11266426113801592,-0.0477521033437944,-0.04775210334379473,False
FKBP3,NEUTRAL,-0.0718170083748626,0.13750352374993502,-0.10361004183389544,0.03389348191603958,-0.12652288256577104,-0.12652288256577157,False
COL23A1,DIG,-0.8508874709289147,0.5193741590935794,-1.2275711346636973,-0.7081969755701178,-0.8687451818985551,-1.2504839753955754,True
SNORA64,DCG,-1.124593593221711,1.4681488357384063,-1.6224455999564626,-0.15429676421805638,-0.3162356405583802,-1.6453584406883388,True
EMC10,DIG,-1.7122520875257279,0.53605290024021,-2.470257595425143,-1.934204695184933,-2.090456885727421,-2.4931704361570204,True
DBH-AS1,NEUTRAL,0.01170756784200689,0.13750352374993502,0.016890450066534442,0.15439397381646947,-0.0060223906653405004,-0.00602239066534034,False
STK25,NEUTRAL,-0.027651700776552376,0.13750352374993502,-0.039892971582477614,0.0976105521674574,-0.06280581231435219,-0.06280581231435285,False
SLC35A4,DIG,1.0141432345919235,0.37851162325372983,1.4630994152968606,1.8416110385505904,1.6828043979198768,1.440186574564984,True
COX4I2,DCG,0.829975865121893,-0.7369655941662062,1.1974020646688823,0.4604364705026761,0.3000201060208651,1.1744892239370066,True
MRE11,NEUTRAL,-0.029300639569366016,0.13750352374993502,-0.04227188740159928,0.09523163634833573,-0.06518472813347378,-0.06518472813347462,False
DDX6,NEUTRAL,-0.043222717797698394,0.13750352374993502,-0.06235720062048261,0.07514632312945241,-0.0852700413523582,-0.08527004135235838,False
CCL15,DIG,-0.7624732747491512,0.49398884067366594,-1.1000164122909686,-0.6060275716173027,-0.7536010040026216,-1.1229292530228434,True
YBX1P10,DIG,-0.8131337465589016,0.4681488357384065,-1.1731040237399906,-0.7049551880015841,-0.8673783699290862,-1.1960168644718683,True
AIDAP2,NEUTRAL,0.020609589885081367,0.13750352374993502,0.029733353121962233,0.16723687687189726,0.006820512390086664,0.006820512390086346,False
RPS26P6,DCG,2.0794415416798357,-3.321928094887362,3.0,-0.3219280948873622,-0.482344459369173,2.9770871592681245,True
SLC19A3,NEUTRAL,0.00669893025592133,0.13750352374993502,0.009664513459478738,0.14716803720941377,-0.01324832727239522,-0.013248327272395381,False
PPL,DCG,-0.9039149542207103,1.1699250014423124,-1.3040736218395932,-0.13414862039728082,-0.29434604012934595,-1.3269864625714693,True
TES,DIG,-0.9236907346376364,0.5025003405291834,-1.3326040421768015,-0.8301037016476182,-0.9752303422605942,-1.355516882908679,True
FAM230I,NEUTRAL,-0.017888842015936074,0.13750352374993502,-0.025808143663637102,0.11169538008629792,-0.04872098439551304,-0.048720984395512874,False
ELK4,DCG,-0.7802860558984133,1.1043366598147357,-1.1257148233194494,-0.021378163504713665,-0.18652764153633367,-1.1486276640513253,True
ARHGEF1,DSG,0.12534439427858354,1.341036917835067,0.18083373602894345,1.5218706538640103,1.3590416782714525,0.15792089529706677,False
CEP83-DT,DIG,-1.0246939187429558,0.4240262825060986,-1.478320834999541,-1.0542945524934424,-1.2100081884206453,-1.5012336757314149,True
TBILA,DIG,-1.6454240080998848,0.5109619192773794,-2.3738450566453455,-1.862883137367966,-2.026394180019298,-2.3967578973772206,True
PRKAA1,DSG,-0.10056137731496717,1.4329594072761063,-0.14507940035726705,1.2878800069188392,1.1277098164944657,-0.16799224108914437,False
LTK,NEUTRAL,0.0832855848241198,0.13750352374993502,0.12015570020329475,0.25765922395322977,0.09724285947141889,0.0972428594714192,False
POLR1C,DSG,0.013837318755363712,1.159198594849254,0.019963031147563072,1.1791616259968172,1.016306444724234,-0.002949809584312551,False
GARRE1,DSG,0.009248307826737398,1.359895945086383,0.013342487838248632,1.3732384329246317,1.2146911264723972,-0.009570352893627074,False
FARP2,NEUTRAL,0.04651098138263298,0.13750352374993502,0.06710116218760351,0.20460468593753853,0.0441883214557287,0.0441883214557287,False
LMOD1,DCG,-0.9173978256331012,1.20685157044067,-1.3235252935631932,-0.11667372312252322,-0.27133804086824714,-1.3464381342950686,True
ERCC8,NEUTRAL,-0.018462419580935325,0.13750352374993502,-0.02663564117222669,0.11086788257770833,-0.049548481904101715,-0.04954848190410155,False
NISCH,NEUTRAL,-0.003212457647578337,0.13750352374993502,-0.004634596717227092,0.13286892703270792,-0.027547437449102152,-0.027547437449102315,False
NPM1P39,NEUTRAL,-0.055585808436051036,0.13750352374993502,-0.08019337017449474,0.05731015357544028,-0.10310621090637039,-0.10310621090637057,False
SMYD2,DCG,-0.9762620340066573,1.4681488357384063,-1.4084483950695772,0.05970044066882907,-0.10143539510995715,-1.4313612358014536,True
BRWD1P2,DIG,-1.329327538830795,0.5525410230287789,-1.9178142479883191,-1.36527322495954,-1.5163617488281795,-1.9407270887201797,True
HEPACAM2,DSG,0.10897580262440987,1.2927817492278462,0.1572188500231306,1.4500005992509768,1.2839132557391872,0.13430600929125527,False
WNT6,NEUTRAL,0.013394792952731636,0.13750352374993502,0.019324601366640368,0.1568281251165754,-0.0035882393652362887,-0.0035882393652359673,False
RXFP2,NEUTRAL,0.036381848988710365,0.13750352374993502,0.05248791311438359,0.1899914368643186,0.029575072382507953,0.02957507238250764,False
PCARE,DIG,-1.2051202868794808,0.415037499278844,-1.7386210615557118,-1.323583562276868,-1.483977611619989,-1.761533902287585,True
YOD1,DCG,-0.9828364287041086,1.450661409009565,-1.4179332416964368,0.03272816731312833,-0.12410451909525749,-1.4408460824283142,True
AXDND1,DCG,-0.988255577836646,1.4284997590854065,-1.4257514212757862,0.0027483378096202493,-0.16746962107327987,-1.4486642620076589,True
CYP3A7-CYP3A51P,DSG,-0.13599680829478653,1.2479275134435854,-0.19620192090361557,1.0517255925399698,0.8910112288194016,-0.21911476163549187,False
ANO3,DIG,1.2548405276171823,0.4329594072761063,1.8103522062997994,2.243311613575906,2.0869419199203505,1.7874393655679213,True
TLR4,NEUTRAL,-0.03664732393692307,0.13750352374993502,-0.05287091250565032,0.0846326112442847,-0.0757837532375271,-0.07578375323752744,False
MCMDC2,DCG,-1.0006337025516887,1.4059923596758368,-1.4436092804176834,-0.03761692074184664,-0.20091023112661197,-1.466522121149559,True
GALK2,NEUTRAL,0.04101380281282042,0.13750352374993502,0.05917040992605384,0.19667393367598884,0.03625756919417752,0.03625756919417814,False
GLS2,DIG,0.7878231730106813,0.5277376320282061,1.1365885847999178,1.6643262168281239,1.5089065964739052,1.1136757440680398,True
TDO2,NEUTRAL,0.020246610265847367,0.13750352374993502,0.029209684225349575,0.1667132079752846,0.006296843493473237,0.006296843493472918,False
MUC21,DSG,0.11176296515630327,1.2016338611696507,0.16123987558604475,1.3628737367556953,1.1995204887654394,0.13832703485416944,False
FOXC2,NEUTRAL,0.04948495894770995,0.13750352374993502,0.07139170487245508,0.2088952286223901,0.0484788641405803,0.04847886414057968,False
MSRA,NEUTRAL,-0.05077326552836767,0.13750352374993502,-0.07325033838751459,0.06425318536242043,-0.09616317911938926,-0.09616317911938943,False
CFAP52,NEUTRAL,0.02634539686873337,0.13750352374993502,0.03800837341277326,0.17551189716270826,0.015095532680898046,0.015095532680898046,False
DNAJC8P1,DIG,-0.5605691155172701,0.49398884067366594,-0.808730283032278,-0.31474144235861207,-0.47326591549265984,-0.8316431237641542,True
SLC7A9,DSG,-0.03084449554224379,1.3968901525685844,-0.04449920075751686,1.3523909518110675,1.1933491433285772,-0.06741204148939287,False
PNLIPRP2,NEUTRAL,-0.01817754851970578,0.13750352374993502,-0.026224659104898046,0.11127886464503697,-0.049137499836773665,-0.04913749983677333,False
MAGOH3P,NEUTRAL,0.025487611489163172,0.13750352374993502,0.036770850699520276,0.1742743744494553,0.0138580099676448,0.013858009967644483,False
WSCD2,DIG,-1.3426273980610246,0.3692338096657191,-1.9370018889442924,-1.5677680792785733,-1.7198511460297772,-1.9599147296761688,True
TFCP2,DIG,1.1110179912344007,0.44183755862255913,1.6028601462922878,2.0446977049148467,1.8862632491875306,1.5799473055604123,True
RNA5SP333,DIG,1.028806506426017,0.45943161863729726,1.4842540448551143,1.9436856634924116,1.7968131403485474,1.461341204123237,True
CT62,NEUTRAL,-0.051912955655347176,0.13750352374993502,-0.07489456368185804,0.06260896006807698,-0.0978074044137325,-0.09780740441373267,False
KCNK9,DCG,-0.8727745421145571,1.132028393683784,-1.2591475037228073,-0.1271191100390232,-0.2865165018218723,-1.2820603444546816,True
PHACTR1,DSG,-0.07297590120039998,1.4418375586225591,-0.10528197076622002,1.336555587856339,1.1708100125084189,-0.12819481149809533,False
RAD51D,DIG,0.5623235144685952,0.3968901525685844,0.8112613456990956,1.20815149826768,1.0429873208167746,0.7883485049672192,True
DNAJC25,NEUTRAL,-0.054484387495050225,0.13750352374993502,-0.07860435564498161,0.05889916810495341,-0.10151719637685697,-0.10151719637685662,False
ZNF155,DIG,-0.9238895400262658,0.44183755862255913,-1.332890857725079,-0.89105329910252,-1.0495562676248675,-1.3558036984569564,True
CCL15-CCL14,DIG,-1.0863476054408012,0.4329594072761063,-1.5672683030510441,-1.1343088957749379,-1.2889795182104717,-1.590181143782921,True
USP43,NEUTRAL,0.040062240844807154,0.13750352374993502,0.05779759619370256,0.19530111994363758,0.03488475546182851,0.03488475546182851,False
KSR2,DIG,0.7047488316713485,0.45943161863729726,1.0167376445245453,1.4761692631618426,1.3154178202950715,0.9938248037926689,True
C20orf202,DSG,0.09994671928827223,-0.7369655941662062,0.14419263627031165,-0.5927729578958946,-0.7531893223777039,0.12127979553843685,False
KIF1C,NEUTRAL,0.01790421208405734,0.13750352374993502,0.02583031798469378,0.1633338417346288,0.0029174772528174674,0.0029174772528174674,False
HBB,NEUTRAL,-0.0013965065411219873,0.13750352374993502,-0.0020147330614456904,0.13548879068848932,-0.024927573793321143,-0.02492757379332049,False
TFPI2,DSG,-0.06358377202077549,-0.7369655941662062,-0.09173199257538722,-0.8286975867415934,-0.9891139512234055,-0.1146448333072633,False
CA13,DCG,0.8745052895848323,-0.7369655941662062,1.2616444445152044,0.5246788503489982,0.36426248586718535,1.2387316037833278,True
MBD5,NEUTRAL,0.006075830991891352,0.13750352374993502,0.008765571241281125,0.14626909499121615,-0.014147269490594534,-0.014147269490594371,False
GJB5,NEUTRAL,-0.026968817976219743,0.13750352374993502,-0.03890777995292936,0.09859574379700567,-0.061820620684805566,-0.06182062068480573,False
GSTM5P1,DIG,-1.2402465144427932,0.53605290024021,-1.7892974958664398,-1.2532445956262297,-1.4069559670078966,-1.8122103365983036,True
LINC02447,NEUTRAL,0.04822778286601828,0.13750352374993502,0.0695779831738743,0.20708150692380933,0.04666514244199826,0.04666514244199857,False
LINC00485,NEUTRAL,0.04409632840773629,0.13750352374993502,0.06361755431525228,0.2011210780651873,0.04070471358337623,0.04070471358337623,False
TM9SF2,DIG,1.1515553026617307,0.4240262825060986,1.661343124459468,2.0853694069655666,1.9337391021140118,1.638430283727591,True
EHBP1,DIG,0.862552212691257,0.5277376320282061,1.244399799757479,1.772137431785685,1.6142887140660747,1.221486959025603,True
HSD17B7P2,DSG,0.08412595909895239,1.2377676472233639,0.12136810400208638,1.3591357512254503,1.197281391368222,0.09845526327020945,False
ATP4A,DSG,-0.061709647570831076,1.0987339535853597,-0.08902820252544366,1.0097057510599161,0.8485048967452241,-0.11194104325731845,False
CTNNA3,DIG,-1.5058430712488475,0.5109619192773794,-2.1724723312477185,-1.661510411970339,-1.8125747304195061,-2.195385171979593,True
HHIP-AS1,NEUTRAL,-0.04465388616932211,0.13750352374993502,-0.06442194013290128,0.07308158361703374,-0.08733478086477577,-0.08733478086477595,False
RPS25,NEUTRAL,0.03012407980025232,0.13750352374993502,0.04345986053916742,0.18096338428910244,0.020547019807291678,0.020547019807291993,False
CYFIP2,DIG,0.8820449285922173,0.4329594072761063,1.2725218443212518,1.705481251597358,1.545337134111864,1.2496090035893743,True
SLC35B3,DSG,0.06352775356473629,1.175258445745353,0.09165117502666122,1.2669096207720143,1.1122774403574789,0.06873833429478521,False
NIPSNAP3B,NEUTRAL,-0.009943919587875756,0.13750352374993502,-0.014346043476426979,0.12315748027350804,-0.03725888420830271,-0.03725888420830271,False
F2,DIG,-1.3796423168704628,0.4329594072761063,-1.9904031287495767,-1.5574437214734704,-1.717731301709946,-2.013315969481444,True
UBA52P5,DCG,-0.850105300547054,1.070389327891398,-1.2264427013326566,-0.15605337344125858,-0.3204355488923956,-1.2493555420645306,True
ZFP14,DSG,-0.04210029108377462,-0.7369655941662062,-0.06073788116654349,-0.7977034753327497,-0.9581198398145623,-0.08365072189842063,False
UCK2,DCG,-0.9178164669990972,1.3877301532831086,-1.3241292653858265,0.06360088789728202,-0.09675908395978958,-1.3470421061177031,True
TCP1,NEUTRAL,0.056898338094611915,0.13750352374993502,0.0820869502039202,0.21959047395385523,0.05917410947204484,0.05917410947204454,False
ADH6,NEUTRAL,-0.00208511895228183,0.13750352374993502,-0.0030081907721205875,0.13449533297781444,-0.02592103150399643,-0.025921031503996265,False
SCN1A-AS1,NEUTRAL,-0.004067467004803944,0.13750352374993502,-0.0058681144768101354,0.1316354092731249,-0.028780955208685337,-0.028780955208685663,False
EGLN2,DSG,0.1081013056143597,1.273018494406416,0.155957217523459,1.428975711929875,1.2636437609739815,0.13304437679158318,False
LMO7DN,NEUTRAL,0.005919770579645381,0.13750352374993502,0.008540423658454775,0.1460439474083898,-0.014372417073421245,-0.014372417073421245,False
ZNF620,NEUTRAL,0.04006838347376325,0.13750352374993502,0.05780645813403554,0.19530998188397056,0.03489361740215957,0.03489361740215895,False
EPHX4,NEUTRAL,0.0048809637910684055,0.13750352374993502,0.007041742256132984,0.144545266006068,-0.015871098475742872,-0.015871098475743032,False
SNORA81,DSG,0.06748899516261085,1.126532405928932,0.09736603863567792,1.2238984445646097,1.0692149843266006,0.07445319790380157,False
MEIS2,NEUTRAL,0.02863860889001752,0.13750352374993502,0.04131677902358686,0.17882030277352187,0.018403938291712878,0.018403938291712562,False
LINC00612,DIG,-0.7826398282217835,0.4240262825060986,-1.1291105989777572,-0.7050843164716587,-0.8568126145228243,-1.1520234397096316,True
CACNA1H,DCG,-0.8480757188138528,1.1538053360790355,-1.2235146338310885,-0.06970929775205303,-0.23011406422221686,-1.2464274745629647,True
THORLNC,NEUTRAL,0.060430867008571705,0.13750352374993502,0.08718331214988687,0.22468683589982189,0.06427047141801137,0.06427047141801198,False
SYT13,DIG,-1.2008787305870534,0.5109619192773794,-1.7325017893269756,-1.2215398700495963,-1.3782151656129198,-1.7554146300588527,True
GGNBP1,DSG,0.09858590658217622,1.4195388915137848,0.14222939852764827,1.561768290041433,1.402237560936734,0.11931655779577248,False
TTC29,NEUTRAL,-0.007263657837477545,0.13750352374993502,-0.010479243140843107,0.1270242806090919,-0.033392083872718754,-0.03339208387271925,False
GPR18,DIG,0.8515539897834115,0.3410369178350672,1.2285327181097387,1.569569635944806,1.419817339050168,1.2056198773778624,True
ATP6V1G1,NEUTRAL,-0.020562737377475885,0.13750352374993502,-0.029665759241586587,0.10783776450834844,-0.05257859997346315,-0.052578599973463314,False
EFCAB14-AS1,NEUTRAL,-0.024149744941310624,0.13750352374993502,-0.03484071726556217,0.10266280648437284,-0.0577535579974372,-0.05775355799743703,False
NSFL1C,DSG,0.0214327836100234,1.2016338611696507,0.030920970626627017,1.2325548317962776,1.0707134903156073,0.008008129894751085,False
BACE2,DIG,1.0505600076455919,0.4240262825060986,1.515637713186567,1.9396639956926656,1.7853008565184907,1.49272487245469,True
PTHLH,DSG,-0.08037334803555152,1.341036917835067,-0.11595423063053288,1.2250826872045342,1.062516833631293,-0.1388670713624101,False
ATG9B,DIG,1.4176492663688944,0.5025003405291834,2.0452355663102812,2.5477359068394647,2.380199240283663,2.022322725578404,True
IMMP1L,DIG,0.8184803295826312,0.5193741590935794,1.1808175125540263,1.7001916716476058,1.5452063569638679,1.1579046718221484,True
SPAG16-DT,NEUTRAL,0.046722677113203964,0.13750352374993502,0.06740657456827563,0.20491009831821067,0.0444937338363998,0.0444937338363998,False
ZNF738,DIG,-1.6346701927333023,0.5443205162238104,-2.358330580545341,-1.814010064321531,-1.969482629464406,-2.381243421277219,True
ANAPC13,DIG,-0.6927463368585185,0.53605290024021,-0.99942170477978,-0.46336880453956997,-0.6254286405137086,-1.0223345455116581,True
ARPC3P5,DSG,-0.02516705264172625,1.4724877714627438,-0.03630838204000995,1.436179389422734,1.2774130128512247,-0.05922122277188795,False
HINT3,DIG,-0.7571084796965527,0.4854268271702419,-1.092276649073199,-0.6068498219029571,-0.7610700717599241,-1.1151894898050765,True
PRAL,NEUTRAL,0.0442219982020728,0.13750352374993502,0.06379885750433109,0.2013023812542661,0.04088601677245435,0.040886016772455284,False
POLH,DSG,0.02211581525383572,1.3267290811511836,0.031906376991925285,1.3586354581431088,1.1943602852402606,0.008993536260048555,False
GON4L,DCG,-1.0727258832360282,1.4681488357384063,-1.5476163119778512,-0.07946747623944495,-0.24403792706638158,-1.570529152709728,True
H4C8,DSG,-0.025196640669425008,1.355204249761661,-0.03635106854084063,1.3188531812208204,1.1581543224733544,-0.05926390927271606,False
METTL14,NEUTRAL,-0.07260157726405284,0.13750352374993502,-0.10474193547956595,0.03276158827036907,-0.12765477621144083,-0.12765477621144083,False
CHURC1,NEUTRAL,-0.014408536423910257,0.13750352374993502,-0.020787124045243327,0.11671639970469169,-0.04369996477712046,-0.043699964777120126,False
GRIK3,NEUTRAL,0.0038324156218066947,0.13750352374993502,0.0055290070122059115,0.14303253076214092,-0.01738383371966963,-0.017383833719669794,False
B3GNTL1,DCG,-0.9539467927691483,1.3362833878644325,-1.376254307199982,-0.039970919335549526,-0.20136114550079,-1.3991671479318584,True
RBM7P1,DIG,-1.279581333079806,0.37851162325372983,-1.8460456436483252,-1.4675340203945955,-1.6198411363193306,-1.8689584843802007,True
EXPH5,NEUTRAL,0.008096522693996392,0.13750352374993502,0.011680813139073544,0.14918433688900856,-0.011232027592801803,-0.011232027592802125,False
CUBN,DSG,0.15234598853861664,1.446256229889564,0.2197888021639891,1.6660450320535531,1.506744039308401,0.19687596143211236,False
ZNF25,DSG,-0.06992141698943022,1.373880174522084,-0.1008752815425803,1.273004892979504,1.117965025392149,-0.12378812227445676,False
KANSL1L,NEUTRAL,-0.03738618534648469,0.13750352374993502,-0.0539368641971291,0.08356665955280593,-0.07684970492900432,-0.07684970492900416,False
BEND4,NEUTRAL,-0.019089793995616514,0.13750352374993502,-0.027540751129067856,0.10996277262086716,-0.05045359186094367,-0.05045359186094367,False
LINC01142,DCG,-0.8112817769003983,1.0817940911636472,-1.170432196297791,-0.08863810513414383,-0.24809432704851142,-1.1933450370296634,True
NBEAL2,NEUTRAL,-0.021126010410131027,0.13750352374993502,-0.03047839045246465,0.10702513329747038,-0.05339123118433938,-0.053391231184339215,False
NUDT21,NEUTRAL,0.01952801909934142,0.13750352374993502,0.02817297631300483,0.16567650006293985,0.005260135581129438,0.005260135581130076,False
KLK11,DIG,-1.5411700936198685,0.53605290024021,-2.2234384512317638,-1.6873855509915536,-1.8494256391735084,-2.24635129196364,True
DYNC1LI2,NEUTRAL,0.002222351671457403,0.13750352374993502,0.0032061757355228942,0.14070969948545792,-0.019706664996351438,-0.019706664996351923,False
MRPL18,NEUTRAL,-0.015375549002675092,0.13750352374993502,-0.022182228297104603,0.11532129545283042,-0.045095069028980056,-0.045095069028980056,False
MED11,NEUTRAL,-0.04625004991282872,0.13750352374993502,-0.06672471765010503,0.07077880609982999,-0.0896375583819799,-0.08963755838198006,False
RHOT1,DIG,-1.24684292355079,0.49398884067366594,-1.7988141025742217,-1.3048252619005558,-1.4597504282034792,-1.8217269433060994,True
CUL7,DSG,0.16933636045966466,1.4681488357384063,0.24430072747734416,1.7124495632157504,1.5493243909267649,0.22138788674546858,False
ARPC1B,DSG,0.010852883483429368,1.3968901525685844,0.015657401180889288,1.4125475537494736,1.2558124678066784,-0.007255439550988272,False
LIN54,NEUTRAL,-0.0843911746807872,0.13750352374993502,-0.12175072920676595,0.015752794543169066,-0.14466356993864196,-0.14466356993864143,False
DPY19L1P2,DSG,0.0034362828493808726,1.4329594072761063,0.004957508225893582,1.437916915502,1.2732774736971475,-0.017955332505980793,False
ARSI,DIG,-1.5788261519812317,0.44183755862255913,-2.2777646598891277,-1.8359271012665686,-1.9927351914883784,-2.3006775006210045,True
AGL,NEUTRAL,0.027719768280222584,0.13750352374993502,0.039991172232468314,0.17749469598240333,0.017078331500592896,0.01707833150059321,False
FAM120B,NEUTRAL,-0.03936728633129235,0.13750352374993502,-0.05679498876341135,0.08070853498652367,-0.07970782949528538,-0.07970782949528571,False
LDB3,NEUTRAL,-0.025196165174622937,0.13750352374993502,-0.036350382546847713,0.1011531412030873,-0.05926322327872439,-0.05926322327872422,False
GBP1,NEUTRAL,-0.011152472448275745,0.13750352374993502,-0.016089616694778215,0.12141390705515681,-0.03900245742665291,-0.03900245742665308,False
RMND5B,DIG,1.3368882118331216,0.45943161863729726,1.9287219934345585,2.388153612071856,2.228287947173482,1.9058091527026821,True
TPPP3,NEUTRAL,0.03688913196013972,0.13750352374993502,0.05321976774159215,0.19072329149152717,0.030306927009715656,0.030306927009715344,False
SPON2,NEUTRAL,-0.05820083096481115,0.13750352374993502,-0.08396605020854987,0.05353747354138515,-0.10687889094042508,-0.10687889094042508,False
CRYZL2P,DCG,-0.8151073217848346,1.132028393683784,-1.1759512909312655,-0.04392289724748144,-0.20611957743195772,-1.1988641316631412,True
SPINK8,NEUTRAL,-0.01599501075951203,0.13750352374993502,-0.023075922701713616,0.1144276010482214,-0.04598876343359021,-0.04598876343359004,False
LINC02351,DIG,0.758068101957586,0.4681488357384065,1.0936610913503184,1.561809927088725,1.4150082075749604,1.0707482506184416,True
ZNF681,DIG,1.007028114918567,0.5277376320282061,1.4528344674287776,1.9805720994569838,1.8237717052985722,1.4299216266969008,True
HCG4B,DSG,0.10455728887576332,1.2878662588137295,0.15084428214985854,1.438710540963588,1.2796547798766955,0.1279314414179831,False
ISY1-RAB43,DSG,-0.003869642807194698,1.273018494406416,-0.005582714487951439,1.2674357799184646,1.107397543077772,-0.02849555521982677,False
ST8SIA5,NEUTRAL,-0.02121951938381792,0.13750352374993502,-0.030613295385081347,0.10689022836485368,-0.053526136116956814,-0.053526136116956814,False
C2orf88,NEUTRAL,0.013079317066077449,0.13750352374993502,0.018869465869444324,0.15637298961937934,-0.004043374862431005,-0.004043374862431165,False
RPL41P5,DIG,-1.2785707319480906,0.4329594072761063,-1.8445876544072826,-1.4116282471311763,-1.5685932055954799,-1.8675004951391583,True
NTRK2,NEUTRAL,0.0006604371723640855,0.13750352374993502,0.0009528094333883957,0.13845633318332343,-0.021960031298487687,-0.021960031298487035,False
FAM187A,NEUTRAL,-0.07219136615663321,0.13750352374993502,-0.10415012594917408,0.03335339780076094,-0.1270629666810511,-0.1270629666810511,False
CDKN2B,NEUTRAL,0.005414699682040058,0.13750352374993502,0.0078117603791822395,0.14531528412911726,-0.015101080352692881,-0.015101080352692073,False
NOXO1,DCG,-0.7604643214779623,1.282933963271499,-1.0971181053692467,0.1858158579022522,0.02849247238426491,-1.1200309461011217,True
PATL2,NEUTRAL,-0.00046787376801118167,0.13750352374993502,-0.0006749991648717651,0.13682852458506325,-0.023587839896747592,-0.02358783989674808,False
RPS24P17,NEUTRAL,0.014321788674277247,0.13750352374993502,0.020661973497039507,0.15816549724697454,-0.0022508672348361125,-0.002250867234836754,False
PTPRJ,DIG,0.7138332013794625,0.5277376320282061,1.0298436196520433,1.5575812516802494,1.3915858146800206,1.0069307789201647,True
GGPS1,DCG,-0.9916011852735491,1.359895945086383,-1.4305781125337675,-0.07068216744738454,-0.23151734968425403,-1.453490953265643,True
PCBP4,NEUTRAL,0.02446684669104257,0.13750352374993502,0.03529819838735766,0.17280172213729267,0.012385357655482215,0.012385357655482532,False
MRPL48,DSG,-0.08528579376516786,-0.7369655941662062,-0.12304139172328654,-0.8600069858894928,-1.0204233503713045,-0.14595423245516345,False
SIGLEC22P,DIG,0.744140894669128,0.4854268271702419,1.0735683784618275,1.5589952056320695,1.3947808749090451,1.0506555377299511,True
PHYKPL,DIG,-1.5610402508402312,0.415037499278844,-2.252105028515265,-1.8370675292364211,-1.9938012151130984,-2.2750178692471406,True
TSACC,DCG,-0.9082777037087337,1.3025627700204314,-1.3103677388906054,-0.007804968870174012,-0.16837209792793545,-1.3332805796224814,True
TMPRSS9,NEUTRAL,-0.027586478011766415,0.13750352374993502,-0.03979887502316784,0.09770464872676718,-0.06271171575504376,-0.0627117157550436,False
TRMT1L,DCG,-0.7961775553687684,1.1699250014423124,-1.1486414107976204,0.021283590644691985,-0.13876300327042326,-1.171554251529496,True
LINC02723,DIG,-0.9548277850624707,0.405992359675837,-1.3775253104126195,-0.9715329507367825,-1.1182111463444422,-1.4004381511444823,True
MAD2L2,NEUTRAL,0.001527587480765917,0.13750352374993502,0.0022038428830250534,0.13970736663296007,-0.020708997848851274,-0.020708997848851274,False
ZAN,DSG,-0.04725001000319054,1.4374053123072983,-0.06816735511355691,1.3692379571937414,1.2067105269295395,-0.09108019584543157,False
USP8,NEUTRAL,-0.006574807653690481,0.13750352374993502,-0.009485442396778059,0.12801808135315695,-0.032398283128653095,-0.032398283128653095,False
ALDH1B1,DIG,-1.6493897598064657,0.5025003405291834,-2.3795664269658268,-1.8770660864366433,-2.038640073961332,-2.402479267697704,True
LDHAP2,DCG,-0.8687267219117634,1.070389327891398,-1.2533077335898266,-0.18291840569842854,-0.3437796890612235,-1.2762205743217023,True
BLOC1S5,DSG,0.07465793892207183,1.4594316186372973,0.10770863824586414,1.5671402568831614,1.4022851903452564,0.08479579751398629,False
HSPE1P9,NEUTRAL,0.02246925477772829,0.13750352374993502,0.03241628244029925,0.16991980619023428,0.009503441708422992,0.009503441708422674,False
SMARCE1P1,NEUTRAL,-0.038408637963141895,0.13750352374993502,-0.05541195151672439,0.08209157223321062,-0.07832479224860044,-0.0783247922486006,False
ETV3L,DCG,-0.9272047109283411,1.3457748368417302,-1.3376736383452026,0.008101198496527573,-0.1548258597726164,-1.360586479077079,True
CHADL,NEUTRAL,-0.029732110346399335,0.13750352374993502,-0.04289436815191376,0.09460915559802126,-0.0658072088837895,-0.06580720888378967,False
TICAM1,NEUTRAL,0.006150343980384988,0.13750352374993502,0.00887307076026271,0.14637659451019774,-0.014039769971612591,-0.014039769971612591,False
ZSCAN9,DSG,-0.04754279012947153,-0.7369655941662062,-0.06858974754981334,-0.8055553417160195,-0.9659717061978311,-0.09150258828168888,False
CTSA,DCG,-0.7302073746855017,1.222392421336448,-1.0534665582793226,0.16892586305712554,0.010789964637731533,-1.0763793990111996,True
AP3S1,NEUTRAL,0.0022975888667737376,0.13750352374993502,0.0033147200640961643,0.14081824381403119,-0.019598120667778305,-0.019598120667778628,False
ANP32E,DCG,-1.047081700653756,1.3785116232537298,-1.510619576938756,-0.13210795368502626,-0.28874810495496006,-1.533532417670632,True
CYP4X1,NEUTRAL,0.03359627463718724,0.13750352374993502,0.048469178811413695,0.1859727025613487,0.025556338079537787,0.02555633807953747,False
SLC30A1,DCG,2.0794415416798357,-3.321928094887362,3.0,-0.3219280948873622,-0.48234445936917253,2.977087159268125,True
CYCS,DSG,0.12627552838772302,-0.7369655941662062,0.18217707859060153,-0.5547885155756047,-0.7152048800574164,0.15926423785872462,False
C11orf91,DIG,-1.7180557573967814,0.4854268271702419,-2.4786305211670685,-1.9932036939968265,-2.1470978239954754,-2.5015433618989436,True
MRPS31P5,NEUTRAL,-0.04744720285601894,0.13750352374993502,-0.06845184426443118,0.06905167948550384,-0.09136468499630558,-0.09136468499630558,False
PWAR1,NEUTRAL,-0.005464456041211701,0.13750352374993502,-0.007883543631811858,0.12961998011812317,-0.030796384363687902,-0.03079638436368774,False
SNORA70,NEUTRAL,0.0021362659339029116,0.13750352374993502,0.0030819802688617608,0.14058550401879677,-0.01983086046301414,-0.019830860463014466,False
LETMD1,DIG,-1.364181150054024,0.5277376320282061,-1.9680973800571433,-1.4403597480289372,-1.6014189996267236,-1.9910102207890212,True
APC2,NEUTRAL,0.019366550215529695,0.13750352374993502,0.02794002595507178,0.1654435497050068,0.005027185223196734,0.005027185223196095,False
IGSF10,DSG,0.01920357317199294,1.1429579538420431,0.027704899782582556,1.1706628536246257,1.007067848197272,0.00479205905070577,False
DBR1,DSG,-0.0660349493781121,1.3504972470841334,-0.09526829399315608,1.2552289530909773,1.0986499093018236,-0.11818113472503242,False
CFAP45,DCG,-0.8401966460646703,1.2479275134435854,-1.2121475346490393,0.035779978794546086,-0.12385481851436071,-1.235060375380916,True
RELN,DSG,0.11483623263595882,1.1645717669481057,0.16567366333826913,1.3302454302863749,1.1659421462923152,0.14276082260639356,False
TMEM101,NEUTRAL,-0.003724540827170514,0.13750352374993502,-0.005373376580947379,0.13213014716898763,-0.0282862173128218,-0.02828621731282196,False
SOX4,DSG,0.06297466869141595,1.5067373334156542,0.09085324222273126,1.5975905756383855,1.430539939146933,0.0679404014908545,False
TUBA1B,DIG,0.7079274788107834,0.44183755862255913,1.021323462989344,1.463161021611903,1.3047701500351823,0.9984106222574674,True
TNIP1,DIG,1.517344613566936,0.45943161863729726,2.1890655493125992,2.6484971679498965,2.485594454453433,2.1661527085807215,True
TM7SF3,DSG,-0.07282139373127082,1.446256229889564,-0.10505906360672707,1.341197166282837,1.181274451447613,-0.12797190433860384,False
CD2,DIG,1.572169820580149,0.415037499278844,2.2681616035862726,2.6831991028651165,2.520377473313703,2.2452487628543945,True
RBP7,NEUTRAL,0.0235728132468289,0.13750352374993502,0.03400838077100172,0.17151190452093673,0.011095540039127352,0.011095540039127034,False
RPL7P50,NEUTRAL,-0.021458676590446427,0.13750352374993502,-0.03095832630107715,0.10654519744885788,-0.053871167032952985,-0.053871167032952985,False
PLA2G3,NEUTRAL,0.014545005602317555,0.13750352374993502,0.020984007452165727,0.15848753120210074,-0.001928833279710977,-0.0019288332797108168,False
LAYN,NEUTRAL,0.027690751283274643,0.13750352374993502,0.03994930955487003,0.17745283330480505,0.017036468822995296,0.01703646882299561,False
RNF212B,DIG,-1.1962977241633337,0.4329594072761063,-1.7258927940771946,-1.2929333868010884,-1.460900657013876,-1.7488056348090695,True
ZIC2,DIG,0.7656253628229646,0.4681488357384065,1.1045639141235044,1.572712749861911,1.433698577778447,1.0816510733916274,True
GIHCG,DIG,1.48345203457044,0.44183755862255913,2.140168893671417,2.5820064522939763,2.4176028803324803,2.1172560529395406,True
MTMR6,NEUTRAL,0.047200349019314546,0.13750352374993502,0.06809570945839334,0.20559923320832835,0.045182868726518464,0.04518286872651815,False
LINC00867,NEUTRAL,0.036955604817702506,0.13750352374993502,0.053315667803551695,0.1908191915534867,0.030402827071676262,0.030402827071675635,False
ZNF665,DSG,0.05458650704104494,1.1645717669481057,0.07875168300756602,1.2433234499556718,1.0848651143314023,0.05583884227568872,False
RNU6-510P,NEUTRAL,0.05374972663800362,0.13750352374993502,0.07754446406978524,0.21504798781972026,0.05463162333790984,0.05463162333790984,False
BLZF2P,NEUTRAL,-0.06957398676141062,0.13750352374993502,-0.1003740456755615,0.037129478074373515,-0.12328688640743583,-0.12328688640743565,False
INPP5K,NEUTRAL,-0.031204288811879213,0.13750352374993502,-0.04501827272336511,0.0924852510265699,-0.06793111345524218,-0.06793111345524185,False
PPP4R3B,DIG,0.9287891704883674,0.5443205162238104,1.3399595302949416,1.884280046518752,1.729048038836551,1.3170466895630635,True
SAP30L,DIG,-1.538242578044974,0.44183755862255913,-2.2192149390297384,-1.7773773804071793,-1.9353298986263725,-2.242127779761615,True
RPL12P35,NEUTRAL,-0.008187604083377119,0.13750352374993502,-0.011812215807850397,0.12569130794208463,-0.03472505653972541,-0.03472505653972524,False
POLR2M,NEUTRAL,-0.01797576780218827,0.13750352374993502,-0.025933551064388518,0.1115699726855465,-0.048846391796263815,-0.04884639179626415,False
FUT8-AS1,NEUTRAL,0.01579060217734199,0.13750352374993502,0.022781023453901754,0.16028454720383678,-0.00013181727797407662,-0.00013181727797407662,False
MMP24,DCG,-0.7850580183727479,1.0588936890535687,-1.1325993099164802,-0.07370562086291144,-0.22890594142915524,-1.1555121506483566,True
MAN2A2,DIG,1.698493983656212,0.405992359675837,2.450408847200557,2.856401206876394,2.708458925419392,2.4274960064686804,True
RPS14P8,NEUTRAL,-0.02051984323055773,0.13750352374993502,-0.029603876068544602,0.10789964768139042,-0.052516716800420055,-0.05251671680042072,False
TMEM242,NEUTRAL,-0.024568109590638716,0.13750352374993502,-0.03544428987043106,0.10205923387950397,-0.05835713060230743,-0.05835713060230677,False
AKT3-IT1,DCG,-1.113008929208434,1.48971418557334,-1.605732462634143,-0.11601827706080292,-0.279909192739127,-1.6286453033660016,True
VCP,DIG,-0.8709117148118855,0.405992359675837,-1.2564600120112104,-0.8504676523353734,-1.0096647389528846,-1.2793728527430872,True
CAVIN2-AS1,NEUTRAL,-0.020325986412895444,0.13750352374993502,-0.02932419979906071,0.10817932395087432,-0.052237040530936696,-0.052237040530937195,False
KRT18P14,DIG,1.3433437176057144,0.4329594072761063,1.9380353195991082,2.3709947268752147,2.217245129656477,1.9151224788672288,True
GUCY1A1,NEUTRAL,-0.02169392909095714,0.13750352374993502,-0.031297723916920685,0.10620579983301434,-0.05421056464879749,-0.05421056464879749,False
PHF12,DSG,0.057720566062604534,1.3074285251922473,0.08327317441582337,1.3907016996080706,1.2203365195914304,0.0603603336839469,False
HAUS5,DSG,0.023540142425493644,-0.7369655941662062,0.033961246739079576,-0.7030043474271266,-0.8634207119089377,0.01104840600720356,False
SIGLEC5,DSG,-0.003127796894879423,1.373880174522084,-0.004512457069150442,1.3693677174529337,1.2094933910035426,-0.02742529780102739,False
EBLN3P,DIG,-1.223517454681454,0.44183755862255913,-1.7651625643100208,-1.3233250056874617,-1.4825145293368762,-1.7880754050418974,True
GP2,DCG,-0.8647964507579893,1.3219280948873624,-1.2476375508869277,0.07429054400043467,-0.08779417237784826,-1.2705503916188041,True
FAM169A,NEUTRAL,-0.03511375146321252,0.13750352374993502,-0.05065843510298429,0.08684508864695073,-0.07357127583486021,-0.07357127583485988,False
TENT5C,DIG,-1.0277600716185396,0.5109619192773794,-1.4827443585477529,-0.9717824392703734,-1.123701227486413,-1.505657199279629,True
ZNF548,DSG,-0.042066815037284,1.373880174522084,-0.06068958544028291,1.3131905890818012,1.152546063594239,-0.08360242617215917,False
WDR12,NEUTRAL,-0.006437849474212248,0.13750352374993502,-0.009287853510435632,0.1282156702394994,-0.03220069424231063,-0.032200694242310306,False
MALSU1,DSG,0.07292876695804175,1.1805722456418208,0.10521397042851373,1.2857862160703346,1.1251677259077022,0.08230112969663646,False
LINC00992,NEUTRAL,-0.015753638532548766,0.13750352374993502,-0.022727696186865393,0.11477582756306963,-0.04564053691873978,-0.045640536918740274,False
EPHA7,DIG,-1.5930264007291493,0.45943161863729726,-2.298251288337138,-1.838819669699841,-2.0037267731168793,-2.321164129069015,True
PNMA2,NEUTRAL,-0.0765224237680288,0.13750352374993502,-0.1103985212869389,0.027105002462996117,-0.13331136201881533,-0.13331136201881513,False
WNT9B,DIG,-0.7391666322878394,0.4681488357384065,-1.066392034792262,-0.5982431990538555,-0.7430256400046218,-1.0893048755241361,True
GLRX5P2,DCG,2.0794415416798357,-3.321928094887362,3.0,-0.3219280948873622,-0.482344459369169,2.977087159268119,True
DUSP6,DIG,-1.4155843013041791,0.415037499278844,-2.0422564514518076,-1.6272189521729636,-1.7787962306435745,-2.0651692921836835,True
CEACAM4,DIG,-1.0082015117628926,0.3968901525685844,-1.454527321237081,-1.0576371686684967,-1.2265208109100467,-1.4774401619689552,True
BHLHA15,DSG,-0.08539398771120124,1.3877301532831086,-0.12319748259268311,1.2645326706904254,1.101442476739989,-0.14611032332455998,False
SHD,NEUTRAL,0.03805468031786691,0.13750352374993502,0.054901298577201434,0.19240482232713646,0.03198845784532582,0.03198845784532551,False
TPRG1LP1,DSG,-0.07730128711877898,1.1538053360790355,-0.11152218358059635,1.042283152498439,0.8833547207362487,-0.13443502431246954,False
GNAS-AS1,DCG,-0.9435433096118787,1.3362833878644325,-1.3612452536410173,-0.02496186577658488,-0.18293065418419527,-1.3841580943728944,True
NR2C1,DIG,0.6909599116408035,0.5193741590935794,0.9968444379772636,1.516218597070843,1.3521000022234684,0.9739315972453859,True
RMRP,DIG,-0.598649939124152,0.3968901525685844,-0.863669298402894,-0.4667791458343096,-0.6249374227958877,-0.8865821391347715,True
RCVRN,NEUTRAL,-0.04348329562623806,0.13750352374993502,-0.0627331349614824,0.07477038878845262,-0.0856459756933581,-0.08564597569335827,False
LINC01619,DIG,-1.5192924748325312,0.5025003405291834,-2.191875719100813,-1.6893753785716297,-1.8421908227655919,-2.2147885598326886,True
KRT17,DIG,1.515853418952839,0.4768136968655339,2.186914210237841,2.6637279071033753,2.5090157736194367,2.164001369505966,True
KCNK2,DCG,-0.9776528678500821,1.0356239097307214,-1.4104549441581866,-0.37483103442746524,-0.5372268242438527,-1.4333677848900641,True
SLC29A1,DSG,-0.13210412453024473,1.4329594072761063,-0.19058596534076214,1.242373441935344,1.0838992746368652,-0.21349880607263677,False
DYNLL1,DIG,1.6595273360555116,0.3692338096657191,2.394191857946959,2.7634256676126783,2.6049776289841025,2.3712790172150813,True
RPL37P1,DCG,-0.7974993144421059,1.1043366598147357,-1.1505483060579742,-0.04621164624323848,-0.20518537392760816,-1.1734611467898448,True
RPS4XP2,DSG,0.056897310665179446,1.359895945086383,0.08208546793657312,1.441981413022956,1.2773870620726866,0.05917262720469831,False
SIRT4,DIG,0.7916623615759986,0.4240262825060986,1.1421273631041386,1.5661536456102372,1.4150803042813358,1.1192145223722616,True
ITGA8,DSG,0.06366887135150359,1.2428565238961637,0.09185476495781163,1.3347112888539754,1.1697600861721889,0.06894192422593401,False
SPTLC1P2,DSG,0.05876163071731456,1.2680350868921602,0.0847751132304183,1.3528102001225784,1.1924438661806132,0.06186227249854347,False
ROBO2,NEUTRAL,0.05328947393528766,0.13750352374993502,0.07688045977802117,0.21438398352795618,0.05396761904614427,0.05396761904614458,False
LINC00923,DIG,1.023960913424177,0.35989594508638295,1.4772633318611934,1.8371592769475764,1.6839225511959095,1.4543504911293164,True
ABHD1,DIG,-1.5826383222447742,0.49398884067366594,-2.283264459023365,-1.7892756183496992,-1.9559730934481183,-2.306177299755242,True
POLN,NEUTRAL,0.021605962320077585,0.13750352374993502,0.031170814692809735,0.16867433844274476,0.008257973960933234,0.008257973960933552,False
NECTIN1,NEUTRAL,-0.008474836657299707,0.13750352374993502,-0.012226604817830286,0.12527691893210474,-0.0351394455497055,-0.03513944554970583,False
HRC,DIG,-1.1622724922203187,0.4506614090095652,-1.6768047606879102,-1.226143351678345,-1.4067950091178583,-1.6997176014197874,True
PREB,DIG,0.6908958301179575,0.5109619192773794,0.996751987882041,1.5077139071594203,1.3429554928408716,0.9738391471501644,True
TRIB1,DCG,-0.8486231806963979,1.2680350868921602,-1.224304454374112,0.04373063251804821,-0.11831930795151206,-1.2472172951059888,True
RGR,DIG,-1.088724497487622,0.4329594072761063,-1.570697433419721,-1.1377380261436147,-1.2848250026893706,-1.5936102741515954,True
MCTP2,DIG,0.8393886267213098,0.35049724708413343,1.2109818091494309,1.5614790562335643,1.402477003333491,1.1880689684175534,True
PCDHGB3,DIG,1.6418199340741217,0.4681488357384065,2.3686454769213805,2.836794312659787,2.673969379102146,2.3457326361895023,True
EIF3H,DCG,-0.9079627105858736,1.1210154009613662,-1.309913299874341,-0.18889789891297482,-0.3519607552977308,-1.3328261406062178,True
FAM167A,NEUTRAL,0.030402861147606097,0.13750352374993502,0.04386205700648706,0.18136558075642206,0.020949216274610535,0.020949216274609904,False
WFDC12,DCG,-0.8256865790409568,1.1099176920780351,-1.1912139329109614,-0.0812962408329263,-0.2411649270324644,-1.2141267736428318,True
CYP4F8,DIG,1.0655531199723391,0.3968901525685844,1.5372682019878563,1.9341583545564407,1.7647116894303918,1.5143553612559804,True
PTCD2,NEUTRAL,0.020985620525198357,0.13750352374993502,0.030275850661681314,0.16777937441161633,0.00736300992980609,0.00736300992980609,False
KCTD16,DIG,1.0206968269059176,0.415037499278844,1.472554250428268,1.887591749707112,1.7204940447151635,1.449641409696393,True
RXFP1,NEUTRAL,0.03446021930849114,0.13750352374993502,0.049715587504306276,0.1872191112542413,0.026802746772431593,0.026802746772430965,False
PDHX,DIG,-1.4738345774379042,0.4768136968655339,-2.1262938359603454,-1.6494801390948115,-1.8082236397360627,-2.1492066766922218,True
ATOH8,DIG,0.7355303727653515,0.49398884067366594,1.0611460212117834,1.5551348618854492,1.393157532071893,1.0382331804799065,True
PDS5A,NEUTRAL,-0.019417648831123457,0.13750352374993502,-0.02801374567438519,0.10948977807554983,-0.0509265864062595,-0.05092658640625967,False
PCDHGB1,DIG,1.4589984935381133,0.4854268271702419,2.1048898912919043,2.5903167184621463,2.4344579828683264,2.081977050560027,True
ABCG8,DIG,0.6761470330549155,0.45943161863729726,0.9754739715001126,1.43490559013741,1.2734024620364797,0.9525611307682352,True
MATN3,DIG,1.1422403377787085,0.3877301532831085,1.6479044708166772,2.0356346240997856,1.8724218889265085,1.6249916300848015,True
KLRC4,DSG,0.1095229589812556,-3.321928094887362,0.1580082297857428,-3.1639198651016196,-3.3243362295834253,0.13509538905386678,False
LINC02389,DSG,-0.11750835800444913,1.2878662588137295,-0.1695287253560237,1.118337533457706,0.9587701235290962,-0.19244156608789864,False
EDNRA,NEUTRAL,0.013536884032819455,0.13750352374993502,0.01952959546323762,0.15703311921317264,-0.003383245268639622,-0.003383245268639301,False
TRARG1,NEUTRAL,-0.05083164377518517,0.13750352374993502,-0.07333456039469399,0.06416896335524103,-0.09624740112656889,-0.09624740112656906,False
PCDH1,DIG,0.8759119048393089,0.4768136968655339,1.2636737613672766,1.7404874582328105,1.5866512490669373,1.2407609206354004,True
CDHR2,DIG,-0.6073648327196103,0.44183755862255913,-0.8762422321749366,-0.43440467355237744,-0.5906326080829903,-0.8991550729068128,True
CA8,DCG,-0.8332812195394002,1.282933963271499,-1.2021706830954002,0.08076328017609868,-0.08145949815047207,-1.2250835238272757,True
C2orf72,NEUTRAL,-0.0056697137849223405,0.13750352374993502,-0.008179667960767256,0.12932385578916777,-0.03109250869264209,-0.03109250869264209,False
NDFIP1,DIG,0.9862775455053,0.3968901525685844,1.4228977238406353,1.8197878764092197,1.6646170449926119,1.39998488310876,True
PHLDA1,DIG,-0.7297892952246776,0.5443205162238104,-1.052863397114494,-0.5085428808906837,-0.6621524362928904,-1.0757762378463707,True
FAM110B,DCG,-0.8100718524734097,1.1154772174199363,-1.1686866443271242,-0.053209426907187884,-0.21431024646925173,-1.1915994850590004,True
SNX1,NEUTRAL,-0.000988290080649421,0.13750352374993502,-0.0014258011983126733,0.13607772255162234,-0.024338641930187494,-0.02433864193018733,False
ALG5,NEUTRAL,0.007302921732637869,0.13750352374993502,0.01053588896767689,0.1480394127176119,-0.012376951764198082,-0.01237695176419905,False
ANO4,NEUTRAL,0.04299406933590653,0.13750352374993502,0.06202733061854859,0.1995308543684836,0.03911448988667228,0.03911448988667228,False
RNU6-418P,DCG,-0.8553108043901243,1.185866545311334,-1.2339526559123826,-0.048086110601048615,-0.21082588280748674,-1.2568654966442523,True
TFEC,DIG,0.7002274269780328,0.53605290024021,1.0102146363956466,1.5462675366358565,1.3890711483806328,0.9873017956637709,True
TERF2IP,NEUTRAL,0.01359858506303314,0.13750352374993502,0.019618611233544643,0.15712213498347966,-0.003294229498331482,-0.003294229498331964,False
LINC00974,DIG,-1.3339123825147234,0.415037499278844,-1.9244287792343735,-1.5093912799555296,-1.669248635606194,-1.9473416199662388,True
CCDC32,NEUTRAL,0.015585025912235052,0.13750352374993502,0.022484439595707503,0.15998796334564253,-0.0004284011361672635,-0.00042840113616742377,False
SFXN1,DIG,-1.1729804987555632,0.4329594072761063,-1.692253148614114,-1.2592937413380076,-1.4211640550974827,-1.7151659893459914,True
GTSF1,DIG,-0.5740605443096981,0.3877301532831085,-0.8281943004456205,-0.440464147162512,-0.601753590829114,-0.8511071411774983,True
HIVEP2,DIG,-1.21031579393381,0.4329594072761063,-1.7461165938178964,-1.3131571865417901,-1.457436764821208,-1.769029434549774,True
TFF3,DIG,-1.6350537142359398,0.5769251816557379,-2.358883885115271,-1.781958703459533,-1.9319086812931137,-2.381796725847147,True
MIER3,NEUTRAL,-0.011315168907075297,0.13750352374993502,-0.016324338069058524,0.12117918568087649,-0.03923717880093331,-0.039237178800933144,False
MDC1,DSG,0.032323529327014974,-0.7369655941662062,0.04663299546411347,-0.6903325987020927,-0.8507489631839056,0.023720154732235956,False
PTP4A1,DIG,-0.5681428601202052,0.4681488357384065,-0.8196568868118921,-0.3515080510734856,-0.5028456385761925,-0.8425697275437676,True
MRPS25,DIG,0.6437646582965155,0.53605290024021,0.928756080023961,1.464808980264171,1.3135054408706168,0.9058432392920834,True
CRPPA,DSG,-0.0361349164284598,1.4059923596758368,-0.052131664734276086,1.3538606949415608,1.1897412066189537,-0.07504450546615131,False
TMEM26,DIG,1.7058061534202735,0.44183755862255913,2.460958078257307,2.9027956368798664,2.746040588030248,2.4380452375254293,True
PMEPA1,DCG,-0.9303233211442511,1.450661409009565,-1.3421728418381615,0.10848856717140354,-0.048622983681645054,-1.3650856825700373,True
PCDHGA8,DIG,1.2550061344444825,0.49398884067366594,1.8105911264482826,2.3045799671219487,2.142587940750595,1.7876782857164053,True
TNFAIP3,DIG,0.9841375016868738,0.45943161863729726,1.4198102932365066,1.879241911873804,1.7244144684075626,1.3968974525046298,True
CTNNA1,DIG,-1.0327701437614651,0.49398884067366594,-1.4899723647828478,-0.9959835241091819,-1.151568381651754,-1.5128852055147233,True
SNHG22,NEUTRAL,-0.0094111004918755,0.13750352374993502,-0.013577348008936469,0.12392617574099855,-0.03649018874081315,-0.03649018874081315,False
SNORD2,DSG,0.013048707413615416,1.222392421336448,0.018825305475634012,1.241217726812082,1.0853121900797074,-0.00408753525624147,False
LINC01588,DIG,0.714416161518909,0.4329594072761063,1.0306846533542586,1.463644060630365,1.3116194295384203,1.007771812622382,True
SLC36A2,DIG,-0.8188513832115598,0.4854268271702419,-1.1813528297843856,-0.6959260026141437,-0.8530328687827661,-1.204265670516259,True
PANDAR,DIG,0.6115857392708509,0.5929552914746871,0.8823317131244672,1.4752870045991542,1.324128835408866,0.8594188723925892,True
ZNF235,DIG,1.3057874174505864,0.4506614090095652,1.8838530316111677,2.3345144406207328,2.166331890596913,1.860940190879291,True
SLC5A6,DIG,-0.9695782130017859,0.3877301532831085,-1.3988056796516597,-1.0110755263685511,-1.174543563891636,-1.4217185203835356,True
ST3GAL6,DIG,-1.5526730737573726,0.4681488357384065,-2.240033743631585,-1.7718849078931787,-1.9267003475455562,-2.262946584363461,True
AGPAT4,NEUTRAL,0.0638257249311328,0.13750352374993502,0.09208105683928836,0.22958458058922337,0.06916821610741412,0.06916821610741382,False
UCP1,NEUTRAL,0.011962819763751738,0.13750352374993502,0.017258700748213115,0.15476222449814814,-0.005654139983661242,-0.00565413998366092,False
NECAP1P1,DSG,0.0872456674701264,1.410522018156351,0.1258688917981989,1.5363909099545499,1.3798306347244507,0.10295605106632376,False
IMPA1P1,DCG,-0.9451695540008418,1.282933963271499,-1.3635914283562478,-0.08065746508474891,-0.2450819852194584,-1.3865042690881078,True
RPL5P24,DCG,-0.7193105010065307,1.175258445745353,-1.0377456926614776,0.13751275308387534,-0.024796842117618047,-1.0606585333933538,True
HMGB1P10,NEUTRAL,0.041681134168053274,0.13750352374993502,0.06013316556287799,0.197636689312813,0.0372203248310022,0.03722032483100251,False
OSGIN1,NEUTRAL,-0.007878418581362063,0.13750352374993502,-0.01136615541737851,0.1261373683325565,-0.03427899614925298,-0.03427899614925347,False
PRDM2,NEUTRAL,0.01915089608041183,0.13750352374993502,0.027628902803790035,0.16513242655372506,0.0047160620719136695,0.0047160620719136695,False
TSN,NEUTRAL,0.04704327048356,0.13750352374993502,0.06786909303383017,0.20537261678376517,0.04495625230195361,0.04495625230195392,False
AGGF1,NEUTRAL,-0.008898981429171216,0.13750352374993502,-0.012838516376828294,0.12466500737310672,-0.03575135710870371,-0.03575135710870355,False
SETDB1,DCG,-0.8056411477790943,1.0761029790857917,-1.162294488636992,-0.08619150955120025,-0.24450590737545813,-1.1852073293688699,True
TTC21B,NEUTRAL,-0.0309567778413731,0.13750352374993502,-0.04466118987365032,0.0928423338762847,-0.06757403060552654,-0.0675740306055267,False
MRPL1,NEUTRAL,0.02708783105198286,0.13750352374993502,0.03907947952713375,0.17658300327706877,0.016166638795257836,0.01616663879525752,False
ZRANB2,NEUTRAL,-0.00231270137795331,0.13750352374993502,-0.003336522809030313,0.1341670009409047,-0.02624936354090601,-0.026249363540906172,False
CXCL17,DIG,-0.9495037250492574,0.4768136968655339,-1.3698443154341615,-0.8930306185686276,-1.0593740596790298,-1.3927571561660388,True
LHPP,NEUTRAL,-0.001346494536042,0.13750352374993502,-0.001942580989731879,0.13556094276020314,-0.02485542172160807,-0.024855421721607908,False
NAB2,DIG,1.2712426316209091,0.37851162325372983,1.834015440406121,2.212527063659851,2.055399309691749,1.8111025996742445,True
TLR5,DCG,-0.8051410084006447,1.1538053360790355,-1.1615729400359494,-0.007767603956913893,-0.1695034390334023,-1.184485780767825,True
NR4A3,NEUTRAL,-0.03078544618021478,0.13750352374993502,-0.04441401053574995,0.09308951321418507,-0.06732685126762482,-0.06732685126762498,False
CD200,DIG,-1.6819630042355953,0.608809242675524,-2.426559685169396,-1.817750442493872,-1.9785040105561449,-2.449472525901272,True
MAN2B2,NEUTRAL,-0.0029415267618538906,0.13750352374993502,-0.004243726071968779,0.13325979767796625,-0.02715656680384392,-0.02715656680384359,False
ZMYM4,NEUTRAL,-0.015688817410904478,0.13750352374993502,-0.02263417907612432,0.1148693446738107,-0.045547019807999405,-0.04554701980799957,False
TMEM225B,DSG,0.051182682717259,1.446256229889564,0.07384100253558282,1.520097232425147,1.3572250316456094,0.05092816180370665,False
SLC25A17,NEUTRAL,-0.005429318655938409,0.13750352374993502,-0.007832851100328275,0.12967067264960674,-0.030745691832204075,-0.030745691832203586,False
GAB1,NEUTRAL,0.0464180759506434,0.13750352374993502,0.0669671279816005,0.2044706517315355,0.044054287249726105,0.0440542872497258,False
DHX57,DIG,-0.6452274634225228,0.49398884067366594,-0.9308664617250387,-0.4368776210513728,-0.6106313371536999,-0.9537793024569162,True
KANSL2,DIG,-1.152525286288107,0.49398884067366594,-1.662742515026985,-1.1687536743533191,-1.3259969781406131,-1.685655355758861,True
MR1,DCG,-1.055050037978854,1.2479275134435854,-1.5221154576818055,-0.27418794423822,-0.4316987821251643,-1.5450282984136805,True
PACSIN3,DIG,0.5551487423669811,0.45943161863729726,0.8009103375685884,1.2603419562058857,1.0990789434525097,0.7779974968367114,True
MIR143,DIG,-1.1137768722491734,0.3968901525685844,-1.606840370250703,-1.2099502176821186,-1.3713827118827089,-1.629753210982575,True
AFDN,NEUTRAL,0.011114937462823852,0.13750352374993502,0.01603546515740693,0.15353898890734194,-0.0068773755744697155,-0.0068773755744697155,False
L3MBTL4,NEUTRAL,0.035506040226232015,0.13750352374993502,0.05122438815598898,0.188727911905924,0.028311547424114587,0.028311547424114274,False
ADAT2,DIG,-1.5291306731769567,0.5025003405291834,-2.2060692390635976,-1.7035688985344142,-1.861208152288353,-2.228982079795474,True
GCN1,DIG,-0.9975388264434953,0.4854268271702419,-1.4391443180042272,-0.9537174908339853,-1.1216062574336843,-1.4620571587361044,True
SEC24D,NEUTRAL,0.014105740950755272,0.13750352374993502,0.020350282517719004,0.15785380626765402,-0.00256255821415611,-0.0025625582141562703,False
MIR6887,DSG,0.08221589566106557,1.446256229889564,0.11861246495246375,1.5648686948420278,1.3972205660274328,0.09569962422058984,False
PTPN7,DCG,-0.7493256746928524,1.1963972128035036,-1.0810484348901548,0.11534877791334885,-0.046145982962350875,-1.10396127562203,True
FAM83A-AS1,DCG,-1.0332050771472634,1.3122779248536431,-1.4905998410216559,-0.17832191616801274,-0.3419261904223741,-1.5135126817535278,True
LONRF2,NEUTRAL,-0.014189569925557475,0.13750352374993502,-0.02047122216394895,0.11703230158598607,-0.04338406289582421,-0.043384062895824374,False
RFTN2,DIG,-1.2901301345851037,0.4506614090095652,-1.8612643472673402,-1.410602938257775,-1.5789806251306038,-1.8841771879992155,True
KRTAP5-7,DSG,-0.09847950650158457,-3.321928094887362,-0.1420758956590285,-3.4640039905463906,-3.6244203550281657,-0.16498873639090392,False
ABHD14A,NEUTRAL,-0.09072296826242103,0.13750352374993502,-0.13088557640692164,0.006617947343013381,-0.1537984171387971,-0.1537984171387971,False
TCP11,DIG,-1.3093426947140545,0.5277376320282061,-1.8889822124881583,-1.3612445804599522,-1.5120989981272779,-1.911895053220032,True
TBC1D24,DCG,-0.8205462361006848,1.4195388915137848,-1.1837979856425624,0.23574090587122232,0.0780740883462472,-1.2067108263744377,True
LINC01625,DIG,-1.043250250693036,0.5025003405291834,-1.5050919630810107,-1.0025916225518272,-1.1515954478969788,-1.5280048038128826,True
RMST,DIG,1.2924639125091293,0.35049724708413343,1.8646312771048679,2.2151285241890015,2.049384733348015,1.8417184363729913,True
PI4KB,DCG,-0.9325478565376221,1.3785116232537298,-1.34538216801846,0.03312945523526989,-0.12472011718652949,-1.3682950087503374,True
PNISR,DIG,1.4295034595713108,0.49398884067366594,2.062337552057147,2.556326392730813,2.3940258544796427,2.0394247113252706,True
MAP2K6,DCG,-1.082842811822788,1.4329594072761063,-1.5622119546789972,-0.12925254740289094,-0.2847342848891955,-1.5851247954108736,True
ZHX2,DCG,-0.852764329899953,1.1911414873520083,-1.2302788697936622,-0.03913738244165388,-0.19793227817762651,-1.2531917105255388,True
HNF4A,DCG,-0.936758895908993,1.3692338096657193,-1.351457413636525,0.01777639602919434,-0.1445167678726213,-1.3743702543683949,True
CASQ2,DIG,-1.4124383942109717,0.4240262825060986,-2.0377178668893396,-1.6136915843832411,-1.7655524419952948,-2.0606307076212156,True
TENT5A,DIG,-1.3648820016948366,0.45943161863729726,-1.9691084952437428,-1.5096768766064455,-1.6686089648247402,-1.9920213359756183,True
CBLN3,DIG,-1.4878008412805608,0.3968901525685844,-2.146442895545893,-1.7495527429773086,-1.9128749244983496,-2.1693557362777702,True
LINC01948,DIG,0.8105879302584036,0.4240262825060986,1.169431187188248,1.5934574696943464,1.438111091197945,1.146518346456372,True
ACTN1,NEUTRAL,0.017098070254544632,0.13750352374993502,0.02466730116500264,0.16217082491493767,0.001754460433126325,0.001754460433126325,False
TUBB8P2,DIG,0.8640558418741364,0.44183755862255913,1.246569078122955,1.6884066367455142,1.534906113454113,1.2236562373910764,True
NIPAL4,DIG,-1.7228345274146428,0.4854268271702419,-2.4855248289733862,-2.0000980018031442,-2.1599223924866173,-2.5084376697052617,True
MIR7-3HG,NEUTRAL,0.05083755138294567,0.13750352374993502,0.07334308327111358,0.2108466070210486,0.05043024253923829,0.05043024253923829,False
YY1AP1,DCG,-0.8648333525262542,1.1645717669481057,-1.2476907888850035,-0.0831190219368978,-0.23773559588112472,-1.27060362961688,True
RSL24D1P6,DCG,-0.9413830562814605,1.3074285251922473,-1.358128666874159,-0.050700141681911726,-0.2123986427612037,-1.3810415076060316,True
IGF2BP3,DSG,-0.12463596069718641,-3.321928094887362,-0.1798116824142626,-3.5017397773016246,-3.662156141783435,-0.20272452314613965,False
FBXL5,NEUTRAL,-0.003916073261636774,0.13750352374993502,-0.005649699474321241,0.1318538242756138,-0.02856254020619685,-0.028562540206197178,False
AHDC1,NEUTRAL,0.0191772441418429,0.13750352374993502,0.02766691502135368,0.1651704387712887,0.004754074289479446,0.004754074289479127,False
ST3GAL4,NEUTRAL,-0.09264659419879466,0.13750352374993502,-0.13366078200585327,0.0038427417440817513,-0.15657362273773037,-0.15657362273772965,False
RLN3,DIG,-1.4917847715411485,0.45943161863729726,-2.15219049197609,-1.6927588733387928,-1.8620152839961333,-2.175103332707945,True
GRIN2B,DIG,-0.5836028047592775,0.405992359675837,-0.8419608722750996,-0.4359685125992626,-0.590118444610073,-0.8648737130069765,True
PABPC3,NEUTRAL,-0.024822060220812642,0.13750352374993502,-0.03581066318521361,0.1016928605647214,-0.05872350391708833,-0.058723503917088166,False
TCF20,NEUTRAL,0.04074177159312444,0.13750352374993502,0.05877795183443148,0.19628147558436648,0.03586511110255591,0.0358651111025556,False
SMARCD2,DCG,-1.0336865140114573,1.4594316186372973,-1.4912944075981294,-0.031862788960832056,-0.19075574811411236,-1.5142072483300053,True
ATP13A4,DCG,-0.9198093985520208,1.450661409009565,-1.3270044578540605,0.12365695115550457,-0.030856339853236197,-1.3499172985859367,True
SLC38A8,NEUTRAL,-0.009049956417695253,0.13750352374993502,-0.01305632724407019,0.12444719650586483,-0.03596916797594574,-0.03596916797594606,False
ANKRD46,DCG,-0.8141541469341571,1.3785116232537298,-1.174576150301093,0.2039354729526368,0.04205535987795697,-1.1974889910329696,True
STC1,NEUTRAL,0.030731254075288802,0.13750352374993502,0.0443358278547179,0.18183935160465292,0.021422987122841453,0.021422987122841138,False
DMPK,DIG,1.1959014924344045,0.4506614090095652,1.7253211525268255,2.1759825615363906,2.0074532114763963,1.7024083117949476,True
COX7A2P1,NEUTRAL,0.006209476502537837,0.13750352374993502,0.008958380956727883,0.1464619047066629,-0.013954459775146985,-0.013954459775147147,False
TLR1,NEUTRAL,-0.011623443262545644,0.13750352374993502,-0.016769083952928834,0.12073443979700618,-0.039681924684803575,-0.03968192468480391,False
SLC30A3,DIG,1.385202502685179,0.44183755862255913,1.9984247812508888,2.440262339873448,2.2814559786788617,1.9755119405190125,True
SHANK1,DIG,-0.6871876630434595,0.5277376320282061,-0.9914022336328749,-0.4636646016046688,-0.6225318324475536,-1.0143150743647527,True
EEF1A1P6,DSG,0.1258970492348654,1.341036917835067,0.18163104859369397,1.522667966428761,1.3667862864590834,0.15871820786181678,False
PTPN3,NEUTRAL,0.05406494826006113,0.13750352374993502,0.07799923274070858,0.2155027564906436,0.05508639200883299,0.05508639200883268,False
GPRC5B,DCG,-0.8672902860639483,1.0987339535853597,-1.2512353947156287,-0.15250144113026898,-0.3133231115258419,-1.2741482354475047,True
SPRING1,NEUTRAL,-0.034072582832550935,0.13750352374993502,-0.04915634628279967,0.08834717746713536,-0.07206918701467438,-0.07206918701467438,False
LYPLA1P3,DIG,0.5922618578424103,0.37851162325372983,0.8544532452169296,1.2329648684706593,1.0791815356527883,0.8315404044850545,True
CENPN,NEUTRAL,0.01158530715796105,0.13750352374993502,0.01671406518396582,0.15421758893390083,-0.006198775547908961,-0.006198775547908961,False
HEBP2,DIG,-0.8405967052376729,0.45943161863729726,-1.2127246980339925,-0.7532930793966952,-0.891594630284462,-1.2356375387658687,True
RGS17,DIG,1.338268710096644,0.415037499278844,1.9307136314332982,2.3457511307121424,2.189934059522071,1.907800790701421,True
LINC02648,DCG,-0.8998164856410601,1.341036917835067,-1.2981607815444927,0.042876136290574296,-0.12503222137048775,-1.3210736222763508,True
SEC14L6,NEUTRAL,-0.03224754750297848,0.13750352374993502,-0.046523376863378325,0.0909801468865567,-0.06943621759525541,-0.06943621759525591,False
PHF11,NEUTRAL,-0.0012775240886646851,0.13750352374993502,-0.0018430776673327336,0.13566044608260228,-0.024755918399207228,-0.02475591839920674,False
ATP5PBP3,DIG,-0.6491090340952587,0.5769251816557379,-0.9364663844854547,-0.3595412028297168,-0.5267087325421612,-0.9593792252173272,True
TUBAP12,DIG,0.8811807965673102,0.4854268271702419,1.271275165334245,1.7567019925044867,1.608779178868658,1.248362324602368,True
FAM184A,DIG,-1.1298906667479782,0.49398884067366594,-1.6300876616640325,-1.1360988209903666,-1.2877100007189535,-1.6530005023959105,True
DIAPH3,NEUTRAL,-0.011880163985172946,0.13750352374993502,-0.017139453666356674,0.12036407008357834,-0.04005229439823346,-0.04005229439823297,False
DAP3,DCG,-1.0056799239436514,1.4418375586225591,-1.4508894389950957,-0.00905188037253657,-0.16970498198405304,-1.4738022797269719,True
MBLAC1,DSG,-0.09753302564574907,-0.7369655941662062,-0.1407104124220183,-0.8776760065882245,-1.0380923710700358,-0.1636232531538948,False
ERV3-1,DSG,-0.008264740486408557,1.4374053123072983,-0.011923500113975865,1.4254818121933224,1.2604740248932236,-0.034836340845852444,False
DR1,NEUTRAL,0.06173719749138975,0.13750352374993502,0.08906794865921054,0.22657147240914555,0.06615510792733413,0.06615510792733352,False
BNIP3P5,NEUTRAL,-0.04675598243768331,0.13750352374993502,-0.06745462399473717,0.07004889975519785,-0.09036746472661292,-0.09036746472661274,False
CACNA1G,DSG,0.05973982011685609,1.3785116232537298,0.08618634222618703,1.4646979654799168,1.301337838393471,0.06327350149431128,False
RAD21L1,DSG,0.005285902697713531,1.2680350868921602,0.007625945608612905,1.2756610325007731,1.1124989703089572,-0.015286895123261875,False
LINC00158,DIG,-1.6848365209216225,0.37851162325372983,-2.430705293442239,-2.052193670188509,-2.2080798407441757,-2.453618134174096,True
FGF22,NEUTRAL,-0.030848436862596834,0.13750352374993502,-0.044504886880844745,0.09299863686909027,-0.06741772761271983,-0.06741772761272016,False
NCF2,DCG,-0.8767937660930445,1.4014484345308889,-1.2649460182247931,0.13650241630609572,-0.02174470140807173,-1.2878588589566693,True
ICMT,NEUTRAL,-0.03333379252117296,0.13750352374993502,-0.04809049716431785,0.08941302658561717,-0.07100333789619379,-0.07100333789619379,False
PTPN23,NEUTRAL,0.0009195634349328653,0.13750352374993502,0.0013266496073604658,0.13883017335729547,-0.02158619112451596,-0.02158619112451645,False
NBPF18P,DCG,-0.8055657180830742,1.1911414873520083,-1.162185666588608,0.02895582076340042,-0.12885211155418907,-1.1850985073204716,True
AMT,NEUTRAL,-0.04401534219452454,0.13750352374993502,-0.0635007159070713,0.07400280784286371,-0.08641355663894756,-0.08641355663894773,False
HAP1,DIG,-1.6990611918352347,0.3968901525685844,-2.451227155627585,-2.0543370030590005,-2.2183962102430836,-2.4741399963594612,True
MACROH2A1,NEUTRAL,-0.027965354749793305,0.13750352374993502,-0.04034547861422742,0.0971580451357076,-0.06325831934610365,-0.06325831934610432,False
ETS1-AS1,NEUTRAL,0.03755181104146002,0.13750352374993502,0.05417581156591379,0.1916793353158488,0.031262970834038256,0.031262970834038256,False
POP1,DCG,-0.9466270316030791,1.4329594072761063,-1.3656941240652023,0.06726528321090397,-0.09605767602281756,-1.388606964797078,True
BUD23,DSG,-0.018306487490327056,1.222392421336448,-0.02641067871839069,1.1959817426180575,1.0281517437972747,-0.049323519450266355,False
ZBTB32,DSG,-0.06411770264138757,1.4939888406736659,-0.09250229163392304,1.4014865490397428,1.2421074275093333,-0.11541513236580069,False
ZFYVE16,NEUTRAL,0.026076486688315473,0.13750352374993502,0.0376204180290398,0.17512394177897483,0.014707577297165157,0.014707577297165157,False
LRIG1,NEUTRAL,-0.05235635908926338,0.13750352374993502,-0.07553425961708209,0.06196926413285293,-0.09844710034895694,-0.09844710034895711,False
GAN,NEUTRAL,0.012007725798752839,0.13750352374993502,0.01732348646221519,0.1548270102121502,-0.005589354269659927,-0.005589354269659605,False
GABPB1-AS1,NEUTRAL,0.027586091420971372,0.13750352374993502,0.03979831729054498,0.17730184104048,0.01688547655866944,0.01688547655866976,False
STAC,NEUTRAL,0.04678537313217702,0.13750352374993502,0.06749702580393153,0.20500054955386654,0.04458418507205657,0.04458418507205657,False
RPL35AP16,DIG,1.5689521384427187,0.4768136968655339,2.2635194695234446,2.7403331663889787,2.585543643976436,2.240606628791563,True
DAB2,DSG,-0.11543778708789897,-0.7369655941662062,-0.16654152296290786,-0.903507117129114,-1.0639234816109253,-0.18945436369478427,False
MSANTD2,NEUTRAL,-0.05026602416151985,0.13750352374993502,-0.07251854378302951,0.06498497996690551,-0.09543138451490453,-0.0954313845149042,False
EDRF1-DT,NEUTRAL,-0.03628112471169801,0.13750352374993502,-0.052342598699440746,0.08516092505049427,-0.07525543943131588,-0.07525543943131555,False
PDK2,DSG,-0.050987501359941,1.0874628412503395,-0.07355941535930616,1.0139034258910333,0.8569143885759497,-0.09647225609118326,False
EMCN,NEUTRAL,0.028092098112563652,0.13750352374993502,0.04052833063516179,0.1780318543850968,0.017615489903287117,0.017615489903287117,False
NOSIP,DSG,-0.0828830065264258,1.20685157044067,-0.11957490248964209,1.087276667951028,0.9260640250009461,-0.1424877432215194,False
GRPEL1,NEUTRAL,0.04629693793811537,0.13750352374993502,0.06679236277166316,0.2042958865215982,0.04387952203978635,0.04387952203978635,False
ERN2,DCG,-1.0004383627419908,1.4059923596758368,-1.4433274646429441,-0.037335104967107346,-0.19475316816431246,-1.4662403053748176,True
UPF1,DIG,1.1929062792987508,0.415037499278844,1.7209999733896124,2.1360374726684563,1.9714309011255393,1.6980871326577345,True
IFT122,DSG,0.06580884738980722,1.1805722456418208,0.09494209777589348,1.2755143434177143,1.1120759562874984,0.07202925704401651,False
TSG101,DIG,-1.7114706683600305,0.4681488357384065,-2.469130245869936,-2.000981410131529,-2.1471330625600173,-2.4920430866018126,True
EPHA8,NEUTRAL,-0.0009135397931091746,0.13750352374993502,-0.0013179593291733358,0.13618556442076168,-0.02423080006104839,-0.024230800061048226,False
INSM1,DSG,0.09721710657348083,1.2630344058337937,0.14025463754313464,1.4032890433769283,1.2554926787231042,0.11734179681125936,False
NAV1,DCG,-0.8948432803297147,1.222392421336448,-1.290985962904492,-0.06859354156804387,-0.22976416012507198,-1.3138988036363684,True
ELAC2,NEUTRAL,-0.0055898786472391255,0.13750352374993502,-0.008064490203542994,0.12943903354639202,-0.030977330935418778,-0.030977330935418126,False
KRT9,DIG,-0.685281598440612,0.405992359675837,-0.9886523636827329,-0.5826600040068959,-0.7357373477346574,-1.01156520441461,True
PUF60,DCG,-0.9967120504143997,1.4329594072761063,-1.437951532327125,-0.004992125051018759,-0.16355715966640552,-1.4608643730590027,True
GLI1,DIG,-1.4363297304943112,0.5443205162238104,-2.0721857792655243,-1.527865263041714,-1.6865255678564917,-2.0950986199974007,True
HPX,NEUTRAL,0.03217545704275597,0.13750352374993502,0.04641937231391991,0.18392289606385492,0.023506531582044337,0.023506531582044337,False
CCDC9B,NEUTRAL,-0.016837011180888796,0.13750352374993502,-0.0242906725340603,0.11321285121587472,-0.047203513265935144,-0.047203513265934645,False
NGF,NEUTRAL,-0.00599908263393512,0.13750352374993502,-0.008654846765861299,0.1288486769840737,-0.03156768749773596,-0.031567687497735794,False
FITM1,NEUTRAL,-0.061088711743347464,0.13750352374993502,-0.08813238148642277,0.04937114226351225,-0.11104522221829725,-0.11104522221829725,False
CTAGE16P,NEUTRAL,-0.03323017531716928,0.13750352374993502,-0.047941009137950956,0.08956251461198406,-0.07085384986982704,-0.0708538498698262,False
SNORA77,DCG,-0.7793978644125961,1.2479275134435854,-1.124433433867501,0.12349407957608438,-0.036762430520722464,-1.147346274599369,True
VAV1,NEUTRAL,0.00578842070006253,0.13750352374993502,0.008350925838559235,0.14585444958849425,-0.014561914893316468,-0.014561914893316952,False
MRPL37P1,NEUTRAL,-0.06009655882305245,0.13750352374993502,-0.08670100738850965,0.05080251636142537,-0.10961384812038434,-0.10961384812038469,False
GABPA,DIG,-1.2623683034636417,0.4240262825060986,-1.82121249118241,-1.3971862086763114,-1.5591525689309713,-1.8441253319142872,True
HLA-L,DSG,-0.04356711371971165,1.4768136968655337,-0.06285405890927352,1.4139596379562602,1.255253966338767,-0.08576689964115056,False
FAM177A1,DIG,1.2843972934853987,0.3968901525685844,1.852993605842591,2.2498837584111753,2.093549186444945,1.8300807651107138,True
MS4A7,DIG,-1.0671715597914277,0.5193741590935794,-1.539603117088833,-1.0202289579952535,-1.1745407487015125,-1.5625159578207093,True
ITIH4,NEUTRAL,-0.028495767774781588,0.13750352374993502,-0.04111070285500093,0.09639282089493409,-0.06402354358687698,-0.06402354358687731,False
RPS27A,DIG,0.7443533939844519,0.405992359675837,1.0738749501702376,1.4798673098460746,1.3282239080768263,1.0509621094383614,True
DGKG,DSG,-0.0672855410157712,1.341036917835067,-0.09707251634698405,1.2439644014880828,1.0852696531568555,-0.11998535707885995,False
CEACAM5,DSG,-0.06347401534890294,1.2680350868921602,-0.09157364716917223,1.176461439722988,1.018859782484033,-0.11448648790104919,False
CCDC124,DIG,-1.7193598533525145,0.4681488357384065,-2.480511933935248,-2.0123630981968414,-2.1651754357803026,-2.503424774667125,True
DNAAF1,NEUTRAL,0.040273534051383834,0.13750352374993502,0.05810242785500426,0.19560595160493927,0.03518958712312751,0.035189587123128134,False
MPHOSPH10,DIG,1.3905825280875035,0.5277376320282061,2.006186517218679,2.533924149246885,2.37661831232413,1.9832736764868009,True
IMPDH1P7,DIG,-1.5395507361976435,0.3410369178350672,-2.221102212309293,-1.8800652944742258,-2.0456755181442143,-2.2440150530411667,True
AOC2,NEUTRAL,-0.048849254345626175,0.13750352374993502,-0.07047457699555854,0.06702894675437648,-0.09338741772743389,-0.09338741772743407,False
CFH,DCG,0.8704835451226041,-0.7369655941662062,1.2558422937238252,0.518876699557619,0.3584603350758063,1.2329294529919472,True
RASAL2,DCG,-0.841650582214384,1.1429579538420431,-1.2142451211220007,-0.07128716727995754,-0.2234670255604758,-1.2371579618538777,True
C19orf53,DIG,-1.2015173718252814,0.5443205162238104,-1.7334231538742744,-1.189102637650464,-1.3581313710413372,-1.75633599460615,True
TMEM63C,NEUTRAL,0.02725896969779855,0.13750352374993502,0.039326380402756496,0.1768299041526915,0.016413539670881598,0.016413539670881598,False
ZNF281,DCG,2.0794415416798357,-3.321928094887362,3.0,-0.3219280948873622,-0.482344459369173,2.9770871592681254,True
TOR1AIP1,DCG,-1.0064315532097836,1.3692338096657193,-1.4519738108099318,-0.08274000114421254,-0.24671748664379742,-1.4748866515418069,True
COL21A1,DIG,1.5416633600336593,0.5109619192773794,2.224150084240777,2.7351120035181564,2.5854928528277137,2.2012372435089,True
HOXC13-AS,DIG,-0.820180532801979,0.44183755862255913,-1.183270387307083,-0.7414328286845238,-0.8957740051651036,-1.2061832280389597,True
CASP12,NEUTRAL,0.040465823678141735,0.13750352374993502,0.05837984314594228,0.1958833668958773,0.03546700241406719,0.035467002414066875,False
MCOLN2,NEUTRAL,-0.04092603029051817,0.13750352374993502,-0.05904378094340206,0.07845974280653295,-0.08195662167527629,-0.08195662167527645,False
STAT6,DIG,1.2176823378315846,0.5277376320282061,1.7567442701677067,2.284481902195913,2.1218955078724764,1.7338314294358297,True
FEV,NEUTRAL,-0.03485389239077264,0.13750352374993502,-0.050283537707845265,0.08721998604208975,-0.07319637843972093,-0.07319637843972111,False
MIR205,DCG,0.8213756397740014,-0.7369655941662062,1.1849945622089515,0.4480289680427453,0.28761260356093293,1.1620817214770744,True
KRT8P32,NEUTRAL,-0.04178001854136091,0.13750352374993502,-0.060275825557870324,0.0772276981920647,-0.08318866628974714,-0.0831886662897468,False
ZNF17,DSG,-0.07434392557323863,1.3171110785895865,-0.10725561274472956,1.209855465844857,1.0558541539902815,-0.13016845347660544,False
MEP1A,DSG,-0.13358898672284475,1.450661409009565,-0.1927281686624297,1.2579332403471355,1.0978237771653374,-0.21564100939430347,False
PPP1R15B,DCG,-1.000259042298855,1.3785116232537298,-1.4430687599289023,-0.06455713667517249,-0.22575034021940324,-1.4659816006607798,True
SCARNA8,DIG,-1.5642780493084212,0.4681488357384065,-2.2567761843087206,-1.7886273485703141,-1.9507659432348292,-2.279689025040578,True
CIBAR1,DCG,-0.8900832536556886,1.4374053123072983,-1.2841186960273754,0.1532866162799229,-0.009258318088000981,-1.3070315367592524,True
GYPC,NEUTRAL,-0.04162105192670347,0.13750352374993502,-0.060046485211237136,0.07745703853869788,-0.08295932594311328,-0.08295932594311345,False
HTRA3,NEUTRAL,-0.0441161267918898,0.13750352374993502,-0.06364611734588815,0.07385740640404687,-0.08655895807776422,-0.08655895807776438,False
RPL31P7,DCG,-0.9488481510075152,1.4195388915137848,-1.3688985220152046,0.050640369498580196,-0.11040096967385309,-1.391811362747078,True
SLC1A4,DIG,-1.2463749826723236,0.45943161863729726,-1.798139006589429,-1.3387073879521316,-1.4944902761630985,-1.8210518473213055,True
TLE3,NEUTRAL,0.001800796822953996,0.13750352374993502,0.0025980006461243307,0.14010152439605936,-0.020314840085751743,-0.020314840085751906,False
ISCA1P1,NEUTRAL,0.02245347573104514,0.13750352374993502,0.03239351808789952,0.16989704183783455,0.009480677356022779,0.009480677356022142,False
PRRC1,NEUTRAL,-0.007767707239019358,0.13750352374993502,-0.01120643271281053,0.1262970910371245,-0.034119273444684996,-0.03411927344468516,False
NEURL1B,DIG,1.706446833325256,0.5025003405291834,2.4618823839790225,2.964382724508206,2.809616638118395,2.4389695432471448,True
OCEL1,DIG,-1.3748905291954594,0.4506614090095652,-1.983547748235492,-1.5328863392259269,-1.6979836016424283,-2.0064605889673692,True
CUEDC1,DSG,-0.059564666867277606,1.132028393683784,-0.08593364950162455,1.0460947441821595,0.8893809942423672,-0.1088464902335009,False
RPL7L1,DSG,-0.06246606917967739,1.3785116232537298,-0.0901194882293475,1.2883921350243823,1.1271281911644067,-0.11303232896122407,False
NPY,DSG,-0.004866849867121779,1.355204249761661,-0.007021380168047701,1.3481828695936133,1.1871925638626062,-0.02993422089992307,False
SHROOM1,NEUTRAL,0.0132713084226125,0.13750352374993502,0.019146450847410984,0.156649974597346,-0.0037663898844637906,-0.003766389884463951,False
DNAJC9,DIG,-0.7788645461280339,0.4681488357384065,-1.1236640182231479,-0.6555151824847414,-0.8072902922361481,-1.1465768589550251,True
KATNA1,DIG,-1.6496678960915183,0.3968901525685844,-2.3799676928049633,-1.983077540236379,-2.1295780302892866,-2.4028805335368397,True
SATB1-AS1,DIG,0.9030758190652409,0.415037499278844,1.302863005712162,1.7179005049910059,1.5581457110915753,1.2799501649802862,True
NRIR,DIG,-1.3732810730876446,0.35989594508638295,-1.981225793890219,-1.621329848803836,-1.777873520709938,-2.004138634622093,True
MAN1A2,DIG,1.4924235925446017,0.4854268271702419,2.1531121158697877,2.6385389430400297,2.4876044427134274,2.1301992751379126,True
EVI2B,DIG,1.5314157104865618,0.5277376320282061,2.2093658510584113,2.737103483086617,2.5810630715772267,2.1864530103265336,True
LDHB,DSG,0.028094453645912832,1.4329594072761063,0.0405317289514433,1.4734911362275496,1.3158255658744982,0.017618888219567218,False
OPTC,DCG,-1.1304453446900427,1.3923174227787602,-1.6308878927803396,-0.23857047000157938,-0.3956250961855288,-1.6538007335121978,True
MFSD11,DCG,-1.056765429988485,1.4418375586225591,-1.5245902452272804,-0.08275268660472124,-0.24065635370620742,-1.5475030859591559,True
DNM1P51,NEUTRAL,-0.01918886876490456,0.13750352374993502,-0.027683685807396937,0.10981983794253808,-0.05059652653927281,-0.05059652653927364,False
HSPD1P7,DIG,1.3526248724589691,0.4329594072761063,1.9514251956796214,2.384384602955728,2.2339855856931727,1.9285123549477436,True
DDX18P4,NEUTRAL,-0.031544107061249466,0.13750352374993502,-0.04550852682653514,0.09199499692339988,-0.06842136755841088,-0.06842136755841138,False
MS4A3,DIG,1.565622635224992,0.5025003405291834,2.2587160117426066,2.76121635227179,2.611894164724623,2.235803171010726,True
PTCH2,NEUTRAL,-0.03581750874732289,0.13750352374993502,-0.0516737422467598,0.08582978150317522,-0.07458658297863566,-0.07458658297863599,False
LINC02453,DIG,-1.2726179825978552,0.4506614090095652,-1.8359996524400428,-1.3853382434304775,-1.5519345410186443,-1.8589124931719154,True
H2AZ1,NEUTRAL,0.024159237077206186,0.13750352374993502,0.03485441152294614,0.17235793527288115,0.011941570791071455,0.011941570791072092,False
ZFP64,DCG,2.0794415416798357,-3.321928094887362,3.0,-0.3219280948873622,-0.482344459369173,2.9770871592681245,True
MIR4271,NEUTRAL,-0.014793469619846563,0.13750352374993502,-0.021342465258094176,0.11616105849184084,-0.04425530598996839,-0.04425530598996855,False
NDN,NEUTRAL,-0.016553753040366322,0.13750352374993502,-0.023882017419437095,0.11362150633049792,-0.0467948581513125,-0.0467948581513125,False
CXCR2,NEUTRAL,-0.02202292516593446,0.13750352374993502,-0.0317723649227624,0.10573115882717263,-0.05468520565463811,-0.05468520565463811,False
GJA3,NEUTRAL,-0.024087172691669097,0.13750352374993502,-0.03475044459130707,0.10275307915862794,-0.05766328532318195,-0.05766328532318228,False
ABHD12,DCG,-0.8200372886600006,1.1483918398926711,-1.1830637296938142,-0.03467188980114311,-0.18503242549970828,-1.20597657042569,True
PPIAP77,DSG,0.004729090900295903,1.273018494406416,0.0068226359897700225,1.279841130396186,1.1154717067715851,-0.0160902047421052,False
RASIP1,DIG,0.886402277246509,0.53605290024021,1.2788081696162226,1.8148610698564327,1.6495236458039428,1.2558953288843457,True
KLF5,NEUTRAL,-0.026455656537648607,0.13750352374993502,-0.03816744449032733,0.09933607925960769,-0.061080285222203975,-0.061080285222203975,False
CEACAMP3,DIG,-1.0397707975307822,0.4768136968655339,-1.5000721732588218,-1.023258476393288,-1.1921810813550184,-1.522985013990684,True
LINC02768,DCG,-0.7994257647927041,1.2016338611696507,-1.1533275864253012,0.04830627474434945,-0.11463151687208926,-1.1762404271571707,True
ADCY8,DCG,0.8217890642899585,-0.7369655941662062,1.1855910077079046,0.4486254135416984,0.28820904905988787,1.1626781669760287,True
STYK1,DSG,0.0003246300393077409,1.2479275134435854,0.00046834214783286705,1.2483958555914183,1.0901835980310617,-0.022444498584044507,False
CLCN7,DCG,-0.8570909736775156,1.3877301532831086,-1.2365208973152448,0.15120925596786372,-0.009500840121350676,-1.2594337380471197,True
ST8SIA4,NEUTRAL,0.011785875822181659,0.13750352374993502,0.017003424601194615,0.15450694835112963,-0.005909416130679743,-0.005909416130679903,False
PRPSAP1,DCG,-1.1465804204207806,1.4681488357384063,-1.654165886521443,-0.18601705078303676,-0.3485535755639485,-1.6770787272533203,True
CCK,NEUTRAL,0.02588252706011533,0.13750352374993502,0.037340593435302785,0.1748441171852378,0.014427752703427886,0.014427752703427886,False
CHN2,DSG,-0.004390984325025439,1.359895945086383,-0.0063348513103353744,1.3535610937760476,1.1924699037832727,-0.029247692042212677,False
SYNPO,DIG,0.7311304173144506,0.4506614090095652,1.0547982273026362,1.5054596363122013,1.3447716375881251,1.0318853865707585,True
RIBC2,NEUTRAL,-0.016694954188348623,0.13750352374993502,-0.02408572761539899,0.11341779613453604,-0.04699856834727553,-0.04699856834727487,False
COL9A1,DIG,1.006860729127184,0.4506614090095652,1.4525929807776343,1.9032543897871994,1.745238645278505,1.4296801400457588,True
KLF13,NEUTRAL,-0.07824675400701639,0.13750352374993502,-0.11288620397158117,0.024617319778353852,-0.135799044703458,-0.13579904470345747,False
TNNT2,DCG,2.0794415416798357,-3.321928094887362,3.0,-0.3219280948873622,-0.48234445936917275,2.977087159268125,True
NUB1,DIG,-1.6951832304748409,0.5443205162238104,-2.445632440004186,-1.9013119237803755,-2.0593672159092593,-2.468545280736063,True
HDAC11,DIG,1.0867228040616692,0.4768136968655339,1.567809600240719,2.044623297106253,1.8892305291504117,1.5448967595088414,True
PPFIA3,DIG,-1.0919818795644747,0.5849625007211562,-1.575396842388277,-0.9904343416671207,-1.1604643672010293,-1.5983096831201546,True
SLC25A52,NEUTRAL,-0.00010269915556716073,0.13750352374993502,-0.00014816356244022697,0.13735536018749478,-0.02306100429431578,-0.023061004294315453,False
FRMD3,NEUTRAL,0.012687206645830146,0.13750352374993502,0.018303770110672652,0.15580729386060768,-0.004609070621201938,-0.004609070621201617,False
DGKD,NEUTRAL,-0.031758734930396895,0.13750352374993502,-0.0458181693889907,0.09168535436094433,-0.06873101012086713,-0.06873101012086713,False
CTNNA2,DIG,1.6037799968877844,0.4329594072761063,2.3137654481869236,2.74672485546303,2.594417813600407,2.2908526074550464,True
TMCO6,DIG,-1.4998491834744123,0.4329594072761063,-2.163824979079896,-1.7308655718037895,-1.891668267271519,-2.186737819811772,True
RPL17P36,NEUTRAL,0.00727827382456189,0.13750352374993502,0.010500329552927389,0.14800385330286242,-0.01241251117894712,-0.012412511178946959,False
TMC5,DCG,-0.7285164470008266,1.2428565238961637,-1.05102706529414,0.19182945860202372,0.02964881589889128,-1.073939906026016,True
FAM32A,DIG,-1.215227662773765,0.4506614090095652,-1.7532029226347965,-1.3025415136252314,-1.4591146277956215,-1.7761157633666735,True
GDF15,DIG,-0.6887424087812157,0.4240262825060986,-0.9936452575985792,-0.5696189750924807,-0.7405700790398955,-1.0165580983304567,True
ANKRD7,DIG,0.7941131756532688,0.5688428353578793,1.1456631404195572,1.7145059757774366,1.5582927631555525,1.1227502996876817,True
SIDT2,NEUTRAL,0.04136700459078211,0.13750352374993502,0.05967997237955233,0.19718349612948735,0.0367671316476767,0.0367671316476767,False
RPS2P2,NEUTRAL,0.028903255800234853,0.13750352374993502,0.04169858380854399,0.179202107558479,0.018785743076667704,0.018785743076668335,False
SBNO2,NEUTRAL,0.054942440588633436,0.13750352374993502,0.07926518657155796,0.21676871032149297,0.05635234583968182,0.05635234583968152,False
RFPL3S,NEUTRAL,-0.054444442322030336,0.13750352374993502,-0.07854672694195837,0.05895679680797665,-0.10145956767383377,-0.1014595676738329,False
BMPR1AP1,DIG,1.7096087664102748,0.4854268271702419,2.466444089160402,2.951870916330644,2.799137309564278,2.4435312484285254,True
SRF,DSG,-0.012598486564939207,1.4594316186372973,-0.018175774089944027,1.4412558445473533,1.2804102921409801,-0.04108861482182174,False
ARHGEF25,DIG,0.826010873831842,0.4854268271702419,1.1916817913975577,1.6771086185677997,1.5208691613881642,1.1687689506656818,True
RSPH3,NEUTRAL,-0.057955085447236744,0.13750352374993502,-0.08361151436902459,0.05389200938091043,-0.10652435510090012,-0.10652435510089978,False
CPVL,DSG,0.012364662832170392,1.2680350868921602,0.01783843775023631,1.2858735246423965,1.1304508111447442,-0.0050744029816393536,False
DLAT,NEUTRAL,-0.018088189284403148,0.13750352374993502,-0.02609574097926931,0.11140778277066571,-0.04900858171114669,-0.04900858171114553,False
GABRR1,DIG,-0.9306975591838088,0.45943161863729726,-1.3427127532019436,-0.8832811345646463,-1.041152352916756,-1.3656255939338156,True
GMDS-DT,DIG,0.6548642446362976,0.5025003405291834,0.9447693981922834,1.4472697387214668,1.2912263523934722,0.9218565574604054,True
DBH,NEUTRAL,0.004359048024713097,0.13750352374993502,0.006288776968250417,0.14379230071818544,-0.01662406376362543,-0.01662406376362527,False
DANCR,DIG,-1.1733485648389435,0.4506614090095652,-1.6927841557273262,-1.2421227467177611,-1.3939120262865727,-1.7156969964592015,True
SLC4A4,DIG,-0.6837065247731413,0.4854268271702419,-0.9863800127136383,-0.5009531855433964,-0.6663669266906881,-1.0092928534455146,True
TRAV1-1,DIG,-0.9396850055462831,0.4681488357384065,-1.3556788974993408,-0.8875300617609343,-1.0471870165696142,-1.3785917382312058,True
TOX3,NEUTRAL,0.06615655603961272,0.13750352374993502,0.09544373532064208,0.23294725907057712,0.0725308945887655,0.0725308945887658,False
WASHC3,NEUTRAL,-0.02057351343963462,0.13750352374993502,-0.029681305813023303,0.10782221793691171,-0.05259414654489871,-0.05259414654489888,False
PDCD2L,DSG,0.020402577607546376,1.3362833878644325,0.02943469753575937,1.3657180854001918,1.2027834767166232,0.006521856803883552,False
CLCN6,NEUTRAL,0.007247725857179599,0.13750352374993502,0.01045625815187572,0.14795978190181075,-0.012456582579998854,-0.012456582579999338,False
AATBC,DSG,0.1122555878601275,1.4014484345308889,0.16195057991788128,1.5633990144487702,1.4029609239889047,0.1390377391860053,False
OR1Q1,NEUTRAL,-0.06175988081945406,0.13750352374993502,-0.08910067378411979,0.04840284996581523,-0.1120135145159953,-0.1120135145159946,False
EFCAB7,NEUTRAL,-0.015025747885357056,0.13750352374993502,-0.021677571959852454,0.11582595179008257,-0.04459041269172766,-0.04459041269172848,False
ASLP1,NEUTRAL,0.05881353506724833,0.13750352374993502,0.08484999537866832,0.22235351912860335,0.06193715464679211,0.06193715464679241,False
BOLA3P3,DIG,-0.697789171610509,0.4329594072761063,-1.0066969774684993,-0.573737570192393,-0.7304905388065314,-1.029609818200373,True
ID4,DSG,0.05050117275594052,-0.7369655941662062,0.07285779149407222,-0.664107802672134,-0.8245241671539465,0.04994495076219538,False
BCAS3,DCG,-1.0331258044715155,1.4637968111986992,-1.4904854747254763,-0.026688663526777123,-0.18886834956983983,-1.5133983154573525,True
MICALL2,DSG,-0.07603039483247297,1.3074285251922473,-0.10968867358163861,1.1977398516106086,1.0359200333758163,-0.13260151431351616,False
GGACT,DIG,1.0726893577533816,0.3692338096657191,1.5475636168451707,1.9167974265108898,1.768887946822916,1.5246507761132941,True
LINC02561,DCG,-0.9232084766751337,1.2927817492278462,-1.3319082910058697,-0.03912654177802355,-0.20758864614855194,-1.354821131737738,True
ELOA,NEUTRAL,0.00018674663484828958,0.13750352374993502,0.0002694184439983295,0.13777294219393335,-0.022643422287878617,-0.02264342228787829,False
TMEM125,DIG,-0.7651417976846134,0.35049724708413343,-1.1038662770964585,-0.753369030012325,-0.9055760466721414,-1.1267791178283344,True
LMO7-AS1,NEUTRAL,-0.022747091444263567,0.13750352374993502,-0.03281711602128682,0.1046864077286482,-0.055729956753160746,-0.05572995675316141,False
WNT3,DIG,1.4472987982767045,0.3968901525685844,2.088010798958358,2.4849009515269422,2.3338719200388636,2.065097958226483,True
RNY1P4,NEUTRAL,-0.029855998181019354,0.13750352374993502,-0.04307310051654654,0.09443042323338849,-0.06598594124842051,-0.06598594124842153,False
BCL2L1-AS1,DCG,-0.7586593113005631,1.0987339535853597,-1.0945140261375588,0.004219927447800975,-0.15597500723153285,-1.1174268668694272,True
EVX1-AS,DSG,0.00372159234804977,1.4059923596758368,0.005369122824741716,1.4113614825005785,1.2495001255245775,-0.017543717907133875,False
CEP41,DIG,-0.8839464627536676,0.4681488357384065,-1.2752651782260571,-0.8071163424876506,-0.9534719736099201,-1.2981780189579348,True
OR10V2P,DIG,1.1287365350685845,0.45943161863729726,1.6284226016136385,2.087854220250936,1.9291782497534085,1.6055097608817555,True
PDXP-DT,NEUTRAL,0.023313532286065013,0.13750352374993502,0.033634317414710735,0.17113784116464575,0.010721476682836071,0.010721476682836389,False
SH3D19,NEUTRAL,0.026138417131563153,0.13750352374993502,0.03770976477239329,0.17521328852232831,0.014796924040517105,0.014796924040517105,False
AREG,DIG,0.7089130348607234,0.3877301532831085,1.0227453198151106,1.4104754730982192,1.2597841324206014,0.9998324790832334,True
TM4SF19,DSG,-0.06910454391652432,-3.321928094887362,-0.09969678281126322,-3.4216248776986253,-3.5820412421804346,-0.12260962354313809,False
ASS1P13,NEUTRAL,0.017465896054263436,0.13750352374993502,0.025197961622167975,0.162701485372103,0.0022851208902922413,0.002285120890291921,False
BRMS1L,DIG,1.4944572608639386,0.3877301532831085,2.156046079068908,2.5437762323520166,2.3836187643472613,2.133133238337033,True
BOD1,DIG,-1.6644398618266214,0.5193741590935794,-2.4012791345151783,-1.8819049754215988,-2.0424316240500855,-2.424191975247056,True
NPM1P7,DSG,0.10101777179666649,-0.7369655941662062,0.14573783841270374,-0.5912277557535025,-0.7516441202353142,0.12282499768082727,False
MFSD1,DSG,0.10135421900629908,1.415037499278844,0.14622322913356162,1.5612607284124056,1.4034711076828963,0.12331038840168658,False
MGAT2,DIG,1.3371862462875568,0.37851162325372983,1.9291519662639864,2.307663589517716,2.1483144479639384,1.90623912553211,True
HMGN2P46,NEUTRAL,-0.021886490554784175,0.13750352374993502,-0.031575531385850265,0.10592799236408476,-0.054488372117726676,-0.05448837211772651,False
CC2D1A,DIG,-0.7275035945067251,0.5193741590935794,-1.0495658280237476,-0.5301916689301682,-0.6984641266295226,-1.0724786687556247,True
IRS2,DIG,0.9283218376853682,0.4506614090095652,1.33928531157761,1.7899467205871753,1.6441947249662086,1.316372470845734,True
GPR183,DIG,1.290538682269842,0.4329594072761063,1.8618537569860785,2.2948131642621847,2.1423936229015488,1.8389409162542025,True
VDR,DIG,0.6715395314558839,0.5193741590935794,0.9688267517923017,1.4882009108858811,1.3280518119287008,0.9459139110604239,True
ERVK9-11,DSG,-0.08917971747153447,-0.7369655941662062,-0.12865913614406163,-0.8656247303102679,-1.0260410947920786,-0.1515719768759378,False
ASTE1,DSG,-0.055356588050806496,1.1210154009613662,-0.07986267506143178,1.0411527258999345,0.8745824548807725,-0.10277551579330736,False
HSPA8P5,DSG,0.05884081042122303,1.2529807411698708,0.0848893453965861,1.3378700865664568,1.179412126520012,0.061976504664710504,False
POLD2,DSG,-0.0983653998149716,1.2275357246124077,-0.1419112745081197,1.085624450104288,0.9213800906567864,-0.16482411523999607,False
ITPR1,DIG,0.636319950347053,0.45943161863729726,0.9180156367844048,1.377447255421702,1.2243278124131003,0.8951027960525274,True
LBH,DIG,-1.71726965568736,0.5109619192773794,-2.477496416129252,-1.9665344968518723,-2.125586959588024,-2.5004092568611296,True
SLC39A11,DCG,0.7711535231277357,-0.7369655941662062,1.1125393635804368,0.3755737694142306,0.21515740493241872,1.0896265228485595,True
CPQ,DCG,-0.7932714364060142,1.159198594849254,-1.1444487673818213,0.014749827467432697,-0.141331885356377,-1.167361608113698,True
PYHIN1,DCG,-1.038619773740972,1.4681488357384063,-1.4984115969453176,-0.030262761206911293,-0.19213533012795647,-1.5213244376771946,True
PPIAP35,NEUTRAL,0.021698164495435192,0.13750352374993502,0.03130383431395733,0.16880735806389235,0.008390993582081098,0.008390993582081098,False
PRSS22,DCG,2.0794415416798357,-3.321928094887362,3.0,-0.3219280948873622,-0.482344459369173,2.977087159268124,True
MIF,NEUTRAL,-0.007681620943678045,0.13750352374993502,-0.011082236441433115,0.1264212873085019,-0.03399507717330952,-0.033995077173309025,False
TRIM27,DSG,0.011200796739013244,1.4284997590854065,0.01615933390937968,1.4446590929947862,1.282122312837604,-0.00675350682249681,False
SPTY2D1,DIG,-1.2034777836232222,0.44183755862255913,-1.7362514302532637,-1.2944138716307045,-1.45028695198338,-1.7591642709851412,True
PPM1K-DT,NEUTRAL,0.042246048513266646,0.13750352374993502,0.06094816468724436,0.19845168843717936,0.0380353239553689,0.038035323955368586,False
LINC02207,DIG,-1.2623114053372995,0.45943161863729726,-1.8211304045377001,-1.3616987859004028,-1.5067921578575147,-1.8440432452695719,True
TPH1,DIG,-0.8385426294414212,0.5525410230287789,-1.2097612930691302,-0.6572202700403512,-0.8094932121502703,-1.2326741338010085,True
ACADM,NEUTRAL,-0.04205429394017952,0.13750352374993502,-0.06067152131558378,0.07683200243435123,-0.08358436204745918,-0.08358436204745885,False
YBX1P4,DIG,0.9509589655863936,0.5525410230287789,1.3719437837403885,1.9244848067691676,1.7632102179560911,1.349030943008509,True
ARL3,NEUTRAL,0.011102935498820883,0.13750352374993502,0.016018149983458917,0.15352167373339393,-0.006894690748416995,-0.006894690748416834,False
CCNYL2,DIG,1.6992637660768746,0.44183755862255913,2.4515194084814107,2.89335696710397,2.7359853753941876,2.4286065677495348,True
BICDL1,DIG,1.0844061312135937,0.45943161863729726,1.5644673478114384,2.0238989664487357,1.8694046753925289,1.541554507079562,True
FAM153CP,DIG,-1.1515412650595385,0.5193741590935794,-1.6613228724803997,-1.1419487133868202,-1.302729012445721,-1.6842357132122734,True
ZNF767P,DIG,1.0089165382413308,0.5688428353578793,1.4555588863916282,2.0244017217495074,1.8585363688917558,1.43264604565975,True
ARSJ,NEUTRAL,-0.0113631353269062,0.13750352374993502,-0.016393538985077765,0.12110998476485725,-0.03930637971695385,-0.03930637971695352,False
PLCD4,NEUTRAL,-0.05546623662995889,0.13750352374993502,-0.08002086452281547,0.05748265922711955,-0.10293370525469174,-0.10293370525469157,False
DMBT1,NEUTRAL,0.0628545344022724,0.13750352374993502,0.09067992507954314,0.22818344882947816,0.06776708434766664,0.06776708434766664,False
RIPOR1,NEUTRAL,-0.005354756121052487,0.13750352374993502,-0.007725280101012246,0.12977824364892276,-0.03063812083288796,-0.030638120832887798,False
CASP6,NEUTRAL,0.055354258744620195,0.13750352374993502,0.0798593145829481,0.2173628383328831,0.05694647385107186,0.05694647385107186,False
RARRES1,DSG,-0.038128646412327306,1.1154772174199363,-0.05500800909487337,1.0604692083250629,0.8986191098022718,-0.07792084982674906,False
PIH1D1,DIG,1.3957663495677977,0.415037499278844,2.013665190761153,2.428702690039997,2.261754755574139,1.9907523500292752,True
ZSCAN5B,DSG,0.1089817904347349,1.1043366598147357,0.1572274886073923,1.261564148422128,1.1000014089289,0.13431464787551634,False
PEX1,DSG,0.03689833025725689,1.070389327891398,0.053233038079227704,1.1236223659706257,0.9585456873823051,0.030320197347351155,False
UGDH,NEUTRAL,0.05589155269504319,0.13750352374993502,0.08063446590072298,0.218137989650658,0.057721625168846345,0.057721625168846345,False
POLR2E,NEUTRAL,0.06947441246942411,0.13750352374993502,0.10023039033831252,0.23773391408824754,0.0773175496064363,0.0773175496064363,False
ATAT1,DSG,0.017005926594016747,1.3831282513240999,0.0245343659629097,1.4076626172870097,1.250805202349824,0.001621525231033677,False
LINC01942,DIG,-1.631265997860442,0.5109619192773794,-2.3534193654840463,-1.8424574462066667,-2.0071155391950306,-2.376332206215907,True
OR10Q1,DIG,-1.4229198049540352,0.5025003405291834,-2.0528393461898777,-1.5503390056606943,-1.7024018848899802,-2.075752186921735,True
TIGD2,NEUTRAL,-0.02355669196854114,0.13750352374993502,-0.03398512268276318,0.10351840106717183,-0.05689796341463756,-0.05689796341463756,False
UBAC1,NEUTRAL,-0.029196388230702173,0.13750352374993502,-0.04212148451230292,0.0953820392376321,-0.0650343252441777,-0.06503432524417786,False
RFFL,DIG,-1.2521262794398023,0.4329594072761063,-1.8064363739145513,-1.373476966638445,-1.5382517768774102,-1.8293492146464267,True
TPD52L1,DIG,1.6100409520215555,0.45943161863729726,2.3227980971096436,2.782229715746941,2.6265679768281003,2.2998852563777676,True
SLC38A1,DIG,1.4300173605943105,0.405992359675837,2.0630789545145363,2.4690713141903733,2.3023886760383574,2.0401661137826603,True
MIR2277,NEUTRAL,0.022672690536104743,0.13750352374993502,0.032709778200048445,0.17021330194998346,0.009796937468172869,0.009796937468172869,False
NCR1,DSG,0.12005034494070072,1.373880174522084,0.17319603730295838,1.5470762118250425,1.3853948358109358,0.15028319657108308,False
MICAL2,NEUTRAL,0.06845285264308994,0.13750352374993502,0.09875659104288884,0.23626011479282386,0.0758437503110125,0.07584375031101219,False
SLC47A2,NEUTRAL,0.007741941670391129,0.13750352374993502,0.0111692608547249,0.1486727846046599,-0.011743579877151251,-0.011743579877151251,False
ENDOV,DCG,-0.8527040155083603,1.222392421336448,-1.2301918545200172,-0.007799433183569127,-0.1581064856560181,-1.2531046952518932,True
ROGDI,DCG,-0.863270597729964,1.4284997590854065,-1.2454362102902703,0.1830635487951362,0.03044337052472904,-1.268349051022146,True
VN1R48P,DIG,0.8497396063972377,0.4854268271702419,1.2259151161962345,1.7113419433664765,1.5469277568530406,1.203002275464358,True
KCTD10,NEUTRAL,-0.022783499526900806,0.13750352374993502,-0.03286964178155584,0.10463388196837918,-0.055782482513430896,-0.05578248251343056,False
GCDH,DIG,-1.393614325822958,0.49398884067366594,-2.0105604767765977,-1.5165716361029318,-1.6818451722281236,-2.033473317508474,True
FADS2,DIG,-0.5991319650435253,0.53605290024021,-0.8643647148063538,-0.3283118145661438,-0.47723420649719844,-0.8872775555382314,True
JMJD8,DCG,-0.7387876178720867,1.1043366598147357,-1.06584523257423,0.03849142724050569,-0.12096312675901674,-1.088758073306106,True
AK3P5,DSG,0.09121834619773775,-0.7369655941662062,0.1316002556975689,-0.6053653384686373,-0.7657817029504446,0.10868741496569372,False
GTDC1,NEUTRAL,0.023158093177291426,0.13750352374993502,0.03341006618332288,0.1709135899332579,0.010497225451448098,0.010497225451448417,False
PRDM10,NEUTRAL,0.011531035066453954,0.13750352374993502,0.016635767106689858,0.15413929085662487,-0.006277073625185184,-0.006277073625185506,False
SAA1,DIG,-1.463888046840543,0.5025003405291834,-2.1119440255934823,-1.6094436850642988,-1.764969273132778,-2.1348568663253586,True
DND1,DIG,-0.8311944113106323,0.405992359675837,-1.1991600552124706,-0.7931676955366336,-0.9547591225498592,-1.222072895944346,True
SLC6A3,DCG,-0.8988200342035629,1.3025627700204314,-1.2967232059971288,0.005839564023302657,-0.15652961275463698,-1.3196360467290027,True
TMC8,DCG,0.9010492449443657,-0.7369655941662062,1.2999392772779812,0.562973683111775,0.40255731862996436,1.2770264365461048,True
DBNL,DSG,0.08678688335521076,-3.321928094887362,0.1252070062307715,-3.1967210886565907,-3.3571374531384013,0.10229416549889649,False
POU6F2,DSG,0.09512323405586347,1.1099176920780351,0.13723381804571438,1.2471515101237496,1.085835759995755,0.11432097731383799,False
NAGA,NEUTRAL,0.02136301651739748,0.13750352374993502,0.030820317988078362,0.16832384173801337,0.007907477256203835,0.007907477256203835,False
MIR621,NEUTRAL,0.002976037496236721,0.13750352374993502,0.0042935145373203245,0.14179703828725534,-0.018619326194555242,-0.018619326194556376,False
NEMP1,DIG,-1.4733656263473773,0.5109619192773794,-2.1256172825476227,-1.6146553632702432,-1.7787848414709377,-2.1485301232794995,True
CHID1,NEUTRAL,-0.031043235434730993,0.13750352374993502,-0.04478592181483495,0.09271760193510006,-0.06769876254671178,-0.0676987625467111,False
FAM135A,DIG,0.7897509091835991,0.415037499278844,1.1393697202167286,1.5544072194955725,1.3875077868715537,1.1164568794848522,True
BMF,NEUTRAL,-0.015708273777879936,0.13750352374993502,-0.022662248680273524,0.11484127506966149,-0.04557508941214995,-0.04557508941214962,False
UBE2E2,NEUTRAL,0.015541274872402297,0.13750352374993502,0.022421320187507053,0.15992484393744208,-0.0004915205443677654,-0.000491520544367445,False
PHF20,DCG,-1.008664754642753,1.4418375586225591,-1.455195639442583,-0.013358080820023766,-0.1705365635687182,-1.4781084801744604,True
FARP1,DIG,0.8955805586288782,0.3877301532831085,1.29204963065045,1.6797797839335586,1.5272388629312954,1.2691367899185741,True
NFASC,DCG,-0.8653991227574005,1.3457748368417302,-1.248507022791761,0.0972678140499692,-0.0646893038676869,-1.2714198635236378,True
CD27-AS1,DSG,0.004839857010295464,1.4059923596758368,0.00698243770736495,1.4129747973832016,1.2492842972188838,-0.015930403024510334,False
TMEM220,NEUTRAL,0.01477641047400366,0.13750352374993502,0.021317854112984817,0.15882137786291983,-0.001594986618889407,-0.001594986618889407,False
DPYSL2,NEUTRAL,-0.049198357406865394,0.13750352374993502,-0.07097822625076751,0.06652529749916751,-0.09389106698264317,-0.09389106698264317,False
GYG1,DSG,-0.03512797460194715,1.415037499278844,-0.05067895475470261,1.3643585445241413,1.204929440140553,-0.07359179548657861,False
VDAC1P8,DIG,-1.6731139426422825,0.5109619192773794,-2.4137931878922028,-1.9028312686148232,-2.0520372789599364,-2.4367060286240805,True
DAZAP1,NEUTRAL,0.03670081012592191,0.13750352374993502,0.05294807676527499,0.19045160051521,0.030035236033399283,0.030035236033398967,False
PHETA2,NEUTRAL,-0.04142406849263501,0.13750352374993502,-0.05976229818776929,0.07774122556216573,-0.08267513891964452,-0.08267513891964504,False
FGF7,NEUTRAL,0.0001737656682578731,0.13750352374993502,0.0002506908678723903,0.1377542146178074,-0.02266214986400336,-0.02266214986400336,False
BLOC1S3,DIG,-0.76326008256397,0.4681488357384065,-1.1011515360235404,-0.633002700285134,-0.809784414564342,-1.1240643767554181,True
ACOT11,DIG,-0.6877616589692317,0.415037499278844,-0.992230334708477,-0.577192835429633,-0.745371929370025,-1.0151431754403526,True
HBD,NEUTRAL,-0.0076107374534202694,0.13750352374993502,-0.010979973181557322,0.1265235505683777,-0.03389281391343369,-0.03389281391343353,False
MMP12,NEUTRAL,-0.01781889593332057,0.13750352374993502,-0.025707232797118104,0.11179629095281692,-0.04862007352899376,-0.04862007352899359,False
PPARGC1B,DIG,-1.3863266249385995,0.4329594072761063,-2.0000465468512516,-1.5670871395751453,-1.7229065057368862,-2.022959387583127,True
P2RY1,DSG,0.035158576518753475,1.0761029790857917,0.0507231039883208,1.1268260830741124,0.9604821932330212,0.027810263256443635,False
ZBTB5,DIG,0.6388025821015061,0.37851162325372983,0.9215973173049078,1.3001089405586377,1.1481252903337156,0.8986844765730321,True
ADGRL1,DIG,0.6105501562896196,0.4329594072761063,0.8808376826930159,1.3137970899691223,1.1409810363232045,0.8579248419611389,True
C19orf47,DSG,0.01413330173875902,1.185866545311334,0.020390044329895003,1.206256589641229,1.0443105161429942,-0.002522796401980337,False
RNASEL,DCG,-0.9906552344419909,1.3122779248536431,-1.4292133939601537,-0.11693546910651054,-0.2785878399708279,-1.4521262346920305,True
SCGB2B3P,DSG,0.10905753621635209,-3.321928094887362,0.15733676667089969,-3.1645913282164626,-3.325007692698237,0.13442392593902475,False
LINC00582,DCG,-0.9398348542891477,1.2680350868921602,-1.355895083537555,-0.08785999664539479,-0.24724954358153378,-1.3788079242694267,True
ZEB1,DSG,0.044833673073199666,1.4811266897366167,0.06468131780754222,1.545808007544159,1.3853658157929367,0.041768477075666006,False
ARHGEF15,NEUTRAL,-0.005559224483173084,0.13750352374993502,-0.008020265593062318,0.1294832581568727,-0.030933106324938106,-0.03093310632493827,False
REEP5,NEUTRAL,-0.025530592191737284,0.13750352374993502,-0.03683285874597787,0.10067066500395715,-0.05974569947785383,-0.05974569947785333,False
SIGLEC17P,DIG,1.0307449399138393,0.5443205162238104,1.4870506132350885,2.0313711294588987,1.8776225209024946,1.464137772503212,True
DDO,DIG,-0.8718013608641981,0.4506614090095652,-1.2577434999590282,-0.807082090949463,-0.961665278194996,-1.2806563406909057,True
PCNP,DIG,1.1808358555420424,0.5769251816557379,1.703586032894381,2.2805112145501187,2.134043725384862,1.6806731921625042,True
CCNP,DSG,0.0872836293195752,1.4014484345308889,0.12592365917014167,1.5273720937010304,1.3702730583069083,0.10301081843826553,False
LINC02345,NEUTRAL,-0.010036654238507787,0.13750352374993502,-0.01447983129701238,0.12302369245292263,-0.03739267202888802,-0.03739267202888818,False
KRT8P41,NEUTRAL,0.026726034040955964,0.13750352374993502,0.03855751677351679,0.1760610405234518,0.01564467604164118,0.01564467604164086,False
LFNG,DSG,-0.1039248373273097,1.0531113364595626,-0.14993184743730195,0.9031794890222606,0.7478554684118414,-0.17284468816917703,False
DCAF4,NEUTRAL,0.033685111422072596,0.13750352374993502,0.04859734320041632,0.18610086695035133,0.02568450246853946,0.025684502468539143,False
SNORA70F,NEUTRAL,0.017998403940354516,0.13750352374993502,0.02596620810866584,0.16346973185860086,0.0030533673767903237,0.0030533673767900037,False
CHAF1A,NEUTRAL,0.01060315719834988,0.13750352374993502,0.015297122307825487,0.1528006460577605,-0.0076157184240500785,-0.007615718424049435,False
CACTIN,NEUTRAL,0.03914861380092957,0.13750352374993502,0.05647951098827833,0.19398303473821335,0.0335666702564016,0.033566670256402226,False
PRELID1P5,DCG,-0.7633166458719307,1.1699250014423124,-1.1012331396274315,0.06869186181488085,-0.09120586971766761,-1.1241459803593088,True
LDB1,NEUTRAL,0.01758343739609469,0.13750352374993502,0.025367537933127356,0.16287106168306237,0.002454697201251957,0.002454697201251637,False
SESTD1,NEUTRAL,0.03854635506207652,0.13750352374993502,0.05561063529240299,0.193114159042338,0.032697794560526454,0.032697794560526454,False
MAML2,NEUTRAL,-0.07544784364002201,0.13750352374993502,-0.10884822986522567,0.028655293884709346,-0.13176107059710107,-0.13176107059710196,False
LINC01305,NEUTRAL,0.018825062963121114,0.13750352374993502,0.027158824981317328,0.16466234873125235,0.004245984249440739,0.004245984249440739,False
FAM83F,NEUTRAL,0.035061775466393094,0.13750352374993502,0.050583449590127644,0.18808697334006266,0.027670608858250383,0.027670608858250696,False
MYL12B,NEUTRAL,-0.04610890846932922,0.13750352374993502,-0.0665210935895044,0.07098243016043063,-0.08943393432137897,-0.08943393432137897,False
CLIC4P1,NEUTRAL,-0.02501624109323682,0.13750352374993502,-0.03609080696689546,0.10141271678303956,-0.05900364769877108,-0.059003647698770915,False
NPRL2,NEUTRAL,-0.01367243141218934,0.13750352374993502,-0.01972514899526005,0.11777837475467497,-0.04263798972713607,-0.0426379897271359,False
RHO,DSG,-0.09670109479064304,-0.7369655941662062,-0.1395101899029943,-0.8764757840692006,-1.036892148551006,-0.16242303063486935,False
PCDHGA3,DIG,-1.3238163852335258,0.415037499278844,-1.9098633340239612,-1.4948258347451173,-1.6554195334494253,-1.9327761747558383,True
LINC01828,DIG,1.6166359207879697,0.4329594072761063,2.332312625843767,2.7652720331198735,2.6008747420192058,2.309399785111889,True
PAH,NEUTRAL,-0.008240027986626075,0.13750352374993502,-0.011887847513091708,0.1256156762368433,-0.03480068824496612,-0.034800688244965954,False
MYBPH,DCG,-0.7595029289660112,1.2016338611696507,-1.0957311091599071,0.10590275200974353,-0.051503180078837356,-1.1186439498917808,True
HMG20A,NEUTRAL,-0.014428483436418477,0.13750352374993502,-0.020815901501269485,0.11668762224866554,-0.043728742233145525,-0.04372874223314519,False
DNAH14,DCG,-0.9452605196894119,1.2630344058337937,-1.363722664104039,-0.1006882582702453,-0.2601042228888486,-1.3866355048359167,True
USP1,NEUTRAL,0.023377771098433354,0.13750352374993502,0.033726994430747136,0.17123051818068216,0.010814153698871575,0.010814153698871258,False
EIF4G3,NEUTRAL,-0.036029453395066205,0.13750352374993502,-0.05197951373900204,0.08552401001093299,-0.07489235447087787,-0.07489235447087837,False
DDX10P2,NEUTRAL,0.025128271378889684,0.13750352374993502,0.03625243250443622,0.17375595625437124,0.013339591772560269,0.013339591772560586,False
MAP9,NEUTRAL,0.0347288111558062,0.13750352374993502,0.05010308363045092,0.18760660738038593,0.027190242898576085,0.027190242898576397,False
RBMXL1,NEUTRAL,-0.0019222469489931309,0.13750352374993502,-0.00277321614067633,0.1347303076092587,-0.025686056872551922,-0.025686056872552574,False
NUAK1,DIG,-1.521952074011976,0.45943161863729726,-2.1957127096477507,-1.7362810910104534,-1.8865627585587421,-2.218625550379627,True
LINC02126,NEUTRAL,-0.012889917362795685,0.13750352374993502,-0.01859621985677388,0.11890730389316113,-0.04150906058865026,-0.04150906058864977,False
TARDBPP2,NEUTRAL,0.01829545785296495,0.13750352374993502,0.026394766315265574,0.1638982900652006,0.0034819255833891615,0.003481925583388842,False
LAT2,DSG,0.0302250700102382,1.2275357246124077,0.04360555861429238,1.2711412832267,1.1090501468754055,0.020692717882415147,False
LENG8,DSG,0.05634360025835695,1.297680548640685,0.08128663267856169,1.3789671813192468,1.213997158144552,0.05837379194668538,False
LINC01215,DIG,0.779343306980758,0.5109619192773794,1.1243547241311447,1.6353166434085242,1.4783080395303125,1.101441883399269,True
SIGLEC12,DSG,-0.14011960959116015,-0.7369655941662062,-0.2021498658884644,-0.9391154600546706,-1.09953182453648,-0.22506270662033906,False
OXER1,DIG,0.8077521854084002,0.4854268271702419,1.1653400721559215,1.6507668993261633,1.4893777497362946,1.142427231424045,True
CALCOCO1,DIG,0.8551214130491396,0.4768136968655339,1.2336794219639566,1.7104931188294905,1.5425945796824425,1.2107665812320805,True
GATM,NEUTRAL,-0.009063247041832985,0.13750352374993502,-0.013075501561604015,0.124428022188331,-0.035988342293480205,-0.035988342293480205,False
PARP2,DIG,-1.5647657254730565,0.4681488357384065,-2.257479752293,-1.7893309165545934,-1.9467682337791432,-2.280392593024877,True
NRAS,NEUTRAL,0.013544459762735985,0.13750352374993502,0.019540524931219314,0.15704404868115435,-0.0033723158006561233,-0.0033723158006564447,False
SLC26A11,DCG,-0.9231527064845336,1.2479275134435854,-1.3318278316284615,-0.08390031818487609,-0.24224399953109876,-1.354740672360337,True
AURKB,NEUTRAL,0.018562452704291528,0.13750352374993502,0.026779958463217318,0.16428348221315234,0.003867117731341106,0.003867117731341106,False
SLC35B1,DSG,-0.0670476667020232,1.341036917835067,-0.09672933625418495,1.244307581580882,1.0845087902455866,-0.11964217698606236,False
BTF3L4,NEUTRAL,0.028719789814918687,0.13750352374993502,0.04143389834135655,0.17893742209129157,0.018521057609480022,0.018521057609479707,False
TCP11L2,DIG,0.6757940149249294,0.4681488357384065,0.9749646739946378,1.4431135097330443,1.2818136071345865,0.9520518332627601,True
SDCBP,DCG,0.7345692824704685,-0.7369655941662062,1.0597594610095091,0.3227938668433029,0.16237750236149118,1.0368466202776332,True
HDAC1P2,DCG,-0.9377997749403701,1.4374053123072983,-1.352959084653258,0.0844462276540403,-0.0766799682562707,-1.37587192538513,True
CEP295,NEUTRAL,0.025306184561857566,0.13750352374993502,0.036509106971212756,0.17401263072114778,0.013596266239337495,0.013596266239337813,False
NFYC-AS1,DIG,-1.1548232881173848,0.44183755862255913,-1.6660578308700376,-1.2242202722474784,-1.3815715748418367,-1.6889706716019137,True
DPH3P1,DCG,-0.975269455504524,1.341036917835067,-1.4070164069868565,-0.06597948915178953,-0.22443969762531854,-1.4299292477187298,True
BBOX1-AS1,DIG,1.488519420143299,0.4854268271702419,2.1474795857076527,2.6329064128778947,2.4723313112454317,2.124566744975776,True
SNORD50B,DIG,-1.7022349050283838,0.4506614090095652,-2.455805855912545,-2.00514444690298,-2.160352229907755,-2.4787186966444152,True
SOD3,NEUTRAL,-0.0037469004256120977,0.13750352374993502,-0.00540563466273532,0.1320978890871997,-0.028318475394612214,-0.028318475394611888,False
SNORA9B,DIG,1.6013576921070294,0.4329594072761063,2.310270801092207,2.7432302083683133,2.5905969318654427,2.2873579603603282,True
RPL12P13,NEUTRAL,-0.00766451273598881,0.13750352374993502,-0.011057554515041357,0.12644596923489365,-0.03397039524691665,-0.033970395246917306,False
CRTAP,NEUTRAL,0.0849973227787775,0.13750352374993502,0.12262521606178084,0.26012873981171586,0.09971237532990496,0.09971237532990526,False
FMNL3,DIG,-1.5626354818718897,0.4681488357384065,-2.254406460413711,-1.7862576246753046,-1.9447333967067935,-2.2773193011455883,True
GPR161,DCG,-0.8760658054777125,1.3692338096657193,-1.2638957930550911,0.10533801661062814,-0.051281784735847866,-1.2868086337869662,True
INHBC,DIG,-0.8544030411561285,0.5277376320282061,-1.2326430303963956,-0.7049053983681894,-0.8638616082675846,-1.2555558711282655,True
BMP1,NEUTRAL,-0.022883865365598364,0.13750352374993502,-0.03301443907931947,0.10448908467061555,-0.05592727981119415,-0.055927279811194816,False
SARNP,DIG,-1.0258218245764859,0.4240262825060986,-1.4799480591521643,-1.0559217766460658,-1.2144573390749644,-1.502860899884041,True
PTPRS,NEUTRAL,0.051369746633932636,0.13750352374993502,0.07411087872049714,0.21161440247043217,0.051198037988620736,0.051198037988621665,False
LHFPL5,DIG,-0.8207505986741841,0.5025003405291834,-1.1840928185138933,-0.6815924779847099,-0.8377031736857714,-1.2070056592457703,True
CCDC24,DIG,-0.7093036616445285,0.28293396327149883,-1.0233088751389445,-0.7403749118674456,-0.9047613320621345,-1.0462217158708205,True
ATP6V0E1,DIG,1.2532844755876111,0.4681488357384065,1.8081072977533716,2.276256133491778,2.1134722205133434,1.785194457021495,True
CHORDC1P4,NEUTRAL,-0.02035792584898745,0.13750352374993502,-0.02937027866511943,0.10813324508481559,-0.052283119396994884,-0.05228311939699505,False
LINC01224,DIG,0.9158377195191899,0.560714954474479,1.3212745362093927,1.8819894906838717,1.7298448464729566,1.2983616954775163,True
MIR1182,DCG,-0.8638458423064451,1.1099176920780351,-1.2462661127880579,-0.13634842071002273,-0.2981111753406103,-1.2691789535199332,True
MTRF1,NEUTRAL,0.035563261884667526,0.13750352374993502,0.05130694155884533,0.18881046530878035,0.028394100826971205,0.028394100826971205,False
SNORD12C,DCG,-1.0668725303576476,1.4637968111986992,-1.5391717088076384,-0.07537489760893923,-0.23821911967461998,-1.5620845495395066,True
PSMD10P2,DSG,-0.0714021133597055,1.415037499278844,-0.10301147485303873,1.3120260244258053,1.1496785150845448,-0.12592431558491368,False
PRKCG,DSG,0.12385574580781214,-0.7369655941662062,0.1786860702625346,-0.5582795239036716,-0.7186958883854804,0.15577322953065836,False
PRSS21,DCG,-0.8232459842246045,1.2377676472233639,-1.1876928988725908,0.05007474835077308,-0.10964021381850922,-1.2106057396044665,True
UTP25,DCG,-0.9887330630314919,1.4768136968655337,-1.4264402867984882,0.05037341006704543,-0.10488628114690812,-1.4493531275303662,True
GMCL1,DIG,-0.6904601746258724,0.49398884067366594,-0.9961234698640739,-0.5021346291904079,-0.6679347337256243,-1.0190363105959508,True
PWAR5,NEUTRAL,-0.0015217229437746083,0.13750352374993502,-0.002195382144590582,0.13530814160534443,-0.025108222876466645,-0.025108222876466156,False
HAS1,DSG,-0.09505527130903181,-3.321928094887362,-0.13713576852789516,-3.4590638634152575,-3.6194802278970672,-0.1600486092597717,False
PIGN,NEUTRAL,-0.034870620796556964,0.13750352374993502,-0.050307671695912284,0.08719585205402273,-0.07322051242778797,-0.07322051242778814,False
INMT-MINDY4,DSG,-0.0990618294535926,-0.7369655941662062,-0.1429160100940863,-0.8798816042602925,-1.0402979687421043,-0.1658288508259628,False
NRGN,NEUTRAL,-0.0006981899226354045,0.13750352374993502,-0.001007275138984747,0.13649624861095028,-0.02392011587086109,-0.023920115870860764,False
PSAPL1,NEUTRAL,-0.003909262615503247,0.13750352374993502,-0.005639873788919152,0.13186364996101588,-0.028552714520794286,-0.028552714520794286,False
PUS3,NEUTRAL,0.015640099466531734,0.13750352374993502,0.022563893939375457,0.1600674176893105,-0.0003489467924992746,-0.0003489467924994348,False
ZNF585A,DSG,-0.05403030238751224,1.4982508675278254,-0.07794924931219503,1.4203016182156305,1.2586186659611198,-0.10086209004407054,False
RPL17P26,DIG,-0.5553504638410646,0.5688428353578793,-0.8012013601388894,-0.23235852478101016,-0.38990481605702765,-0.8241142008707635,True
GOT2P3,DSG,-0.04615203986552345,1.0987339535853597,-0.06658331904090042,1.0321506345444593,0.863740932999053,-0.08949615977277559,False
PINLYP,DIG,0.7237595322241376,0.44183755862255913,1.0441642879358792,1.4860018465584384,1.3206508390157903,1.021251447204003,True
NCAPG,NEUTRAL,0.005507776549767611,0.13750352374993502,0.007946041914674257,0.1454495656646093,-0.014966798817200522,-0.014966798817200686,False
NUMBL,DSG,-0.054065624606808055,1.4939888406736659,-0.0780002085028063,1.4159886321708597,1.2571265796549578,-0.1009130492346835,False
AKAP8L,DIG,1.720197491015729,0.5109619192773794,2.4817203896380295,2.992682308915409,2.818367002718685,2.458807548906152,True
TXNDC9,DIG,1.375858058210782,0.4240262825060986,1.984943597547814,2.4089698800539128,2.2343886130158057,1.9620307568159392,True
PAX9,DIG,-1.5397625847190677,0.415037499278844,-2.2214078451205714,-1.8063703458417275,-1.9586589124790186,-2.244320685852447,True
PIGT,DCG,-0.7892031616313868,1.070389327891398,-1.1385794875394928,-0.06819015964809472,-0.2337324972217451,-1.1614923282713683,True
ZIM2,DSG,-0.06049781847227127,1.185866545311334,-0.0872799026945465,1.0985866426167874,0.9392675711590611,-0.11019274342642274,False
TEX12,NEUTRAL,0.10353547223494679,0.13750352374993502,0.1493701123494547,0.2868736360993897,0.12645727161757925,0.12645727161757894,False
ITPRID2,NEUTRAL,0.011359477900128402,0.13750352374993502,0.016388262433603022,0.15389178618353805,-0.006524578298272057,-0.006524578298272057,False
WBP4,NEUTRAL,-0.0353067707839217,0.13750352374993502,-0.050936903119767174,0.08656662063016785,-0.07384974385164378,-0.07384974385164395,False
SMARCE1P5,NEUTRAL,-0.05523819484245562,0.13750352374993502,-0.07969186976686904,0.05781165398306598,-0.10260471049874541,-0.10260471049874541,False
FOXF2,DIG,-1.5552959102130735,0.5849625007211562,-2.2438176967792876,-1.6588551960581315,-1.8088088499125234,-2.2667305375111653,True
SNRPGP2,NEUTRAL,0.003770723155180339,0.13750352374993502,0.005440003596543861,0.1429435273464789,-0.017472837135332844,-0.017472837135333007,False
THADA,DIG,1.5295837283055276,0.4681488357384065,2.2067228594508363,2.6748716951892426,2.518501979364109,2.183810018718961,True
PLEKHB2,NEUTRAL,0.008110668832888258,0.13750352374993502,0.011701221703500568,0.1492047454534356,-0.011211619028375579,-0.011211619028375417,False
UBE3D,DIG,-1.6039558170975292,0.4329594072761063,-2.314019103131611,-1.8810596958555046,-2.046125816285151,-2.3369319438634863,True
HSD17B11,NEUTRAL,0.05091323305354751,0.13750352374993502,0.07345226884197704,0.21095579259191205,0.05053942811010099,0.05053942811010161,False
FUT8,NEUTRAL,-0.04031892465717574,0.13750352374993502,-0.058167912656883196,0.07933561109305182,-0.0810807533887573,-0.08108075338875746,False
PLCXD2,DSG,0.10510556214730636,1.1099176920780351,0.15163527327976564,1.2615529653578008,1.113809827197991,0.12872243254788912,False
RNF135,DIG,-0.5546583123016053,0.4681488357384065,-0.800202796545368,-0.3320539608069615,-0.5000818016999447,-0.823115637277244,True
NKX3-1,NEUTRAL,0.0055417898589200714,0.13750352374993502,0.007995112747112735,0.14549863649704775,-0.014917727984761694,-0.014917727984762666,False
SCAT8,DIG,0.8020289135728693,0.45943161863729726,1.1570831362611416,1.6165147548984389,1.4685707990623633,1.1341702955292632,True
AKR7A2,NEUTRAL,-0.054235487569781915,0.13750352374993502,-0.07824526895711939,0.05925825479281563,-0.10115810968899555,-0.10115810968899502,False
LYPLAL1-DT,DCG,-0.9328046455712747,1.446256229889564,-1.3457526362838652,0.10050359360569883,-0.05944524029123113,-1.3686654770157416,True
SOX21-AS1,DIG,-0.641497956803827,0.32192809488736235,-0.9254859210212838,-0.6035578261339214,-0.7615702794431466,-0.9483987617531577,True
SCAP,NEUTRAL,0.006165341341777323,0.13750352374993502,0.008894707379169852,0.14639823112910488,-0.014018133352706248,-0.014018133352705764,False
ITGB2,DSG,0.03875716677714987,1.20685157044067,0.0559147723083006,1.2627663427489706,1.0966358441766384,0.033001931576425406,False
MEX3C,NEUTRAL,-0.05216258389096857,0.13750352374993502,-0.07525470109945488,0.06224882265048014,-0.09816754183133056,-0.09816754183133072,False
KHDC1,DIG,-1.702430378743754,0.415037499278844,-2.456087864872334,-2.04105036559349,-2.1994790669648068,-2.47900070560421,True
FAM83C,DCG,-1.0021849560412028,1.3362833878644325,-1.445847266134167,-0.10956387826973457,-0.2723522594888821,-1.4687601068660403,True
VPS13B-DT,DCG,-0.9333004964037812,1.1483918398926711,-1.346467997820943,-0.19807615792827193,-0.35785284390834365,-1.369380838552819,True
JHY,NEUTRAL,-0.050652085823422816,0.13750352374993502,-0.07307551302813427,0.06442801072180075,-0.09598835376000944,-0.09598835376000944,False
SENP3-EIF4A1,NEUTRAL,0.02560896163539624,0.13750352374993502,0.036945921953701874,0.1744494457036369,0.014033081221825559,0.014033081221825243,False
GRK5,NEUTRAL,0.048762188407676516,0.13750352374993502,0.07034896739864821,0.20785249114858323,0.04743612666677319,0.04743612666677319,False
RPL13AP25,NEUTRAL,0.013372593157521801,0.13750352374993502,0.01929257383218239,0.1567960975821174,-0.003620266899693078,-0.0036202668996935593,False
PBX1,DCG,-0.7936121222863634,1.2779847472997656,-1.144940273211902,0.13304447408786357,-0.025137032661659713,-1.1678531139437787,True
SLC26A3,DIG,0.986417255884777,0.5849625007211562,1.4230992833122675,2.0080617840334236,1.8550314336410814,1.4001864425803918,True
MIS18A,DIG,1.0580116857490582,0.405992359675837,1.5263882122327386,1.9323805719085756,1.775221457675662,1.5034753715008615,True
CFAP57,DIG,-0.8099217354577289,0.3025627700204313,-1.1684700712530485,-0.8659073012326172,-1.0262011807007676,-1.1913829119849249,True
LINC01915,DIG,0.9426760055390039,0.4681488357384065,1.359993998356138,1.8281428340945445,1.6772894708114496,1.3370811576242612,True
DMRTA1,NEUTRAL,0.0069196083770772954,0.13750352374993502,0.009982884690503143,0.14748640844043817,-0.01292995604137347,-0.012929956041373631,False
PKHD1,DSG,0.0070117776482516705,-0.7369655941662062,0.010115856840948763,-0.7268497373252575,-0.8872661018070672,-0.0127969838909263,False
GPBP1L1,NEUTRAL,-0.04385712874756514,0.13750352374993502,-0.06327246215174102,0.074231061598194,-0.08618530288361577,-0.08618530288361526,False
PARD6B,DCG,-1.0099382980764615,1.4374053123072983,-1.4570329742387509,-0.0196276619314526,-0.17703573056301203,-1.479945814970627,True
RN7SKP150,DIG,0.9296784541934674,0.44183755862255913,1.3412424954862328,1.783080054108792,1.6163389255012974,1.318329654754356,True
LRP1-AS,DIG,-1.036744656179558,0.5109619192773794,-1.4957063741383818,-0.9847444548610024,-1.1500236150515117,-1.5186192148702575,True
XPOTP1,DCG,-0.793509365208104,1.1699250014423124,-1.1447920260846811,0.02513297535763126,-0.13501435356459124,-1.1677048668165573,True
TIMM8B,NEUTRAL,0.008584032723662505,0.13750352374993502,0.012384141441256479,0.1498876651911915,-0.010528699290618894,-0.01052869929061841,False
CLPP,NEUTRAL,-0.00657532645303884,0.13750352374993502,-0.009486190866025153,0.12801733288390987,-0.032399031597900745,-0.032399031597899926,False
SEMA6C,DCG,-0.9782003883697948,1.4681488357384063,-1.411244849296761,0.05690398644164518,-0.09982706288786825,-1.4341576900286366,True
EIF2S3B,DSG,-0.02194089388898118,1.273018494406416,-0.03165401880630411,1.2413644756001119,1.0773581599966173,-0.0545668595381804,False
RGS20,DCG,-0.7139304390439253,1.1429579538420431,-1.0299839039483514,0.11297404989369175,-0.04709489077593447,-1.0528967446802255,True
C22orf15,NEUTRAL,0.07607765327985776,0.13750352374993502,0.10975685310932076,0.24726037685925578,0.08684401237744578,0.08684401237744548,False
TEDDM1,DCG,-0.9111680139383634,1.132028393683784,-1.3145375751255228,-0.18250918144173878,-0.3372239936577104,-1.3374504158573945,True
MKRN2OS,DIG,-1.6598408738457995,0.37851162325372983,-2.3946441973621386,-2.0161325741084086,-2.171842793401934,-2.4175570380940146,True
HYDIN,NEUTRAL,0.04006466349378285,0.13750352374993502,0.05780109133736561,0.19530461508730063,0.034888250605490244,0.03488825060549087,False
GCNT1P3,DCG,-0.8625694656705251,1.2172307162206693,-1.2444246905451095,-0.027193974324440262,-0.18560863617363896,-1.2673375312769712,True
ACAA2,NEUTRAL,-0.015466780315330558,0.13750352374993502,-0.022313847259446434,0.11518967649048859,-0.0452266879913218,-0.045226687991321964,False
TPRKB,DIG,1.2884157004021235,0.4854268271702419,1.8587909415736241,2.344217768743866,2.179769733170459,1.8358781008417486,True
SRD5A3-AS1,DIG,-1.053971583069889,0.415037499278844,-1.5205595761328192,-1.1055220768539753,-1.2623047490951365,-1.5434724168646972,True
ABLIM1,NEUTRAL,0.009068290330501983,0.13750352374993502,0.01308277748915655,0.15058630123909156,-0.00983006324272022,-0.009830063242719416,False
EIF4EBP2,DIG,0.8902562295707159,0.32192809488736235,1.2843682475221785,1.606296342409541,1.4524816928358615,1.2614554067903012,True
COIL,DSG,-0.05996826770637068,1.1429579538420431,-0.08651592243068276,1.0564420314113603,0.895289145027655,-0.10942876316255902,False
HHIP,NEUTRAL,0.016262609713932178,0.13750352374993502,0.023461986386202636,0.16096551013613766,0.0005491456543265677,0.0005491456543262474,False
MALT1,NEUTRAL,0.05055640093384718,0.13750352374993502,0.07293746891245549,0.21044099266239052,0.05002462818057879,0.0500246281805791,False
BCL2L10,NEUTRAL,0.04432831427371843,0.13750352374993502,0.06395223917366104,0.20145576292359607,0.04103939844178512,0.04103939844178543,False
FAM124B,NEUTRAL,0.022387681134687563,0.13750352374993502,0.03229859655001715,0.16980212029995218,0.009385755818142508,0.009385755818142508,False
TMEM123,NEUTRAL,0.037230212829423966,0.13750352374993502,0.05371184342025062,0.19121536717018564,0.03079900268837571,0.030799002688375394,False
UAP1,DCG,-1.0914554154671432,1.3968901525685844,-1.5746373152458508,-0.17774716267726642,-0.33521231281131597,-1.597550155977727,True
MIR675,NEUTRAL,0.04940678435088611,0.13750352374993502,0.07127892276929383,0.20878244651922884,0.0483660820374178,0.0483660820374178,False
IMMTP1,DSG,-0.09652051899290238,1.1805722456418208,-0.1392496740950893,1.0413225715467316,0.8848763296887948,-0.1621625148269648,False
RPTOR,DCG,-0.929478806494115,1.1963972128035036,-1.340954464740452,-0.14455725193694846,-0.3039355362385974,-1.3638673054723296,True
DSCR8,DIG,-0.617755399097014,0.5688428353578793,-0.8912326507596446,-0.32238981540176537,-0.48427270500541014,-0.9141454914915186,True
PPIAP2,DCG,-0.7980170235413337,1.2016338611696507,-1.1512952024080534,0.050338658761597266,-0.1110451769786417,-1.1742080431399229,True
CENPS-CORT,NEUTRAL,-0.019412404904295556,0.13750352374993502,-0.02800618028715579,0.10949734346277923,-0.05091902101903218,-0.05091902101903152,False
FAM76A,NEUTRAL,-0.004531767540823769,0.13750352374993502,-0.006537958557608026,0.130965565192327,-0.029450799289484176,-0.02945079928948385,False
NUDT2,DIG,-0.994353735338633,0.4681488357384065,-1.4345492028624627,-0.9664003671240562,-1.1159563649118467,-1.457462043594339,True
NDUFA5,DIG,-1.0040152919648018,0.5525410230287789,-1.4484878826943044,-0.8959468596655255,-1.0541514262574854,-1.4714007234261812,True
RPL35AP7,DCG,-1.0315287318534083,1.4982508675278254,-1.4881813859793935,0.010069481548431902,-0.14877413325344604,-1.5110942267112604,True
LAMA5,DCG,-0.8184219033593644,1.282933963271499,-1.1807332213314614,0.10220074194003748,-0.06064308029466231,-1.2036460620633382,True
TSPAN33,DIG,-1.3400557770441008,0.5849625007211562,-1.9332918240561308,-1.3483293233349745,-1.5081413146210905,-1.956204664788009,True
PCDHGA4,DIG,-0.7750500810085079,0.49398884067366594,-1.1181609083115638,-0.6241720676378979,-0.7811917519228987,-1.1410737490434415,True
PTGIR,DIG,1.5337892065261378,0.5025003405291834,2.212790082024277,2.7152904225534606,2.5375215696903517,2.1898772412923995,True
TLNRD1,NEUTRAL,-0.008266771447841161,0.13750352374993502,-0.01192643017196292,0.1255770935779721,-0.03483927090383894,-0.03483927090383894,False
EIF2AK3,DIG,-1.620188440287161,0.35049724708413343,-2.3374378281079116,-1.9869405810237781,-2.1303061129210956,-2.3603506688397866,True
KIRREL1-IT1,DCG,-0.7982682639005803,1.2172307162206693,-1.1516576656284094,0.06557305059225982,-0.09533471541552978,-1.1745705063602754,True
FADS6,DCG,-0.892687327643112,1.3122779248536431,-1.287875580655139,0.024402344198504178,-0.1346996689272694,-1.3107884213870113,True
CYP17A1,NEUTRAL,0.02463147811960975,0.13750352374993502,0.035535711332926,0.173039235082861,0.012622870601049658,0.012622870601049023,False
DHX30,NEUTRAL,0.008550096798485849,0.13750352374993502,0.012335182250296138,0.14983870600023116,-0.010577658481580243,-0.010577658481580082,False
MSC-AS1,DCG,-0.7788497972779389,1.1699250014423124,-1.123642740130257,0.046282261312055484,-0.10930138500383316,-1.146555580862133,True
METTL21EP,DIG,1.452066572591813,0.4240262825060986,2.0948892433188426,2.518915525824941,2.3676954904411276,2.0719764025869667,True
COL3A1,DIG,1.3104840988599464,0.37851162325372983,1.8906289105890868,2.2691405338428168,2.102408145237139,1.8677160698572082,True
MMS22L,DIG,0.9122812987207406,0.4681488357384065,1.3161437055601555,1.784292541298562,1.6212045499025802,1.2932308648282789,True
GTF3C3,DIG,1.293778291426893,0.415037499278844,1.8665275250513746,2.281565024330219,2.1011379744817273,1.8436146843194985,True
LSM5,DSG,0.06651101911212097,1.0874628412503395,0.09595511743752799,1.1834179586878675,1.0271300792680393,0.07304227670564985,False
KDM5B,DCG,-0.9477696489967427,1.3122779248536431,-1.3673425725126742,-0.055064647659031074,-0.21216691580808147,-1.3902554132445488,True
FIGNL2,DIG,0.7810211640978778,0.4329594072761063,1.1267753602733337,1.55973476754944,1.3917249215775678,1.1038625195414562,True
MAT2B,DIG,-0.8036114774857702,0.4240262825060986,-1.1593662933701736,-0.7353400108640751,-0.8901186242628558,-1.1822791341020507,True
HIPK2,DSG,-0.08950766178062701,1.222392421336448,-0.1291322597724772,1.093260161563971,0.9291277044326027,-0.1520451005043546,False
RBM48,DSG,0.01983889649482778,1.4195388915137848,0.02862147758979748,1.4481603691035823,1.2982554721614203,0.005708636857922509,False
TENM3-AS1,NEUTRAL,-0.018612986518139845,0.13750352374993502,-0.02685286334585349,0.11065066040408153,-0.04976570407772823,-0.049765704077728394,False
KIF12,NEUTRAL,-0.016363555985724317,0.13750352374993502,-0.023607621071913384,0.11389590267802163,-0.046520461803790075,-0.04652046180378991,False
EPHA5,NEUTRAL,-0.040795679038561,0.13750352374993502,-0.058855723838629796,0.07864779991130522,-0.08176856457050485,-0.0817685645705052,False
ZNF805,DSG,0.004300056435104746,1.4195388915137848,0.006203670094468291,1.425742561608253,1.2721230071291663,-0.016709170637408885,False
HACE1,DIG,0.8817266707778167,0.4768136968655339,1.272062695350692,1.7488763922162258,1.581329788064338,1.249149854618814,True
TSPAN1,NEUTRAL,-0.061387710185035936,0.13750352374993502,-0.08856374505548026,0.04893977869445476,-0.11147658578735582,-0.11147658578735634,False
PTBP2,NEUTRAL,0.04119344137466416,0.13750352374993502,0.05942957358837823,0.19693309733831324,0.036516732856503545,0.036516732856503545,False
TPI1P2,DIG,0.6295037064935265,0.4854268271702419,0.9081818755794322,1.393608702749674,1.2402150201489428,0.8852690348475557,True
HMMR,DIG,1.625955345369796,0.5193741590935794,2.3457577134719063,2.8651318725654855,2.6993775832126476,2.3228448727400295,True
PMVK,DCG,-0.9628794456712019,1.373880174522084,-1.389141401243757,-0.01526122672167296,-0.1777284681873954,-1.4120542419756337,True
HORMAD2-AS1,NEUTRAL,-0.004183828041640772,0.13750352374993502,-0.0060359879676073255,0.1314675357823277,-0.028948828699481823,-0.028948828699481823,False
CACYBPP2,NEUTRAL,-0.00826678009021078,0.13750352374993502,-0.01192644264026671,0.1255770811096683,-0.03483928337214138,-0.03483928337214138,False
RICTOR,DSG,-0.03462074282085043,1.3315141437165605,-0.049947173979533105,1.2815669697370273,1.1228240727236873,-0.07286001471140893,False
EBPL,NEUTRAL,-0.016440290190468256,0.13750352374993502,-0.023718325128564022,0.113785198621371,-0.04663116586043964,-0.04663116586043947,False
C1orf52,NEUTRAL,0.0016011196763368693,0.13750352374993502,0.0023099274169209438,0.13981345116685595,-0.020602913314953977,-0.020602913314953977,False
KCNJ10,DCG,-0.8153336074488986,1.2779847472997656,-1.1762777521366348,0.10170699516313086,-0.06456624337683547,-1.1991905928685116,True
S100A1,DCG,-0.8022365526159012,1.1483918398926711,-1.1573826960788187,-0.008990856186147589,-0.1734666098163464,-1.1802955368106962,True
LINC01968,DCG,-0.7655576629654591,1.1099176920780351,-1.1044662438748123,0.005451448203222853,-0.1521939600434711,-1.1273790846066796,True
TMEM127,DIG,-1.1711967361733417,0.405992359675837,-1.68967972318262,-1.283687363506783,-1.4424284656479447,-1.7125925639144959,True
ZSCAN18,DSG,0.0392244132819835,1.359895945086383,0.05658886652369678,1.4164848116100799,1.2553931524477475,0.033676025791820524,False
NTAN1P2,DCG,-0.8680350095953135,1.1375035237499351,-1.2523098036611626,-0.1148062799112275,-0.27867868157990205,-1.2752226443930388,True
CACNG1,DCG,-0.8585218552582594,1.341036917835067,-1.2385852230758834,0.10245169475918359,-0.05986941832986651,-1.2614980638077606,True
SEPSECS-AS1,NEUTRAL,-0.005178064010403518,0.13750352374993502,-0.007470367269214773,0.13003315648072025,-0.030383208001089585,-0.030383208001089585,False
AOC4P,NEUTRAL,-0.033160097427574566,0.13750352374993502,-0.0478399081141567,0.08966361563577832,-0.07075274884603162,-0.07075274884603179,False
GFM1,DSG,0.029596392062422785,1.3923174227787602,0.04269856805666283,1.435015990835423,1.2694734048284673,0.019785727324787176,False
LINC00336,DSG,0.028813235292982093,1.3785116232537298,0.041568711669152124,1.4200803349228819,1.2648913894431921,0.018655870937277053,False
KRT8P24,NEUTRAL,-0.02012996751112227,0.13750352374993502,-0.02904140430155205,0.10846211944838297,-0.0519542450334282,-0.0519542450334277,False
MROH9,DCG,-0.8723339890890291,1.1805722456418208,-1.2585119200576296,-0.07793967441580874,-0.23560627879743284,-1.2814247607894997,True
PROX2,NEUTRAL,0.01507853044731691,0.13750352374993502,0.02175372110023735,0.15925724485017237,-0.0011591196316380248,-0.0011591196316383455,False
ANKRD62,NEUTRAL,-0.030131504062619854,0.13750352374993502,-0.04347057148566732,0.0940329522642677,-0.06638341221754251,-0.06638341221754336,False
FARS2,DIG,1.0474842909106548,0.6009040445901779,1.511200391905894,2.1121044364960717,1.9542836519462816,1.4882875511740166,True
C1orf54,DCG,-0.9998392005005652,1.4982508675278254,-1.4424630562485514,0.05578781127927401,-0.10648963807266286,-1.465375896980428,True
FEN1,DIG,1.2227110111560484,0.5025003405291834,1.763999112235161,2.2664994527643443,2.1142865492826166,1.7410862715032849,True
RPS26P19,NEUTRAL,-0.057915373651307445,0.13750352374993502,-0.0835542223579726,0.053949301391962426,-0.10646706308984727,-0.10646706308984744,False
ACTG1P25,DCG,2.0794415416798357,-3.321928094887362,3.0,-0.3219280948873622,-0.482344459369173,2.977087159268124,True
TOB1-AS1,DSG,0.049383497772162194,1.132028393683784,0.07124532733764957,1.2032737210214337,1.0532363800238438,0.048332486605772794,False
PPP2R5E,NEUTRAL,0.000517291070750861,0.13750352374993502,0.0007462932624684092,0.13824981701240344,-0.022166547469408333,-0.022166547469408823,False
AQP9,NEUTRAL,0.035885657127449025,0.13750352374993502,0.05177205957681239,0.1892755833267474,0.028859218844937404,0.028859218844938344,False
TRPC4AP,DCG,-0.7592195825866126,1.1645717669481057,-1.0953223267434948,0.06924944020461088,-0.08748586756051151,-1.1182351674753694,True
CNRIP1,DIG,0.5944885886856148,0.560714954474479,0.8576657387618153,1.4183806932362943,1.2688789742837305,0.8347528980299376,True
NUP210P3,DSG,0.004900349240981873,-0.7369655941662062,0.007069709548588545,-0.7298958846176177,-0.8903122490994271,-0.015843131183286344,False
RGMA,DIG,-1.0256694972499514,0.5025003405291834,-1.4797282972735812,-0.9772279567443979,-1.1262489787945567,-1.5026411380054592,True
LCORL,NEUTRAL,-0.03961922118737216,0.13750352374993502,-0.05715845393090477,0.08034506981903025,-0.0800712946627805,-0.08007129466278083,False
FZD7,NEUTRAL,0.042367129316058204,0.13750352374993502,0.06112284736097859,0.1986263711109136,0.038210006629103926,0.038210006629103926,False
COQ6,NEUTRAL,0.04506879815589269,0.13750352374993502,0.06502053159833204,0.20252405534826706,0.04210769086645605,0.04210769086645512,False
LEPR,NEUTRAL,0.01272976125168882,0.13750352374993502,0.018365163429511944,0.15586868717944696,-0.004547677302362497,-0.004547677302362175,False
CCNB1IP1,DIG,0.8417165982178717,0.37851162325372983,1.2143403620828517,1.5928519853365815,1.4240605399566593,1.191427521350975,True
NCEH1,DCG,-0.9140073770905945,1.273018494406416,-1.3186339102645295,-0.04561541585811346,-0.20295110657615725,-1.341546750996407,True
RNPS1,DCG,-0.9656990133757294,1.4374053123072983,-1.3932091775885296,0.04419613471876871,-0.11617634722907405,-1.416122018320406,True
ATP1B1P1,NEUTRAL,0.024445434322353285,0.13750352374993502,0.035267306869235945,0.17277083061917098,0.012354466137359486,0.012354466137359486,False
OAF,NEUTRAL,-0.04327075503276849,0.13750352374993502,-0.06242650370129626,0.07507702004863875,-0.08533934443317166,-0.08533934443317166,False
RNF169,DIG,-0.6569746232157542,0.44183755862255913,-0.9478140309032639,-0.5059764722807047,-0.6547525429309754,-0.9707268716351406,True
RNF182,DSG,0.021632044564289344,-0.7369655941662062,0.031208443417189292,-0.7057571507490169,-0.8661735152308294,0.008295602685311996,False
KRT5,DIG,0.7352586561079844,0.5193741590935794,1.0607540169376728,1.5801281760312522,1.4176736572438908,1.0378411762057953,True
MYBBP1A,NEUTRAL,-0.021920592650451178,0.13750352374993502,-0.031624730310152976,0.10587879343978204,-0.05453757104202841,-0.05453757104202874,False
CCL21,DIG,-1.4138781737450736,0.37851162325372983,-2.039795029683162,-1.6612834064294322,-1.817352420196194,-2.062707870415039,True
MIR4426,DCG,2.0794415416798357,-3.321928094887362,3.0,-0.3219280948873622,-0.48234445936917275,2.977087159268125,True
HLA-F,DSG,-0.05819933130516841,1.4550531781267229,-0.08396388665702027,1.3710892914697026,1.2111555956238917,-0.10687672738889659,False
CCT5P1,NEUTRAL,-0.04587671927682443,0.13750352374993502,-0.06618611539292972,0.0713174083570053,-0.08909895612480534,-0.0890989561248055,False
CHUK,NEUTRAL,-0.024503633243889038,0.13750352374993502,-0.03535127016472066,0.10215225358521436,-0.05826411089659524,-0.05826411089659541,False
MIR186,NEUTRAL,0.02349768522837292,0.13750352374993502,0.03389999395134346,0.17140351770127848,0.01098715321946756,0.010987153219467242,False
ZNF200,DCG,-0.8242079610328078,1.2529807411698708,-1.1890807380432358,0.06390000312663502,-0.10124341714643695,-1.211993578775113,True
SUMO2,DCG,-0.9397359272062226,1.4059923596758368,-1.3557523619256093,0.05023999775022747,-0.10894148017367716,-1.3786652026574842,True
SLFN12L,DIG,1.6498277201730196,0.5525410230287789,2.38019827021476,2.932739293243539,2.773615675534222,2.3572854294828836,True
LINC02454,DSG,0.01137802743270741,-0.7369655941662062,0.016415023752265567,-0.7205505704139407,-0.8809669348957487,-0.006497816979609422,False
ABI3BP,DIG,0.9184949353374509,0.4681488357384065,1.3251080882929696,1.793256924031376,1.6390006738858927,1.3021952475610927,True
EFCAB3,DCG,0.8635570003290459,-0.7369655941662062,1.2458494018996635,0.5088838077334573,0.3484674432516466,1.2229365611677863,True
ZNF213,DCG,2.0794415416798357,-3.321928094887362,3.0,-0.3219280948873622,-0.4823444593691723,2.977087159268125,True
PAX5,DIG,0.7243535183991688,0.3968901525685844,1.0450212288449534,1.4419113814135378,1.2829024742817232,1.022108388113078,True
MANBAL,DCG,-0.9052739706901328,1.132028393683784,-1.3060342681605155,-0.17400587447673144,-0.3286406200760033,-1.3289471088923905,True
EPB41L1,DCG,-0.9848940055057962,1.3968901525685844,-1.4209016975444797,-0.024011544975895305,-0.18858923193348417,-1.4438145382763548,True
NKAIN1,NEUTRAL,0.007968738595075207,0.13750352374993502,0.011496459653255488,0.1489999834031905,-0.011416381078620464,-0.011416381078620141,False
PLCD1,NEUTRAL,-0.025172553442031058,0.13750352374993502,-0.036316318017330616,0.1011872057326044,-0.059229158749206576,-0.05922915874920691,False
HPS5,DIG,1.5542414206219615,0.5109619192773794,2.2422963898755213,2.753258309152901,2.597016822534085,2.219383549143644,True
SEC11C,NEUTRAL,0.06261287807395455,0.13750352374993502,0.09033128869307955,0.22783481244301457,0.06741844796120405,0.06741844796120375,False
FAM178B,DIG,0.8588868283220491,0.35989594508638295,1.2391117679050707,1.5990077129914537,1.4414803379163683,1.216198927173194,True
RPL32P3,DSG,-0.08321370434060246,-0.7369655941662062,-0.12005199858618759,-0.8570175927523938,-1.0174339572342053,-0.14296483931806436,False
DCC,NEUTRAL,-0.03292693623662766,0.13750352374993502,-0.047503527620249834,0.08999999612968518,-0.07041636835212553,-0.07041636835212553,False
CCM2,DSG,-0.06603106062743862,1.297680548640685,-0.09526268371184418,1.2024178649288408,1.042217462123879,-0.118175524443719,False
HABP2,NEUTRAL,-0.005891376042409812,0.13750352374993502,-0.008499459000396684,0.12900406474953835,-0.031412299732272046,-0.03141229973227238,False
GABRB3,NEUTRAL,0.0184352329478129,0.13750352374993502,0.026596419151442497,0.16409994290137753,0.003683578419566259,0.003683578419566579,False
SLC44A5,NEUTRAL,0.04433139710690443,0.13750352374993502,0.06395668676181036,0.2014602105117454,0.041043846029935944,0.041043846029935944,False
EFNB2,DIG,-0.8861233075150294,0.4240262825060986,-1.278405701368059,-0.8543794188619604,-1.0117600245407572,-1.301318542099936,True
HMGA1P8,DIG,0.586971569843248,0.5109619192773794,0.8468209729556638,1.3577828922330433,1.2019811390388686,0.8239081322237882,True
SMIM22,DCG,-0.9294424854266834,1.4594316186372973,-1.3409020645165888,0.11852955412070854,-0.047426444918094966,-1.3638149052484654,True
CSPG4P13,NEUTRAL,-0.03414336074434524,0.13750352374993502,-0.04925845722514979,0.08824506652478523,-0.0721712979570247,-0.0721712979570247,False
LRP11,DIG,1.571603964074664,0.405992359675837,2.2673452452119545,2.6733376048877915,2.518552480082433,2.2444324044800767,True
HTR1B,DIG,1.0890469107067824,0.44183755862255913,1.5711625773721207,2.01300013599468,1.8585559739644626,1.548249736640245,True
CFLAR-AS1,NEUTRAL,0.015152824362557401,0.13750352374993502,0.02186090456332303,0.15936442831325806,-0.0010519361685528098,-0.00105193616855297,False
HOXA13,DSG,-0.08083394390125295,1.0931094043914815,-0.11661873000183431,0.9764906743896472,0.8181275171821283,-0.13953157073370953,False
LINC01088,NEUTRAL,0.07134509043580814,0.13750352374993502,0.10292920816351503,0.24043273191345005,0.0800163674316385,0.08001636743163819,False
FLNC-AS1,DIG,1.6924490181232525,0.49398884067366594,2.441687805403812,2.935676646077478,2.781956156637118,2.4187749646719356,True
TMED7-TICAM2,NEUTRAL,0.027543471245129854,0.13750352374993502,0.0397368293742166,0.17724035312415162,0.016823988642340748,0.016823988642340748,False
RIMS3,DIG,-1.251575337387101,0.4506614090095652,-1.805641532547302,-1.3549801235377368,-1.5231586580678778,-1.8285543732791776,True
USP15,DIG,-1.1660869190049894,0.44183755862255913,-1.6823078152939885,-1.2404702566714294,-1.398746358972428,-1.7052206560258651,True
ULBP3,DIG,1.2960896385946121,0.37851162325372983,1.8698620941480157,2.2483737174017455,2.0953345024103953,1.8469492534161385,True
NEK7,DCG,-0.9958330663147777,1.4374053123072983,-1.43668342632558,0.0007218859817181844,-0.16092707257060662,-1.4595962670574556,True
RPS12P23,NEUTRAL,-0.01050737068508423,0.13750352374993502,-0.015158931580153088,0.12234459216978193,-0.0380717723120296,-0.03807177231202993,False
MSANTD4,NEUTRAL,0.029459267293441883,0.13750352374993502,0.04250073883247104,0.18000426258240607,0.019587898100595334,0.019587898100596284,False
RPA2P2,DIG,0.5605441281075377,0.44183755862255913,0.8086942338201725,1.2505317924427315,1.0973777553417579,0.7857813930882961,True
NCKAP5,NEUTRAL,0.02544293373267239,0.13750352374993502,0.03670639432179298,0.174209918071728,0.013793553589916087,0.013793553589916087,False
EFR3B,DIG,1.3315170942953487,0.33151414371656057,1.920973108798782,2.2524872525153428,2.098240755302513,1.8980602680669048,True
BPTF,DCG,-1.1074029692651897,1.4284997590854065,-1.5976447720246023,-0.16914501293919582,-0.32633560218744384,-1.6205576127564791,True
TMEM220-AS1,NEUTRAL,-0.05573524817349622,0.13750352374993502,-0.08040896614261865,0.05709455760731637,-0.10332180687449422,-0.10332180687449438,False
SLC15A3,DIG,1.1210788784495467,0.49398884067366594,1.617374938384522,2.111363779058188,1.9585416413230696,1.594462097652645,True
STX8,NEUTRAL,-0.04960224905563152,0.13750352374993502,-0.07156091872949887,0.06594260502043615,-0.09447375946137404,-0.09447375946137404,False
CCDC138,NEUTRAL,-0.02603303594062258,0.13750352374993502,-0.03755773185082035,0.09994579189911468,-0.06047057258269632,-0.06047057258269632,False
HDGF,DCG,-0.842648425912665,1.0987339535853597,-1.215684705277093,-0.11695075169173319,-0.27929054328716557,-1.2385975460089707,True
ARHGEF28,NEUTRAL,0.024015539018126128,0.13750352374993502,0.03464709904572597,0.17215062279566098,0.01173425831385014,0.011734258313850776,False
CEACAM19,DIG,1.4902453858934777,0.4854268271702419,2.14996962793618,2.635396455106422,2.4583537945122,2.1270567872043022,True
DNAJC3-DT,DIG,-1.5445227619850261,0.3410369178350672,-2.228275329255922,-1.887238411420855,-2.038594977723439,-2.251188169987799,True
GTF2E2,NEUTRAL,5.7613132975532365e-05,0.13750352374993502,8.311818123387696e-05,0.1375866419311689,-0.0228297225506416,-0.0228297225506416,False
SMIM15P2,DSG,0.03645874298558674,1.175258445745353,0.05259884770235127,1.2278572934477043,1.065364395743935,0.029686006970475392,False
SFT2D2,DCG,-0.8967963391414052,1.3122779248536431,-1.2938036311666823,0.018474293686960852,-0.1415035512385112,-1.3167164718985582,True
CAT,DIG,1.1279395914381687,0.5193741590935794,1.6272728549901694,2.146647014083749,1.9952097641858757,1.604360014258293,True
LINC01249,DIG,1.4857084168443577,0.49398884067366594,2.143424165188348,2.637413005862014,2.4812010555863497,2.1205113244564684,True
SSR2,DCG,-1.041251797329578,1.4195388915137848,-1.5022088043241024,-0.08266991281031766,-0.24360450041064374,-1.5251216450559777,True
SNIP1,NEUTRAL,-0.015675323832467322,0.13750352374993502,-0.022614711957429187,0.11488881179250583,-0.045527552689303544,-0.04552755268930338,False
FBXO38,DIG,-0.7122604035015497,0.4506614090095652,-1.027574551953258,-0.5769131429436928,-0.7357038946777055,-1.0504873926851341,True
TNRC6B,NEUTRAL,-0.0135853455204647,0.13750352374993502,-0.019599510611137516,0.1179040131387975,-0.042512351343013254,-0.04251235134301292,False
CKAP2,NEUTRAL,0.043570012465836305,0.13750352374993502,0.06285824091593235,0.20036176466586736,0.03994540018405826,0.03994540018405826,False
ZSWIM5,NEUTRAL,-0.01452138704438539,0.13750352374993502,-0.020949933075764045,0.11655359067417098,-0.043862773807640205,-0.043862773807641364,False
ZBED5,NEUTRAL,-0.03292303370635323,0.13750352374993502,-0.047497897459176,0.09000562629075902,-0.07041073819105248,-0.07041073819105215,False
RNF213-AS1,DCG,-1.0263589745319819,1.410522018156351,-1.4807230027291722,-0.07020098457282131,-0.23050054688941576,-1.5036358434610488,True
GALNT18,NEUTRAL,0.003106434358792531,0.13750352374993502,0.004481637444277072,0.1419851611942121,-0.018431203287597463,-0.018431203287598272,False
HMGN4,DSG,-0.0560051030029371,1.3074285251922473,-0.08079828436681295,1.2266302408254344,1.064942072036513,-0.10371112509868885,False
ALDH3A1,NEUTRAL,-0.010913109363327168,0.13750352374993502,-0.01574428875915102,0.121759234990784,-0.03865712949102736,-0.03865712949102736,False
EMP3,DIG,0.7227049638962443,0.4329594072761063,1.042642867438949,1.4756022747150552,1.3048741213989339,1.0197300267070737,True
EMC4,NEUTRAL,-0.04070224435689992,0.13750352374993502,-0.05872092608675031,0.07878259766318471,-0.08163376681862688,-0.08163376681862688,False
LAMC1-AS1,DCG,-0.9877467633961576,1.359895945086383,-1.425017357205761,-0.06512141211937794,-0.22184343369890705,-1.4479301979376378,True
ANGPT2,NEUTRAL,-0.05644252483357059,0.13750352374993502,-0.08142935067264445,0.05607417307729057,-0.10434219140452095,-0.1043421914045206,False
CRLS1,DSG,-0.016078346686034667,-0.7369655941662062,-0.023196151029635712,-0.7601617451958419,-0.9205781096776534,-0.04610899176151224,False
ABCG2,NEUTRAL,0.026490619766598816,0.13750352374993502,0.03821788576734726,0.17572140951728227,0.015305045035470049,0.015305045035470366,False
ADD3-AS1,NEUTRAL,0.0070217159371395756,0.13750352374993502,0.010130194761042266,0.14763371851097729,-0.012782645970834295,-0.01278264597083462,False
CNBP,DIG,-1.5415572320899693,0.3968901525685844,-2.2239969739827155,-1.827106821414131,-1.9898690876529024,-2.2469098147145923,True
RAP1GAP,NEUTRAL,-0.02041953444252431,0.13750352374993502,-0.029459161077491205,0.10804436267244381,-0.05237200180936686,-0.05237200180936686,False
COL4A1,DIG,-1.046698349786982,0.4329594072761063,-1.5100665185443405,-1.0771071112682342,-1.2228759307089765,-1.532979359276218,True
VAMP4,DCG,-1.0477305481865637,1.450661409009565,-1.5115556660566307,-0.060894257047065636,-0.21720250563085794,-1.5344685067885075,True
KRT42P,DIG,-1.4020722592323835,0.37851162325372983,-2.022762695362545,-1.6442510721088153,-1.8040687025193132,-2.0456755360944134,True
PKLR,DCG,-1.006254978440934,1.4284997590854065,-1.4517190672665663,-0.023219308181159803,-0.189815087193254,-1.4746319079984334,True
EPB41L4A-AS1,NEUTRAL,-0.050406538387707485,0.13750352374993502,-0.07272126296032476,0.06478226078961026,-0.09563410369220139,-0.09563410369220139,False
GBA3,NEUTRAL,0.0410229824050621,0.13750352374993502,0.0591836532782583,0.19668717702819333,0.03627081254638257,0.03627081254638288,False
NPHP4,NEUTRAL,-0.04343298190154158,0.13750352374993502,-0.06266054760037414,0.07484297614956088,-0.08557338833225114,-0.08557338833225131,False
AICDA,DSG,0.11847457288868891,1.2529807411698708,0.17092267877794953,1.4239034199478202,1.2649130219306541,0.148009838046075,False
CAMKV,NEUTRAL,0.010970276047991563,0.13750352374993502,0.015826762851620404,0.15333028660155543,-0.007086077880254802,-0.00708607788025448,False
OLR1,DSG,0.03955952932103204,1.3923174227787602,0.05707233677135446,1.4493897595501146,1.2897439398385062,0.0341594960394781,False
FBN1,NEUTRAL,-0.05459218641819502,0.13750352374993502,-0.07875987661681579,0.058743647133119234,-0.10167271734869011,-0.10167271734868995,False
RAX2,NEUTRAL,0.030414188840639747,0.13750352374993502,0.04387839941305142,0.18138192316298643,0.02096555868117584,0.020965558681175524,False
LEAP2,NEUTRAL,-0.06712685825717775,0.13750352374993502,-0.09684358551808671,0.04065993823184831,-0.11975642624996166,-0.11975642624996184,False
RAB3C,DIG,-0.5895168796190828,0.4506614090095652,-0.8504930787467869,-0.39983166973722173,-0.5569981511257104,-0.873405919478664,True
RPL3P7,DIG,-1.3990228342415736,0.5277376320282061,-2.0183633050507406,-1.4906256730225345,-1.6491916629963999,-2.041276145782618,True
LINC00628,DCG,2.0794415416798357,-3.321928094887362,3.0,-0.3219280948873622,-0.482344459369171,2.97708715926812,True
LINC-PINT,DIG,-0.9879123230179083,0.5688428353578793,-1.4252562092510321,-0.8564133738931529,-1.0082318851430916,-1.4481690499829099,True
BTF3P10,DIG,-0.6605617676217305,0.35989594508638295,-0.9529891863487184,-0.5930932412623355,-0.7544833707189265,-0.9759020270805957,True
HSP90AA6P,NEUTRAL,-0.060771577693032056,0.13750352374993502,-0.0876748537647357,0.04982866998519932,-0.11058769449661095,-0.11058769449661128,False
RAD1P1,NEUTRAL,-0.00837628310448785,0.13750352374993502,-0.012084422095926634,0.12541910165400838,-0.03499726282780173,-0.03499726282780206,False
RPL5P13,NEUTRAL,0.007697828746493547,0.13750352374993502,0.011105619358178746,0.14860914310811377,-0.011807221373696802,-0.011807221373696318,False
SLAMF9,DCG,-0.8296305661194465,1.3267290811511836,-1.1969039035104287,0.12982517764075485,-0.03248479706352672,-1.2198167442423025,True
STRAP,DIG,0.9824641780586025,0.35989594508638295,1.4173961975361975,1.7772921426225805,1.6176987455565737,1.3944833568043213,True
TMPOP2,NEUTRAL,0.008303871517745465,0.13750352374993502,0.011979954258830494,0.14948347800876552,-0.0109328864730447,-0.010932886473044377,False
PTPRA,DSG,0.041730733173485024,1.4059923596758368,0.0602047218020474,1.4661970814778842,1.3094376750990249,0.03729188107017201,False
PCDHGA1,DIG,-1.3413701692815427,0.5025003405291834,-1.9351880912188713,-1.4326877506896878,-1.5811688657917935,-1.9581009319507492,True
MRPL42,DIG,-1.3681693882539838,0.5525410230287789,-1.9738511915301094,-1.4213101685013303,-1.5834624442595306,-1.996764032261986,True
ACOX2,NEUTRAL,0.0022918556520439945,0.13750352374993502,0.0033064487836372124,0.14080997253357222,-0.019606391948237177,-0.019606391948237337,False
GLCCI1-DT,DSG,-0.10276817047425836,1.1963972128035036,-0.14826312990444412,1.0481340828990595,0.887260510762751,-0.1711759706363183,False
GTSE1,NEUTRAL,-0.0019274215838253244,0.13750352374993502,-0.002780681560687147,0.13472284218924788,-0.02569352229256346,-0.025693522292563786,False
SNORA2A,DIG,-1.4366770740001242,0.405992359675837,-2.0726868900188458,-1.6666945303430087,-1.8302401796762637,-2.09559973075071,True
XRN2,DSG,0.01019579481001205,1.232660756790275,0.014709422610325816,1.2473701794006007,1.0868572625066517,-0.008203418121549387,False
ACACA,DIG,0.9555242132333779,0.4768136968655339,1.3785300438811228,1.8553437407466566,1.6955435610515217,1.3556172031492468,True
ODC1-DT,DIG,1.3311256595175558,0.415037499278844,1.9204083877860285,2.3354458870648727,2.176900927865716,1.8974955470541504,True
LINC00513,DIG,0.5630565399453661,0.4768136968655339,0.8123188779192781,1.2891325747848121,1.1374750417881307,0.789406037187402,True
SNHG31,NEUTRAL,-0.021364133433983332,0.13750352374993502,-0.030821929358097855,0.10668159439183716,-0.053734770089973426,-0.05373477008997243,False
KLHL14,NEUTRAL,0.015101753495365527,0.13750352374993502,0.021787224876491415,0.15929074862642645,-0.0011256158553848029,-0.0011256158553848029,False
PALB2,DCG,-1.0022553442567994,1.373880174522084,-1.4459488148637454,-0.07206864034166127,-0.22943412957283033,-1.4688616555956209,True
PML,NEUTRAL,0.060976209604477555,0.13750352374993502,0.08797007520858575,0.22547359895852076,0.06505723447671055,0.06505723447671087,False
ACTA1,DCG,-0.8291329543901256,1.070389327891398,-1.1961860015362493,-0.12579667364485125,-0.2900609715376274,-1.2190988422681257,True
PLSCR1,DSG,-0.0076038490185461076,-3.321928094887362,-0.010970035270724881,-3.332898130158087,-3.4933144946398973,-0.03388287600259973,False
LRRC74A,NEUTRAL,-0.013273660569528613,0.13750352374993502,-0.019149844278102304,0.11835367947183272,-0.042062685009978326,-0.04206268500997799,False
SLC30A5,NEUTRAL,-0.007289220487649065,0.13750352374993502,-0.010516122249477539,0.12698740150045748,-0.03342896298135373,-0.03342896298135373,False
PFDN5,DIG,0.7980386957801102,0.35989594508638295,1.151326468839461,1.511222413925844,1.3563064394045383,1.1284136281075852,True
FBXL2,NEUTRAL,-0.01027578460669785,0.13750352374993502,-0.014824823493326134,0.12267870025660889,-0.037737664225201716,-0.03773766422520155,False
MED22,NEUTRAL,-0.03251771108094492,0.13750352374993502,-0.04691314051753934,0.09059038323239568,-0.0698259812494162,-0.06982598124941586,False
GTPBP8,DIG,1.0907744768792091,0.4854268271702419,1.5736549285218884,2.05908175569213,1.8865575338262819,1.550742087790012,True
BCKDHB,DIG,1.1020852095194473,0.4681488357384065,1.589972866410781,2.0581217021491875,1.8994506804710278,1.5670600256789045,True
EFL1,NEUTRAL,0.03765845957995498,0.13750352374993502,0.054329672883518525,0.19183319663345355,0.031416832151642635,0.031416832151642635,False
SLC8A1-AS1,DIG,1.0763794997292877,0.49398884067366594,1.5528873663739868,2.046876207047653,1.8844743620707145,1.529974525642111,True
LINC02656,DCG,-0.88027789725056,1.282933963271499,-1.2699725569675475,0.012961406303951373,-0.144601058182004,-1.292885397699423,True
ZACN,DCG,0.85862997886953,-0.7369655941662062,1.2387412124736663,0.5017756183074601,0.3413592538256488,1.2158283717417901,True
SOX10,NEUTRAL,0.013546029275560235,0.13750352374993502,0.01954278925958747,0.1570463130095225,-0.0033700514722889816,-0.0033700514722891425,False
MYG1-AS1,DIG,-1.1054517600165596,0.4240262825060986,-1.594829772117867,-1.1708034896117685,-1.3218611098617434,-1.6177426128497443,True
ENTPD7,NEUTRAL,0.0285220808356854,0.13750352374993502,0.04114866457747747,0.17865218832741248,0.018235823845601934,0.018235823845601618,False
RPL37A-DT,NEUTRAL,0.024062047874549186,0.13750352374993502,0.03471419714224493,0.17221772089217996,0.011801356410369212,0.011801356410369529,False
RNF152,NEUTRAL,-0.044196301157119665,0.13750352374993502,-0.0637617845050117,0.07374173924492332,-0.08667462523688836,-0.08667462523688768,False
MIR6729,NEUTRAL,-0.030272751706592216,0.13750352374993502,-0.043674348761163495,0.09382917498877152,-0.06658718949303903,-0.06658718949303835,False
VPS18,NEUTRAL,-0.004541808986998582,0.13750352374993502,-0.006552445302207781,0.13095107844772724,-0.029465286034082848,-0.029465286034082848,False
ENGASE,DCG,-1.051024534370148,1.4550531781267229,-1.5163078835884447,-0.06125470546172185,-0.21797797479002204,-1.5392207243203213,True
ATP10A,NEUTRAL,-0.043735429888618116,0.13750352374993502,-0.06309688781145631,0.07440663593847871,-0.08600972854333346,-0.08600972854333294,False
MIR3606,DIG,-0.6293187059404823,0.3877301532831085,-0.9079149761989938,-0.5201848229158852,-0.7007838390535001,-0.9308278169308694,True
RETSAT,DIG,1.7165301605723762,0.3968901525685844,2.476429550194103,2.8733197027626876,2.717502177918814,2.453516709462226,True
COL11A1,NEUTRAL,-0.06107545764308645,0.13750352374993502,-0.08811325986170476,0.04939026388823026,-0.11102610059358092,-0.11102610059358092,False
CRYGS,DSG,-0.012759943826406273,1.3219280948873624,-0.018408707680378073,1.3035193872069843,1.144503368364151,-0.04132154841225432,False
EEF1E1-BLOC1S5,DSG,0.15113795670928531,-0.7369655941662062,0.21804598063457675,-0.5189196135316294,-0.6793359780134424,0.1951331399026992,False
ACIN1,DIG,0.8875415694836621,0.44183755862255913,1.2804518208768867,1.7222893794994458,1.5471363411477903,1.257538980145011,True
MSLN,DCG,-0.824057871401287,1.0987339535853597,-1.188864204476152,-0.09013025089079219,-0.24360771413402305,-1.2117770452080283,True
F10,DIG,-1.7224460862961837,0.37851162325372983,-2.4849644268981077,-2.1064528036443777,-2.2607428152982454,-2.5078772676299845,True
TPR,DCG,-1.078433943917741,1.3877301532831086,-1.5558513028164516,-0.168121149533343,-0.33268697550305704,-1.5787641435483275,True
SLC8A1,DIG,0.8583245232459854,0.4854268271702419,1.238300533160367,1.7237273603306087,1.5665702052027202,1.2153876924284894,True
DSN1,DCG,-0.726425947807081,1.0874628412503395,-1.0480111124743408,0.039451728775998784,-0.12649067967232447,-1.0709239532062178,True
PRORSD1P,DIG,-1.2641686301909054,0.5769251816557379,-1.8238098136238132,-1.2468846319680753,-1.4051888886808983,-1.84672265435569,True
SCAMP2,NEUTRAL,0.03439919443665382,0.13750352374993502,0.04962754722433568,0.1871310709742707,0.026714706492460442,0.026714706492460442,False
ATP6V1C1,DCG,-1.0121605385739392,1.4195388915137848,-1.4602389895841246,-0.04070009807033981,-0.20837948616571755,-1.483151830316,True
SMIM23,DIG,1.2149010488588377,0.5109619192773794,1.7527317183594453,2.2636936376368246,2.0999699280966393,1.7298188776275663,True
MGST2,NEUTRAL,-0.0256744621362049,0.13750352374993502,-0.037040419201394274,0.10046310454854074,-0.059953259933270095,-0.05995325993327076,False
RIT1,DCG,-0.895303886649767,1.4418375586225591,-1.2916504773582336,0.15018708126432556,-0.013879669319069468,-1.3145633180901102,True
NEIL2,NEUTRAL,0.031601323427526355,0.13750352374993502,0.045591072594420495,0.18309459634435551,0.022678231862545892,0.02267823186254526,False
PAPOLG,DIG,-1.6254804694947556,0.4854268271702419,-2.345072612401948,-1.8596457852317059,-2.0188976220278274,-2.3679854531338247,True
RN7SL614P,NEUTRAL,0.07250659041790132,0.13750352374993502,0.10460489842767347,0.24210842217760847,0.08169205769579672,0.08169205769579732,False
TRIM63,NEUTRAL,-0.024003313962624503,0.13750352374993502,-0.034629462018779186,0.10287406173115583,-0.057542302750655715,-0.05754230275065588,False
CDK18,DCG,-0.7817409953429171,1.0874628412503395,-1.1278138572408287,-0.04035101599048918,-0.20202316103493237,-1.1507266979727047,True
AQP6,DIG,0.6582392704655026,0.4506614090095652,0.9496385312189497,1.400299940228515,1.2386192496484871,0.9267256904870722,True
LUC7L3,DSG,0.02670255687371225,1.1963972128035036,0.03852364638076017,1.2349208591842638,1.0821590421144642,0.015610805648882972,False
TMEM154,NEUTRAL,-0.018684826528189563,0.13750352374993502,-0.02695650657208963,0.11054701717784539,-0.04986934730396619,-0.04986934730396619,False
UROS,NEUTRAL,-0.0681571845743406,0.13750352374993502,-0.09833003218635494,0.039173491563580076,-0.1212428729182307,-0.12124287291823087,False
C11orf71,NEUTRAL,-0.02936293110724937,0.13750352374993502,-0.042361755094392946,0.09514176865554208,-0.06527459582626816,-0.06527459582626782,False
MAP4K2,DIG,1.617796486406654,0.5277376320282061,2.333986968106469,2.861724600134675,2.7057780384386665,2.3110741273745923,True
GFRA3,NEUTRAL,-0.023615155230201638,0.13750352374993502,-0.03406946734043497,0.10343405640950004,-0.056982308072310334,-0.0569823080723105,False
KPNA2P1,NEUTRAL,-0.05822744963930388,0.13750352374993502,-0.08400445283823557,0.05349907091169945,-0.1069172935701113,-0.10691729357011147,False
RPS9,DSG,-0.09797737504584778,1.0874628412503395,-0.14135147309796267,0.9461113681523768,0.7850990852644679,-0.1642643138298379,False
SLC41A3,DIG,1.0156106994549778,0.4240262825060986,1.465216519577468,1.8892428020835665,1.7448185749581067,1.4423036788455919,True
WDR7-OT1,NEUTRAL,0.00439572287666182,0.13750352374993502,0.006341687595282176,0.1438452113452172,-0.016571153136592177,-0.016571153136592503,False
TREML3P,DSG,-0.009470946203237478,1.2630344058337937,-0.013663687119936867,1.2493707187138567,1.0787374888100119,-0.03657652785181237,False
RPL21P16,NEUTRAL,0.011408331385712246,0.13750352374993502,0.016458743114984974,0.15396226686491998,-0.0064540976168897,-0.006454097616890343,False
STAP1,NEUTRAL,0.03113382421438817,0.13750352374993502,0.044916613798006544,0.18242013754794156,0.022003773066130876,0.02200377306613056,False
IFI44,NEUTRAL,0.001708525886470512,0.13750352374993502,0.002464881823641428,0.13996840557357645,-0.020447958908233088,-0.020447958908233574,False
CCDC42,NEUTRAL,-0.018288863063744054,0.13750352374993502,-0.026385252045560883,0.11111827170437413,-0.04929809277743639,-0.04929809277743639,False
FSCN2,DCG,-0.7152334584638396,1.2016338611696507,-1.0318637636036438,0.1697700975660068,0.012192387041292342,-1.0547766043355213,True
NCS1,NEUTRAL,-0.004640934659553959,0.13750352374993502,-0.0066954534184282075,0.13080807033150682,-0.029608294150303124,-0.02960829415030296,False
ST6GAL2,NEUTRAL,-0.03149786702712254,0.13750352374993502,-0.04544181655860969,0.09206170719132534,-0.06835465729048477,-0.06835465729048477,False
UVSSA,NEUTRAL,-0.04744511247916226,0.13750352374993502,-0.06844882848810648,0.06905469526182854,-0.09136166921998125,-0.09136166921998141,False
B3GNT3,DIG,1.203810817076102,0.3877301532831085,1.7367318959641833,2.124462049247292,1.9611657362582384,1.7138190552323063,True
SMYD4,NEUTRAL,-0.05377015855070697,0.13750352374993502,-0.07757394108891824,0.05992958266101678,-0.1004867818207938,-0.1004867818207938,False
ETFDH,NEUTRAL,-0.011914645167646542,0.13750352374993502,-0.01718919949731532,0.1203143242526197,-0.040102040229190436,-0.04010204022919076,False
OLFML2B,DCG,-1.0780351076306858,1.4284997590854065,-1.5552759036829904,-0.1267761445975839,-0.2897169773735823,-1.5781887444148681,True
RAP2B,DSG,0.03279752705432903,1.4811266897366167,0.0473168296347021,1.5284435193713188,1.3646126259205935,0.024403988902826725,False
TLE1,NEUTRAL,0.008645064098506513,0.13750352374993502,0.012472191103082564,0.14997571485301758,-0.010440649628794534,-0.010440649628793566,False
CLEC11A,DIG,-1.7170445845770792,0.49398884067366594,-2.4771717071546027,-1.9831828664809368,-2.1584119677865927,-2.5000845478864795,True
KRT18P63,NEUTRAL,-0.027109286045095195,0.13750352374993502,-0.03911043253929922,0.0983930912106358,-0.06202327327117499,-0.06202327327117499,False
TNNI3K,NEUTRAL,-0.025573711778852457,0.13750352374993502,-0.03689506716047411,0.10060845658946091,-0.05980790789234975,-0.05980790789234942,False
NARF-IT1,DCG,-0.8377152364011836,1.2779847472997656,-1.2085676172331132,0.0694171300666524,-0.09486060680223858,-1.2314804579649896,True
SLC2A12,DIG,1.6142020806514152,0.4506614090095652,2.3288013367484433,2.7794627457580083,2.6292641730016646,2.305888496016566,True
URB2,DCG,-0.969942068293495,1.3504972470841334,-1.3993306118766096,-0.04883336479247613,-0.2082141111012167,-1.4222434526084853,True
SPATC1L,DSG,0.0655701678294571,-0.7369655941662062,0.0945977559578148,-0.6423678382083914,-0.802784202690204,0.07168491522593731,False
BACH2,DIG,-0.8672641367108599,0.4506614090095652,-1.2511976691736055,-0.8005362601640403,-0.9652283580500178,-1.2741105099054828,True
SLC2A13,DIG,1.0004856050340873,0.4768136968655339,1.443395620863472,1.9202093177290058,1.7569709903935151,1.420482780131596,True
HLCS-IT1,DIG,0.869057060960101,0.5443205162238104,1.2537843120966754,1.798104828320486,1.6417312899657959,1.2308714713647957,True
LAMA1,NEUTRAL,0.033207131592514025,0.13750352374993502,0.047907764070667214,0.18541128782060223,0.02499492333879137,0.024994923338790737,False
KIAA1614-AS1,DCG,-0.9665347364510276,1.3877301532831086,-1.3944148711248188,-0.006684717841710208,-0.16892278108075612,-1.417327711856695,True
ITGB3,DIG,1.4755489030779323,0.3877301532831085,2.1287670850596827,2.516497238342791,2.3636341555558684,2.1058542443278068,True
CCNB2P1,DSG,-0.15178816713240456,1.1538053360790355,-0.21898403598754523,0.9348213000914902,0.7750948081657557,-0.24189687671941948,False
HYAL2,NEUTRAL,-0.011488527107181384,0.13750352374993502,-0.016574441084649012,0.12092908266528601,-0.039487281816523785,-0.039487281816523626,False
HNRNPCP8,DIG,1.013564905863504,0.3692338096657191,1.4622650633083663,1.8314988729740853,1.6656922644047578,1.4393522225764868,True
IRX6,NEUTRAL,-0.007027971101315099,0.13750352374993502,-0.01013921905537824,0.12736430469455678,-0.03305205978725456,-0.03305205978725555,False
RPL7AP31,DIG,-1.365706419946091,0.35049724708413343,-1.9702978793664458,-1.6198006322823124,-1.7751036236030924,-1.9932107200983227,True
GBP6,NEUTRAL,-0.0007097347691683121,0.13750352374993502,-0.001023930831825597,0.13647959291810943,-0.023936771563701578,-0.023936771563701578,False
LRRC8C-DT,NEUTRAL,0.004790065556617693,0.13750352374993502,0.006910603824065379,0.1444141275740004,-0.01600223690781035,-0.016002236907810836,False
PRSS54,NEUTRAL,0.00427342891458117,0.13750352374993502,0.0061652547026577595,0.14366877845259277,-0.016747586029217373,-0.016747586029217696,False
HINFP,NEUTRAL,-0.011285245085324254,0.13750352374993502,-0.01628116711981385,0.12122235663012117,-0.03919400785168844,-0.03919400785168827,False
WIPF1,NEUTRAL,-0.055068571981417395,0.13750352374993502,-0.0794471557064278,0.05805636804350722,-0.10235999643830342,-0.1023599964383029,False
ITCH,DCG,-0.7853231178661847,1.2529807411698708,-1.1329817676410037,0.11999897352886713,-0.043040339058167947,-1.155894608372879,True
CCSER2,NEUTRAL,-0.019489684801618737,0.13750352374993502,-0.028117671611784353,0.10938585213815066,-0.051030512343659774,-0.05103051234365844,False
PSMA2P1,DIG,-0.863923565876679,0.32192809488736235,-1.2463782441973945,-0.9244501493100321,-1.0718587156212753,-1.2692910849292551,True
NXNL2,NEUTRAL,0.004100522904234707,0.13750352374993502,0.0059158040589910215,0.14341932780892605,-0.0169970366728846,-0.016997036672884276,False
CD81-AS1,NEUTRAL,-0.00017702451387583586,0.13750352374993502,-0.0002553923882844479,0.13724813136165057,-0.023168233120160368,-0.023168233120160368,False
ADCK2,DSG,0.037516772947839984,1.3362833878644325,0.05412526228200596,1.3904086501464383,1.2299166197066138,0.0312124215501284,False
SUCLG1,DIG,-1.6216064777395744,0.405992359675837,-2.339483623708303,-1.9334912640324662,-2.091920585943919,-2.362396464440179,True
TCF7L1,DIG,1.6782533310264365,0.44183755862255913,2.421207758027224,2.8630453166497833,2.6990847424432984,2.3982949172953467,True
KDM6B,NEUTRAL,-0.029634661201988814,0.13750352374993502,-0.04275377875453383,0.09474974499540119,-0.06566661948640913,-0.06566661948640948,False
CFL1P6,NEUTRAL,0.00940796648292288,0.13750352374993502,0.013572826589762423,0.15107635033969743,-0.009340014142113919,-0.009340014142113757,False
MRPS35,DSG,0.04687425916300333,1.450661409009565,0.06762526123980896,1.518286670249374,1.3591069091115757,0.044712420507932185,False
CSTF1,DCG,-0.9933619916600492,1.2377676472233639,-1.4331184191755368,-0.19535077195217299,-0.3524691943544147,-1.456031259907412,True
HOPX,NEUTRAL,-0.024396202314954048,0.13750352374993502,-0.035196280096308055,0.10230724365362696,-0.05810912082818247,-0.05810912082818313,False
LINC02427,NEUTRAL,-0.017595356638724573,0.13750352374993502,-0.025384733765360643,0.11211878998457438,-0.04829757449723601,-0.04829757449723618,False
RALB,NEUTRAL,-0.039136987239521664,0.13750352374993502,-0.056462737405792544,0.08104078634414247,-0.07937557813766735,-0.07937557813766787,False
NLRP14,NEUTRAL,-0.007358137916893939,0.13750352374993502,-0.010615549082879934,0.1268879746670551,-0.03352838981475549,-0.033528389814755324,False
PHYH,DCG,-1.0242795430069715,1.4418375586225591,-1.4777230171801716,-0.03588545855761249,-0.19995633252897288,-1.5006358579120471,True
KIAA1614,DCG,0.8263090130194644,-0.7369655941662062,1.1921119153250352,0.455146321158829,0.29472995667701846,1.1691990745931597,True
CTSC,NEUTRAL,0.052735082483993244,0.13750352374993502,0.0760806419805275,0.21358416573046252,0.05316780124865191,0.053167801248652224,False
CLU,NEUTRAL,-0.028695073562614023,0.13750352374993502,-0.04139824032672725,0.09610528342320776,-0.06431108105860363,-0.06431108105860346,False
GRP,NEUTRAL,0.016830061649807576,0.13750352374993502,0.024280646480032916,0.16178417022996794,0.0013678057481573544,0.0013678057481573544,False
ARL8B,DIG,0.885842742614752,0.4329594072761063,1.2780009317777812,1.7109603390538874,1.5568219930827023,1.2550880910459046,True
UBE4B,NEUTRAL,-0.007112296730038795,0.13750352374993502,-0.01026087522175776,0.12724264852817727,-0.03317371595363424,-0.03317371595363391,False
OSR2,DCG,-1.0188463389285676,1.359895945086383,-1.4698845606001205,-0.10998861551373751,-0.27154391186489213,-1.4927974013319958,True
TMPRSS2,DIG,-1.6826350625862332,0.5025003405291834,-2.4275292604190493,-1.9250289198898658,-2.0769998004220063,-2.4504421011509256,True
ADAP2,DIG,0.7546711027694389,0.49398884067366594,1.088760257467675,1.5827490981413408,1.412638439627252,1.0658474167357987,True
VWCE,DIG,1.520300258368749,0.4681488357384065,2.193329643410804,2.6614784791492108,2.5059685487577648,2.1704168026789277,True
CTDSP2,DIG,-1.0229322543945425,0.405992359675837,-1.4757792905803742,-1.0697869309045371,-1.2332244905301066,-1.4986921313122497,True
SYNC,NEUTRAL,-0.03893880466767632,0.13750352374993502,-0.05617682039220065,0.08132670335773437,-0.07908966112407642,-0.07908966112407609,False
ZNF354B,DIG,1.3707717970649103,0.5025003405291834,1.9776056738159986,2.480106014345182,2.3191352956765128,1.9546928330841207,True
LINC02065,NEUTRAL,0.002067009331428793,0.13750352374993502,0.0029820641119235316,0.14048558786185855,-0.019930776619951362,-0.019930776619951362,False
ATP5MFP2,DIG,-1.4661259482179356,0.45943161863729726,-2.115172634812645,-1.6557410161753476,-1.806669792055763,-2.1380854755445213,True
PCSK6,DIG,-0.9038869581926017,0.405992359675837,-1.3040332321086763,-0.8980408724328393,-1.0646811211765812,-1.3269460728405518,True
OAZ3,DCG,-1.17388470344854,1.4374053123072983,-1.6935576402406203,-0.256152327933322,-0.42159451905731793,-1.7164704809724955,True
ANK3-DT,DIG,0.8324855825775639,0.4329594072761063,1.201022821596211,1.6339822288723174,1.481609591081117,1.1781099808643332,True
SH2D3A,NEUTRAL,-0.005067566200667142,0.13750352374993502,-0.007310952627079011,0.130192571122856,-0.030223793358955017,-0.030223793358954525,False
ARHGEF2,DCG,-0.7985758156388078,1.175258445745353,-1.1521013689959672,0.02315707674938583,-0.14374814103516242,-1.175014209727843,True
CCDC30,DIG,-1.395387370662802,0.415037499278844,-2.0131184397743143,-1.5980809404954703,-1.7549363437953018,-2.0360312805061898,True
CERS3-AS1,DIG,1.682844472306384,0.45943161863729726,2.4278313747838247,2.887262993421122,2.728474847299174,2.404918534051948,True
PPFIBP2,NEUTRAL,0.03461228914427209,0.13750352374993502,0.049934977902256254,0.18743850165219128,0.027022137170380486,0.027022137170380173,False
APOA1,NEUTRAL,-0.032076657603557074,0.13750352374993502,-0.04627683485294506,0.09122668889698995,-0.06918967558482118,-0.06918967558482118,False
TAF8,DSG,-0.02289162530169566,1.4811266897366167,-0.03302563430064465,1.448101055435972,1.2869863668294768,-0.05593847503252172,False
CUL3,NEUTRAL,-0.0065835027380489915,0.13750352374993502,-0.009497986751862192,0.12800553699807282,-0.032410827483738226,-0.03241082748373839,False
USP36,DCG,-0.9488025202593333,1.2630344058337937,-1.3688326907610904,-0.1057982849272967,-0.26706970604172725,-1.391745531492966,True
GALNTL6,NEUTRAL,0.005424171747802449,0.13750352374993502,0.007825425681484614,0.14532894943141964,-0.015087415050390764,-0.015087415050391574,False
NAXE,DCG,2.0794415416798357,-3.321928094887362,3.0,-0.3219280948873622,-0.482344459369173,2.9770871592681245,True
LDLRAD1,DIG,0.5976620474735823,0.4506614090095652,0.8622440720176815,1.3129054810272467,1.154879773647343,0.8393312312858039,True
WNT5A-AS1,NEUTRAL,-0.005957730532834828,0.13750352374993502,-0.008595188294673569,0.12890833545526145,-0.031508029026548576,-0.03150802902654907,False
TNFSF11,NEUTRAL,-0.017861399441795107,0.13750352374993502,-0.0257685523980147,0.11173497135192031,-0.04868139312989032,-0.04868139312989015,False
PPP4R4,NEUTRAL,0.0023730544042729618,0.13750352374993502,0.0034235938208043155,0.14092711757073934,-0.019489246911070367,-0.019489246911070693,False
COPA,DCG,-0.9722533190661768,1.4195388915137848,-1.4026650419046085,0.01687384960917626,-0.14397089067178948,-1.4255778826364842,True
SAP30BP,DCG,-1.0025217491879101,1.415037499278844,-1.4463331559367272,-0.03129565665788325,-0.19363754337408526,-1.469245996668603,True
NUP58,NEUTRAL,0.019312207809784467,0.13750352374993502,0.02786162643579316,0.16536515018572817,0.004948785703918392,0.004948785703918392,False
NDUFV2,NEUTRAL,-0.004515237420984544,0.13750352374993502,-0.006514110635690675,0.13098941311424434,-0.029426951367565388,-0.029426951367565225,False
ABCB1,DSG,-0.051660672029566666,1.3267290811511836,-0.07453059534604702,1.2521984858051365,1.0937480033562383,-0.09744343607792316,False
CENPUP2,DSG,-0.0861393131057434,1.3457748368417302,-0.1242727598432377,1.2215020769984926,1.0719743623937354,-0.1471856005751118,False
CEP128,NEUTRAL,0.021586391303125625,0.13750352374993502,0.03114257968370799,0.168646103433643,0.00822973895183316,0.008229738951832842,False
HMBS,NEUTRAL,0.002008325411113835,0.13750352374993502,0.0028974011111052183,0.14040092486104025,-0.02001543962077144,-0.0200154396207716,False
PODN,NEUTRAL,-0.023699672138546766,0.13750352374993502,-0.03419139946497576,0.10331212428495926,-0.05710424019685077,-0.057104240196850606,False
FAM187B2P,DSG,-0.09162414846968601,-3.321928094887362,-0.13218570462289012,-3.454113799510252,-3.614530163992047,-0.15509854535476547,False
SIAH3,NEUTRAL,0.012078460664418787,0.13750352374993502,0.017425535302129397,0.15492905905206442,-0.005487305429746562,-0.0054873054297468835,False
PGLS,DIG,1.544481377887658,0.49398884067366594,2.2282156246238776,2.7222044652975437,2.557296761430404,2.2053027838920007,True
ZNF616,DSG,-0.0439981539275885,1.0817940911636472,-0.0634759184796012,1.018318172684046,0.8551344791071275,-0.0863887592114784,False
GALNT1,NEUTRAL,-0.10118174972400878,0.13750352374993502,-0.14597440855529573,-0.008470884805360707,-0.16888724928717253,-0.16888724928717236,False
EIF3LP3,DSG,0.03322635786974911,1.3923174227787602,0.04793550172548903,1.4402529245042492,1.283266778971272,0.025022660993612056,False
SIGLEC10,DIG,-1.6935888314216856,0.5443205162238104,-2.4433322083970004,-1.89901169217319,-2.060929450378859,-2.466245049128877,True
GUCY2D,NEUTRAL,0.05033536460346194,0.13750352374993502,0.07261858089475241,0.21012210464468745,0.049705740162877945,0.04970574016287733,False
LCNL1,NEUTRAL,-0.002722002369383395,0.13750352374993502,-0.003927019319597432,0.13357650443033758,-0.026839860051472878,-0.026839860051472063,False
TLR2,NEUTRAL,0.05499081003807689,0.13750352374993502,0.07933496893640056,0.2168384926863356,0.056422128204525565,0.056422128204525565,False
CILP,NEUTRAL,0.06767931834503166,0.13750352374993502,0.09764061694712263,0.23514414069705764,0.07472777621524819,0.07472777621524819,False
RPA2P3,NEUTRAL,0.0038965522569894,0.13750352374993502,0.0056215366177233056,0.14312506036765832,-0.017291304114152136,-0.017291304114151813,False
LINC02749,NEUTRAL,0.027276730878790845,0.13750352374993502,0.03935200437049441,0.17685552812042943,0.016439163638618314,0.01643916363861863,False
FERMT3,DIG,1.1289660034777542,0.4768136968655339,1.6287536545495884,2.1055673514151225,1.9528526491963487,1.60584081381771,True
FREM1,DIG,1.2671441866329944,0.405992359675837,1.8281026341467002,2.234094993822537,2.0780612052571126,1.805189793414825,True
TOMM40P4,NEUTRAL,-0.053593948477573,0.13750352374993502,-0.07731972369025318,0.06018380005968184,-0.10023256442212877,-0.10023256442212877,False
CAP1P1,NEUTRAL,0.07372894627937383,0.13750352374993502,0.10636838516722141,0.24387190891715643,0.08345554443534615,0.08345554443534585,False
OLFM4,NEUTRAL,0.014785925131678848,0.13750352374993502,0.02133158086242857,0.15883510461236358,-0.0015812598694458742,-0.001581259869445714,False
SREK1IP1P1,DIG,0.866967354587553,0.405992359675837,1.2507695030760864,1.6567618627519234,1.5027940145155616,1.2278566623442086,True
CLASP2,NEUTRAL,-0.006324381745639037,0.13750352374993502,-0.009124154181122125,0.1283793695688129,-0.03203699491299779,-0.03203699491299779,False
STXBP6,DIG,1.2811499054388062,0.4240262825060986,1.8483086152119301,2.2723348977180287,2.104873351574514,1.825395774480053,True
NHLRC1,DSG,0.004977180580968423,1.0874628412503395,0.007180553741771994,1.0946433949921115,0.936923933591449,-0.015732286990103428,False
CFAP43,NEUTRAL,0.0008800179437603317,0.13750352374993502,0.0012695975233563332,0.13877312127329136,-0.02164324320851878,-0.021643243208518296,False
UMOD,DCG,-0.9769787374830661,1.3362833878644325,-1.4094823796207798,-0.07319899175634736,-0.23535122931694508,-1.4323952203526542,True
POU3F3,NEUTRAL,-0.01228549421133053,0.13750352374993502,-0.017724221573556624,0.11977930217637839,-0.04063706230543128,-0.04063706230543161,False
COL22A1,DCG,0.7110190094712152,-0.7369655941662062,1.025783598941905,0.28881800477569886,0.1284016402938876,1.0028707582100291,True
QARS1,NEUTRAL,0.012390929401941203,0.13750352374993502,0.017876332400185824,0.15537985615012084,-0.005036508331688747,-0.0050365083316889075,False
TSPAN11,DSG,-0.07609347270925747,1.222392421336448,-0.10977967572166543,1.1126127456147827,0.9522138405914764,-0.13269251645354094,False
MTA3,DIG,0.6314894946427215,0.37851162325372983,0.911046762294532,1.2895583855482617,1.1375109889968706,0.8881339215626555,True
MINDY2,NEUTRAL,-0.04767118107103333,0.13750352374993502,-0.06877497652449961,0.06872854722543541,-0.09168781725637463,-0.09168781725637497,False
HECW2-AS1,DIG,1.2871609948923233,0.4506614090095652,1.856980784156859,2.307642193166424,2.1329655631733235,1.8340679434249825,True
HJURP,NEUTRAL,0.0462186266771375,0.13750352374993502,0.06667938350380462,0.20418290725373964,0.043766542771930005,0.04376654277193032,False
BTBD6P1,NEUTRAL,-0.08289549211697343,0.13750352374993502,-0.11959291538920774,0.017910608360727276,-0.14250575612108327,-0.14250575612108363,False
TMTC1,DSG,0.03926036717322707,-0.7369655941662062,0.05664073702429454,-0.6803248571419117,-0.8407412216237226,0.0337278962924188,False
CLDN8,DIG,-0.6028583723312195,0.37851162325372983,-0.8697407841206427,-0.4912291608669129,-0.6508379607556412,-0.8926536248525196,True
SLC4A10,NEUTRAL,-0.008842014413551634,0.13750352374993502,-0.012756330345899678,0.12474719340403534,-0.035669171077773926,-0.035669171077773267,False
HSF4,NEUTRAL,0.043127835039968324,0.13750352374993502,0.062220313736439575,0.1997238374863746,0.03930747300456286,0.039307473004563796,False
ZNF565,DSG,-0.03439159342132703,1.2927817492278462,-0.049616581277218005,1.2431651679506281,1.0814684407099795,-0.07252942200909496,False
ADGRF1,DSG,0.04316709852526964,1.2779847472997656,0.0622769589719718,1.3402617062717375,1.1837488104511729,0.039364118240095856,False
SNORD116-20,NEUTRAL,-0.04875768190589793,0.13750352374993502,-0.07034246589088049,0.06716105785905453,-0.09325530662275622,-0.09325530662275638,False
SLC6A1,DIG,0.6664843097444242,0.49398884067366594,0.9615336084985846,1.4555224491722505,1.3028555852761146,0.9386207677667082,True
VCPIP1,DCG,-0.9989953606665531,1.297680548640685,-1.4412456527047177,-0.14356510406403267,-0.30264761962628894,-1.4641584934365943,True
ARPC3P3,NEUTRAL,-0.05531148763725704,0.13750352374993502,-0.07979760891846194,0.05770591483147308,-0.10271044965033671,-0.10271044965033688,False
NDUFA8,NEUTRAL,0.015889294781003732,0.13750352374993502,0.02292340678377697,0.160426930533712,1.0566051903000637e-05,1.0566051903000637e-05,False
TGIF2P1,DCG,-0.8069952271207845,1.2927817492278462,-1.1642480121882186,0.12853373703962756,-0.038903985459132796,-1.1871608529200794,True
SAFB2,NEUTRAL,-0.009821418674684423,0.13750352374993502,-0.014169312016461473,0.12333421173347354,-0.037082152748337725,-0.03708215274833756,False
CLCA4,NEUTRAL,-0.05796102518936917,0.13750352374993502,-0.0836200836055432,0.05388344014439182,-0.10653292433741897,-0.10653292433741897,False
KIF23,NEUTRAL,0.022905891986411447,0.13750352374993502,0.03304621677593404,0.17054974052586908,0.010133376044058931,0.010133376044058295,False
LINC02073,DSG,-0.07996414676204797,1.1805722456418208,-0.11536387798252386,1.065208367659297,0.9035840148767675,-0.13827671871439895,False
SELENON,NEUTRAL,-0.06856848393228408,0.13750352374993502,-0.09892341173038083,0.03858011201955419,-0.12183625246225532,-0.12183625246225532,False
SLC25A34,NEUTRAL,-0.0023053766577546776,0.13750352374993502,-0.0033259554715238462,0.13417756827841118,-0.026238796203400486,-0.02623879620340065,False
EIF5A2,DCG,-1.0406958441312757,1.4418375586225591,-1.501406733401945,-0.059569174779385836,-0.2254992585829091,-1.524319574133822,True
ZNF263,DCG,-1.0678562468520856,1.4418375586225591,-1.5405909117158045,-0.0987533530932454,-0.2542123715485832,-1.5635037524476822,True
ARMS2,NEUTRAL,-0.009122003249889156,0.13750352374993502,-0.013160268851588093,0.12434325489834692,-0.03607310958346327,-0.0360731095834631,False
AUH,NEUTRAL,0.04989504447579064,0.13750352374993502,0.07198333323015743,0.20948685698009245,0.04907049249828271,0.04907049249828271,False
SOS1-IT1,DIG,0.7204516930657565,0.4240262825060986,1.0393920847860245,1.463418367292123,1.3006711573323517,1.0164792440541481,True
RNF217-AS1,DIG,0.745331362635414,0.4768136968655339,1.0752858606931255,1.5520995575586594,1.391566209892083,1.0523730199612478,True
TK2,NEUTRAL,0.013538527763793828,0.13750352374993502,0.019531966865762904,0.15703549061569794,-0.0033808738661133494,-0.0033808738661127075,False
NAMA,NEUTRAL,-0.023213016176002785,0.13750352374993502,-0.03348930332119451,0.1040142204287405,-0.05640214405307016,-0.056402144053069994,False
LLCFC1,DSG,0.08177964943301853,1.4195388915137848,0.11798309468265376,1.5375219861964384,1.381872100653601,0.0950702539507783,False
ELMO3,NEUTRAL,-0.033193124838410346,0.13750352374993502,-0.047887556595982886,0.08961596715395213,-0.07080039732785898,-0.07080039732785864,False
GMFBP1,DIG,-1.235192324941735,0.5025003405291834,-1.7820058417375502,-1.2795055012083667,-1.4340530981843183,-1.8049186824694232,True
C1QA,NEUTRAL,-0.00703092250979246,0.13750352374993502,-0.010143477037752167,0.12736004671218285,-0.033056317769629175,-0.0330563177696295,False
RNGTTP1,DIG,-0.8359932052302992,0.4240262825060986,-1.206083251402622,-0.7820569688965235,-0.9375357614882204,-1.2289960921344891,True
PPIC,NEUTRAL,0.047552378405817136,0.13750352374993502,0.06860358050854781,0.20610710425848283,0.04569073977667108,0.045690739776671395,False
MYADM-AS1,DSG,-0.012969093825495243,-0.7369655941662062,-0.018710447346865663,-0.7556760415130719,-0.9160924059948795,-0.041623288078739995,False
NAAA,DIG,-0.7326320131900123,0.4854268271702419,-1.0569645722257284,-0.5715377450554865,-0.7228696115115671,-1.0798774129576036,True
C16orf74,NEUTRAL,0.03091929418900521,0.13750352374993502,0.044607112394264764,0.18211063614419978,0.02169427166238805,0.02169427166238868,False
CTSG,DIG,-1.0393416935770463,0.3692338096657191,-1.4994531071127413,-1.1302192974470222,-1.290237290009418,-1.5223659478446188,True
SNX3,DIG,-1.716045812856414,0.49398884067366594,-2.4757307841462186,-1.9817419434725527,-2.1346362670546237,-2.4986436248780963,True
BDH2,NEUTRAL,0.009037419904349857,0.13750352374993502,0.01303824087843675,0.15054176462837177,-0.00987459985343798,-0.009874599853437818,False
SYT4,NEUTRAL,0.05425680876786731,0.13750352374993502,0.078276028943863,0.215779552693798,0.05536318821198728,0.05536318821198728,False
EEF1A2,DCG,-0.908877125665297,1.0987339535853597,-1.3112325219747392,-0.21249856838937942,-0.37112787644075795,-1.334145362706616,True
NBL1,NEUTRAL,-0.005394316696359555,0.13750352374993502,-0.0077823539468224665,0.12972116980311255,-0.030695194678696632,-0.030695194678697284,False
MAGI1-IT1,NEUTRAL,-0.0005853356339673775,0.13750352374993502,-0.000844460816380333,0.13665906293355468,-0.023757301548256407,-0.02375730154825706,False
BLOC1S5-TXNDC5,DSG,0.007187896649965523,1.3315141437165605,0.010369942851327654,1.3418840865678883,1.1800865039406307,-0.012542897880548999,False
CAMK2B,DSG,-0.024999093797099782,1.2927817492278462,-0.0360660686477939,1.2567156805800523,1.0931920486022535,-0.05897890937966929,False
DYNC2H1,NEUTRAL,0.014976155636338362,0.13750352374993502,0.021606025468126653,0.15910954921806167,-0.0013068152637494316,-0.00130681526374863,False
ZNF425,DIG,-0.855892277142845,0.49398884067366594,-1.2347915437691448,-0.7408027030954789,-0.8986648792334669,-1.2577043845010207,True
RNU4-46P,DCG,-1.104072110625416,1.4195388915137848,-1.592839358783099,-0.17330046726931414,-0.3307691177761178,-1.6157521995149744,True
PTPRT,DCG,-0.8226570328726824,1.1538053360790355,-1.186843221677848,-0.03303788559881249,-0.20038315522918207,-1.2097560624097237,True
CCDC154,DCG,-0.9711036493987768,1.3785116232537298,-1.40100641917679,-0.02249479592306014,-0.18569657343096752,-1.4239192599086676,True
RPL7P23,NEUTRAL,0.058512658617523944,0.13750352374993502,0.08441592241673067,0.2219194461666657,0.06150308168485455,0.06150308168485455,False
AIFM2,DIG,1.440621790953298,0.4329594072761063,2.0783779136049,2.5113373208810064,2.3664157113956117,2.0554650728730226,True
VASP,DIG,-0.900559616834775,0.5025003405291834,-1.299232893232395,-0.7967325527032117,-0.9629306773151033,-1.3221457339642715,True
ING1,DIG,-0.5583561465399275,0.415037499278844,-0.8055376436630248,-0.39050014438418085,-0.5439296283670677,-0.8284504843949003,True
SYS1-DBNDD2,DCG,-0.9107057786982274,1.3877301532831086,-1.3138707106368546,0.07385944264625399,-0.08782816190486738,-1.336783551368731,True
AP4E1,NEUTRAL,0.0024412815456401147,0.13750352374993502,0.0035220247793087372,0.14102554852924376,-0.019390815952567704,-0.01939081595256803,False
CD207,DIG,-0.6916916227238143,0.4681488357384065,-0.9979000739280869,-0.5297512381896804,-0.6891188238702697,-1.0208129146599636,True
VPS50,DSG,-0.010534461833183534,-0.7369655941662062,-0.015198015845167945,-0.7521636100113742,-0.9125799744931852,-0.0381108565770438,False
RPL12P14,NEUTRAL,0.015870642728769632,0.13750352374993502,0.022896497560516434,0.16040002131045145,-1.6343171359533347e-05,-1.6343171359213002e-05,False
RPS2P45,NEUTRAL,0.017539032227121772,0.13750352374993502,0.02530347481606029,0.16280699856599531,0.0023906340841840846,0.0023906340841840846,False
TBC1D1,NEUTRAL,0.06867369802522846,0.13750352374993502,0.0990752035805033,0.23657872733043833,0.07616236284862873,0.07616236284862904,False
MAGOHB,DSG,-0.031739484162896923,1.4240262825060985,-0.045790396402185185,1.3782358861039135,1.2165546024219416,-0.06870323713406107,False
SLC22A1,NEUTRAL,0.011094608023249622,0.13750352374993502,0.016006135975749135,0.15350965972568414,-0.006906704756126314,-0.006906704756126153,False
MRNIP,DIG,-1.2924930594946025,0.4506614090095652,-1.864673327316267,-1.4140119183067017,-1.5723203768275045,-1.8875861680481427,True
MCRS1,DIG,-1.5147882239356212,0.45943161863729726,-2.1853774586689214,-1.725945840031624,-1.8857249182568379,-2.2082902994007982,True
ARPC3,DIG,-1.3341289346237029,0.4768136968655339,-1.9247411978880924,-1.4479275010225585,-1.608745719422475,-1.9476540386199683,True
RPL7AP2,DIG,-1.3235836564266783,0.45943161863729726,-1.9095275773284504,-1.450095958691153,-1.609086484179364,-1.9324404180603187,True
CMTM8,NEUTRAL,0.035945645675199256,0.13750352374993502,0.05185860475716178,0.1893621285070968,0.028945764025285085,0.028945764025285713,False
HSPB1,DSG,-0.0364574190013322,-0.7369655941662062,-0.05259693759683304,-0.7895625317630393,-0.9499788962448499,-0.07550977832870898,False
ADCY4,NEUTRAL,-0.05410313645848066,0.13750352374993502,-0.07805432666518893,0.059449197084746094,-0.10096716739706559,-0.10096716739706559,False
LINC00996,DIG,-0.7524319058948836,0.5688428353578793,-1.0855297792411798,-0.5166869438833005,-0.6707035401496372,-1.1084426199730535,True
TRAP1,DCG,-0.7243606300662903,1.1911414873520083,-1.045031488811842,0.14610999854016637,-0.01478887029228957,-1.0679443295437174,True
WSCD1,NEUTRAL,-0.025868009999237204,0.13750352374993502,-0.037319649743565636,0.10018387400636938,-0.06023249047544252,-0.06023249047544252,False
PANX1,NEUTRAL,-0.08433227280415882,0.13750352374993502,-0.12166575176145514,0.015837771988479882,-0.1445785924933321,-0.14457859249333194,False
USP31,DCG,-0.7723782777813877,1.1699250014423124,-1.1143063110455662,0.05561869039674616,-0.09902877703969133,-1.1372191517774421,True
PRSS29P,DCG,-0.9438572727554708,1.3968901525685844,-1.3616982067112995,0.03519194585728491,-0.12123173553596342,-1.3846110474431663,True
TSC22D2,DSG,0.08966672281023347,1.446256229889564,0.12936173633108913,1.575617966220653,1.4163531675408758,0.10644889559921386,False
NWD2,NEUTRAL,-0.0028799721427745072,0.13750352374993502,-0.004154921528279143,0.13334860222165587,-0.027067762260155896,-0.027067762260155896,False
MSTO1,DCG,-0.8983980099607445,1.3645724322958561,-1.2961143537148796,0.06845807858097652,-0.09139934548840152,-1.3190271944467549,True
CRYBG3,DIG,-1.0920457481180925,0.5109619192773794,-1.57548898523385,-1.0645270659564705,-1.2250914913274003,-1.598401825965727,True
EIF3F,NEUTRAL,-0.005720767253043964,0.13750352374993502,-0.008253322546046505,0.12925020120388853,-0.031166163277921145,-0.03116616327792098,False
NMT1,NEUTRAL,-0.02305501796548862,0.13750352374993502,-0.03326136008641639,0.10424216366351863,-0.05617420081829142,-0.05617420081829092,False
PDHB,NEUTRAL,-0.05896599327576337,0.13750352374993502,-0.08506994608003578,0.05243357766989924,-0.10798278681191047,-0.10798278681191012,False
KEL,DSG,-0.06542736318381828,1.410522018156351,-0.09439173240373579,1.3161302857526151,1.1582382078485085,-0.11730457313561281,False
OR8G5,NEUTRAL,0.08538990103901177,0.13750352374993502,0.12319158677098163,0.26069511052091665,0.10027874603910589,0.10027874603910499,False
SYNJ1,DIG,-1.1905437186806802,0.4768136968655339,-1.7175915189021227,-1.2407778220365888,-1.3886968211129709,-1.7405043596339984,True
SLC6A6,DIG,1.4310035603469093,0.35989594508638295,2.0645017400069365,2.4243976850933193,2.2660776063741883,2.041588899275059,True
RASSF5,DCG,-1.0417837817194464,1.341036917835067,-1.5029762955651957,-0.1619393777301288,-0.32490198902802214,-1.5258891362970728,True
DCAF13,DCG,2.0794415416798357,-3.321928094887362,3.0,-0.3219280948873622,-0.48234445936917253,2.9770871592681245,True
HLF,DSG,-0.025353899429657958,1.341036917835067,-0.036577944974365055,1.304458972860702,1.1419267387844876,-0.059490785706242694,False
FTH1P3,DIG,-1.659752285897294,0.3968901525685844,-2.394516391968147,-1.9976262393995627,-2.159679410628261,-2.4174292327000244,True
USP48,NEUTRAL,-0.06447980140809768,0.13750352374993502,-0.09302468972896773,0.04447883402096729,-0.1159375304608436,-0.1159375304608436,False
MIR4263,DIG,1.5945922661062075,0.4329594072761063,2.30051035455132,2.7334697618274264,2.5759595173974668,2.2775975138194404,True
ATG12P1,DCG,-0.8646383390778403,1.2680350868921602,-1.2474094439500703,0.020625642942089906,-0.14605816657606877,-1.2703222846819469,True
GPX4,NEUTRAL,-0.032485339407692215,0.13750352374993502,-0.046866438065072374,0.09063708568486264,-0.06977927879694865,-0.06977927879694847,False
ABO,NEUTRAL,-0.024585183621415593,0.13750352374993502,-0.03546892248996084,0.10203460125997418,-0.05838176322183591,-0.05838176322183591,False
SLC25A51,DIG,0.9862467810270904,0.3877301532831085,1.4228533400804868,1.8105834933635954,1.6528887693697325,1.3999404993486095,True
SLC18A2,NEUTRAL,-0.04046163567395839,0.13750352374993502,-0.05837380113307575,0.07912972261685927,-0.08128664186495106,-0.08128664186495106,False
B3GALNT2,DCG,-0.7744991594234674,1.2479275134435854,-1.117366096472907,0.13056141697067836,-0.02513374956722866,-1.1402789372047824,True
IQCJ-SCHIP1-AS1,DSG,0.04183103056219707,-3.321928094887362,0.06034942034735639,-3.2615786745400057,-3.421995039021761,0.03743657961548127,False
TRPC2,NEUTRAL,0.0007583322429472786,0.13750352374993502,0.0010940421662462435,0.13859756591618128,-0.02181879856562954,-0.021818798565629214,False
MIAT,NEUTRAL,0.002318760394660497,0.13750352374993502,0.003345264122386435,0.14084878787232147,-0.01956757660948924,-0.01956757660948973,False
LINC02288,NEUTRAL,0.026658102695712213,0.13750352374993502,0.03845951255861272,0.17596303630854773,0.015546671826737513,0.015546671826738146,False
SCAF8,DIG,1.5521795549410038,0.405992359675837,2.2393217464826245,2.6453141061584615,2.490741147076263,2.216408905750748,True
VN1R105P,DSG,0.11123268439372164,-3.321928094887362,0.1604748421595894,-3.161453252727773,-3.3218696172095634,0.1375620014277129,False
ABHD17C,NEUTRAL,-0.06051370514110358,0.13750352374993502,-0.08730282231288711,0.05020070143704791,-0.11021566304476205,-0.1102156630447624,False
DDX1,DIG,-0.6909368733629495,0.3692338096657191,-0.996811200768053,-0.6275773911023339,-0.7852585640785932,-1.0197240414999282,True
ID2,DIG,1.5325955759702143,0.37851162325372983,2.211068037140593,2.589579660394323,2.4284055402469757,2.1881551964087165,True
SQLE,DCG,0.9494419416412844,-0.7369655941662062,1.3697551808178696,0.6327895866516634,0.4723732221698514,1.3468423400859921,True
AFG3L2,NEUTRAL,-0.036582470758482186,0.13750352374993502,-0.05277734914672777,0.08472617460320725,-0.07569018987860307,-0.07569018987860342,False
UBTD1,NEUTRAL,0.026125254393193038,0.13750352374993502,0.037690774955022203,0.17519429870495723,0.01477793422314655,0.01477793422314655,False
CACNA2D2,NEUTRAL,0.04335122962617428,0.13750352374993502,0.06254260399812034,0.20004612774805536,0.03962976326624353,0.03962976326624353,False
TAS2R5,DSG,0.016201436723496186,-3.321928094887362,0.023373732416264285,-3.298554362471098,-3.458970726952905,0.0004608916843895926,False
FHAD1,NEUTRAL,-0.04497470643869687,0.13750352374993502,-0.0648847859445449,0.07261873780539012,-0.0877976266764217,-0.0877976266764217,False
TM4SF20,NEUTRAL,-0.012611748880155517,0.13750352374993502,-0.018194907566337303,0.11930861618359771,-0.04110774829821314,-0.041107748298212815,False
GZF1,DCG,-0.7687461136543026,1.297680548640685,-1.1090662058717258,0.18861434276895928,0.026212215515338148,-1.1319790466036017,True
CAND2,DIG,-1.239097101903781,0.4681488357384065,-1.7876392440964715,-1.319490408358065,-1.4780879393521866,-1.8105520848283467,True
LYSMD1,DCG,-0.9299679575424382,1.1699250014423124,-1.3416601605321137,-0.1717351590898013,-0.33236159972430107,-1.3645730012639896,True
JAZF1,DSG,0.030036331268404468,1.1911414873520083,0.043333266167425236,1.2344747535194336,1.071845870215876,0.020420425435547354,False
PSMB6,NEUTRAL,-0.004149919059524469,0.13750352374993502,-0.005987067647266542,0.1315164561026685,-0.02889990837914342,-0.028899908379143257,False
MRPL33,DIG,1.211270632162527,0.4768136968655339,1.7474941341953176,2.2243078310608517,2.062272619123423,1.7245812934634412,True
SMIM3,DIG,-1.3456451378877026,0.405992359675837,-1.941355567226934,-1.535363207551097,-1.6945404955091337,-1.9642684079588102,True
SLC45A4,DCG,-0.9175559690258931,1.1805722456418208,-1.3237534462517233,-0.14318120060990247,-0.30588132919088645,-1.3466662869835986,True
GSPT1,DCG,-0.9896773697459714,1.415037499278844,-1.427802633412546,-0.01276513413370206,-0.17089217470437695,-1.4507154741444221,True
TDRG1,DSG,-0.04850481918303861,1.2580163310671693,-0.06997766209458567,1.1880386689725837,1.027998766201514,-0.09289050282646004,False
SRXN1,DSG,-0.06441907003787023,1.4418375586225591,-0.09293707288231419,1.348900485740245,1.1893454849588916,-0.11584991361418964,False
ZNF219,DIG,-1.1687312824308735,0.35989594508638295,-1.6861228252948197,-1.3262268802084367,-1.4918462496015852,-1.7090356660266948,True
COG1,DCG,-0.9009159974486374,1.222392421336448,-1.2997470417766832,-0.07735462044023511,-0.22953085887702024,-1.322659882508559,True
EDRF1,NEUTRAL,0.017198990919861545,0.13750352374993502,0.024812898908378563,0.16231642265831359,0.0019000581765034655,0.0019000581765037856,False
ORM1,NEUTRAL,0.02283026986031797,0.13750352374993502,0.0329371171096375,0.17044064085957253,0.010024276377762046,0.01002427637776141,False
HMGN1,DIG,-1.123350725203373,0.5109619192773794,-1.620652520429927,-1.1096906011525474,-1.2767384608580405,-1.643565361161804,True
PSMD9,DIG,1.1994503944796961,0.35989594508638295,1.7304411359081686,2.0903370809945514,1.9236571288837685,1.7075282951762916,True
NRTN,NEUTRAL,0.023263805257319674,0.13750352374993502,0.03356257647694169,0.1710661002268767,0.010649735745066845,0.010649735745066845,False
UBE2L6,DIG,1.633708123301543,0.53605290024021,2.3569426077471514,2.8929955079873615,2.735993661079289,2.334029767015275,True
MCTP1,NEUTRAL,-0.0013510065584179342,0.13750352374993502,-0.0019490904620380193,0.135554433287897,-0.024861931193912917,-0.024861931193912917,False
CHRNA1,NEUTRAL,0.04236600646498169,0.13750352374993502,0.061121227429298854,0.19862475117923387,0.038208386697422346,0.03820838669742172,False
CFAP20DC-AS1,NEUTRAL,-0.021856457197028698,0.13750352374993502,-0.0315322024095552,0.10597132134037981,-0.054445043141429714,-0.05444504314142988,False
SYCE2,DIG,1.2091778836207656,0.4681488357384065,1.7444749362522907,2.212623771990697,2.0478391445760398,1.7215620955204145,True
REEP3,DIG,0.7904952649852512,0.35989594508638295,1.140443598640429,1.500339543726812,1.3421959230502074,1.117530757908553,True
HOXA3,DSG,0.05849251540539995,1.1429579538420431,0.08438686190449181,1.227344815746535,1.0736333295706608,0.061474021172614614,False
OTULINL,DCG,-0.8070756511545366,1.282933963271499,-1.164364039542881,0.11856992372861797,-0.04477256140124178,-1.1872768802747564,True
RP1,DCG,-0.9473564927954645,1.3025627700204314,-1.3667465141099777,-0.0641837440895463,-0.23361234691111626,-1.3896593548418532,True
TMEM116,NEUTRAL,-0.07275692493280317,0.13750352374993502,-0.10496605479088572,0.0325374689590493,-0.1278788955227601,-0.1278788955227601,False
SCLY,NEUTRAL,-0.02316594238526894,0.13750352374993502,-0.03342139019674695,0.10408213355318807,-0.056334230928623094,-0.05633423092862293,False
GRK4,NEUTRAL,-0.0158018471273549,0.13750352374993502,-0.022797246487520424,0.1147062772624146,-0.04571008721939513,-0.04571008721939579,False
DPP4,NEUTRAL,0.02476365329582549,0.13750352374993502,0.03572639980418107,0.1732299235541161,0.012813559072303676,0.012813559072303993,False
PAPOLB,DSG,-0.09001590872234047,-0.7369655941662062,-0.1298655051148342,-0.8668310992810404,-1.0272474637628466,-0.15277834584670874,False
RALGAPA2,DSG,0.02949298782746059,1.3923174227787602,0.04254938727967596,1.4348668100584363,1.2710181301865053,0.019636546547799078,False
RNF148,DIG,0.812363329082923,0.5025003405291834,1.171992546267982,1.6744928867971653,1.5229687613130902,1.1490797055361053,True
LINC01816,DIG,0.9512610715594644,0.5929552914746871,1.3723796305295606,1.9653349220042475,1.8075194863288528,1.3494667897976835,True
SNX21,DCG,-1.0517699897959425,1.4418375586225591,-1.517383348434442,-0.07554578981188276,-0.23553418997216002,-1.5402961891663194,True
NEIL3,NEUTRAL,0.05817268644670752,0.13750352374993502,0.08392544625185355,0.22142897000178857,0.06101260551997904,0.06101260551997873,False
DDX39BP2,DSG,-0.047402400491042315,1.132028393683784,-0.06838720811465931,1.0636411855691248,0.8972878946204279,-0.09130004884653327,False
MAG,DSG,-0.039786786658527314,-3.321928094887362,-0.057400199805164524,-3.3793282946925265,-3.5397446591743353,-0.08031304053704076,False
ZIC4,DSG,0.07719008752111513,1.4374053123072983,0.11136175647249787,1.548767068779796,1.3845994195607325,0.08844891574062207,False
OSBPL9P2,NEUTRAL,0.025826558304425224,0.13750352374993502,0.037259847589023946,0.17476337133895897,0.014347006857148596,0.014347006857148913,False
ABL1,NEUTRAL,0.01998982244727085,0.13750352374993502,0.028839217712928536,0.16634274146286354,0.005926376981051814,0.005926376981051814,False
DLX2,NEUTRAL,-0.020077407496252617,0.13750352374993502,-0.028965576228750553,0.10853794752118447,-0.051878416960626346,-0.051878416960625354,False
KMT2D,DIG,0.6032172647589311,0.415037499278844,0.8702585564463149,1.285296055725159,1.1244258820226933,0.8473457157144395,True
ATP5MF,DSG,0.060476652542785336,1.1538053360790355,0.08724936671304133,1.2410547027920769,1.0761323017336022,0.06433652598116545,False
RPL12P41,DIG,-0.750339181373418,0.415037499278844,-1.0825106159521147,-0.6674731166732708,-0.8284504545391864,-1.1054234566839796,True
STYXL1,DSG,-0.07825159837185588,1.4240262825060985,-0.11289319291271138,1.3111330895933873,1.1495945285186773,-0.13580603364458677,False
BCL9L,NEUTRAL,0.01351720962019208,0.13750352374993502,0.019501211285707705,0.15700473503564272,-0.0034116294461683915,-0.0034116294461683915,False
RPL5P5,DCG,-0.8013751192032099,1.4284997590854065,-1.1561399103662728,0.27235984871913366,0.10570838552845319,-1.1790527510981486,True
SMPD2,DIG,0.9495968389520694,0.45943161863729726,1.3699786503999862,1.8294102690372835,1.6752553561195214,1.3470658096681105,True
LRP8,NEUTRAL,-0.07824579852014779,0.13750352374993502,-0.11288482549541422,0.0246186982545208,-0.13579766622729125,-0.13579766622729073,False
CFL2,DIG,-1.1406012245923833,0.405992359675837,-1.6455397303513104,-1.2395473706754734,-1.3929867058345817,-1.668452571083188,True
AIG1,DIG,1.039650721830575,0.49398884067366594,1.499898940641602,1.9938877813152678,1.8367713030189883,1.476986099909726,True
CMYA5,NEUTRAL,0.029039336334196062,0.13750352374993502,0.04189490652005135,0.17939843026998636,0.018982065788174175,0.01898206578817449,False
RPS8P4,NEUTRAL,-0.022624033753231857,0.13750352374993502,-0.032639581300692125,0.1048639424492429,-0.05555242203256761,-0.055552422032567945,False
RERG,DIG,1.4791844994520094,0.3410369178350672,2.1340121419192375,2.475049059754305,2.3126172799494387,2.1110993011873602,True
MSRB3,DSG,0.05482525951518275,1.2927817492278462,0.07909613001800461,1.3718778792458508,1.2105012637492771,0.056183289286127085,False
MKRN8P,DIG,1.5015577142747505,0.35989594508638295,2.1662898679927496,2.5261858130791324,2.3633337661630796,2.1433770272608674,True
MSLNL,DCG,-0.9417529186347633,1.0987339535853597,-1.3586622654570806,-0.25992831187172083,-0.4207425288342246,-1.3815751061889538,True
KIF9,NEUTRAL,-0.02678825430005663,0.13750352374993502,-0.03864728163276415,0.09885624211717087,-0.061560122364639175,-0.06156012236463951,False
C19orf33,DSG,0.06971401771071231,1.1911414873520083,0.10057606763169002,1.2917175549836983,1.1299272363068056,0.07766322689981402,False
PCBP2,DIG,-0.9160766929762534,0.45943161863729726,-1.3216193020308022,-0.8621876833935049,-1.0242550730496074,-1.3445321427626782,True
ENTPD3-AS1,NEUTRAL,0.07228814076464093,0.13750352374993502,0.1042897421962308,0.24179326594616582,0.08137690146435556,0.08137690146435494,False
SPTBN5,NEUTRAL,-0.009475763113901524,0.13750352374993502,-0.013670636453064289,0.12383288729687073,-0.03658347718493924,-0.036583477184939074,False
MEMO1,DIG,1.2078528023035413,0.4854268271702419,1.7425632480071567,2.2279900751773987,2.0744397575174878,1.7196504072752803,True
INA,NEUTRAL,-0.04638428480761143,0.13750352374993502,-0.06691837766712229,0.07058514608281273,-0.08983121839899873,-0.08983121839899906,False
NLE1,DIG,-0.9112161693777081,0.5109619192773794,-1.3146070487390573,-0.8036451294616779,-0.9590118456069936,-1.3375198894709337,True
DEPP1,DIG,-0.9496444227223236,0.4506614090095652,-1.3700472992693589,-0.9193858902597937,-1.0800405341817607,-1.392960140001236,True
MPP3,NEUTRAL,0.0010640326629038812,0.13750352374993502,0.0015350746461153075,0.13903859839605032,-0.021377766085761796,-0.021377766085761796,False
ADGRA3,NEUTRAL,0.04189990438927753,0.13750352374993502,0.06044878427613241,0.19795230802606742,0.03753594354425622,0.03753594354425622,False
SPATA45,DCG,-0.9470772287706856,1.359895945086383,-1.3663436212863305,-0.006447676199947461,-0.16689603751553017,-1.3892564620181982,True
AMHR2,DIG,-1.6375578350708997,0.4854268271702419,-2.362496567825654,-1.8770697406554122,-2.040566598129919,-2.38540940855752,True
LINC01678,DSG,0.044826664235666065,-0.7369655941662062,0.06467120619239008,-0.6722943879738161,-0.8327107524556252,0.041758365460514944,False
CATSPER1,DIG,-1.6216544755383562,0.5109619192773794,-2.3395528698945793,-1.8285909506171998,-1.981516040033826,-2.362465710626452,True
NPW,DCG,-0.9388070183970648,1.3877301532831086,-1.3544122297931993,0.03331792348990925,-0.13121088901654943,-1.3773250705250766,True
RPL15P18,DIG,-0.8309392581406361,0.3877301532831085,-1.19879194699945,-0.8110617937163414,-0.961681327612159,-1.2217047877313272,True
RPL6P24,DCG,-0.9412243150098214,1.232660756790275,-1.357899651628781,-0.12523889483850592,-0.28616022449902595,-1.3808124923606528,True
GSTZ1,NEUTRAL,-0.07273076150887332,0.13750352374993502,-0.10492830894892945,0.03257521480100557,-0.12784114968080612,-0.12784114968080543,False
MTCYBP21,DSG,-0.001412746149925565,1.0761029790857917,-0.0020381618645325885,1.074064817221259,0.9131967152086408,-0.02495100259640695,False
ZNF221,DIG,0.7392164221804183,0.44183755862255913,1.0664638664233719,1.508301425045931,1.3322347050814112,1.0435510256914944,True
EIF3L,NEUTRAL,-0.006518465301563648,0.13750352374993502,-0.009404157564772657,0.12809936618516235,-0.03231699829664869,-0.03231699829664902,False
TBK1,DSG,0.0206536468823443,1.273018494406416,0.02979691393342992,1.302815408339846,1.1363990691750572,0.006884073201553346,False
ZNF224,DIG,-1.1122452444465456,0.4329594072761063,-1.6046306984153642,-1.171671291139258,-1.3372829866731546,-1.6275435391472417,True
TMEM198B,DIG,1.0207181682111632,0.5109619192773794,1.472585039423512,1.9835469587008916,1.8201969532623168,1.4496721986916348,True
KIAA0825,NEUTRAL,-0.07629733782089809,0.13750352374993502,-0.11007379090723964,0.027429732842695384,-0.13298663163911587,-0.13298663163911603,False
PSMC1P1,NEUTRAL,-0.020071367025453573,0.13750352374993502,-0.028956861671484136,0.10854666207845089,-0.051869702403359474,-0.05186970240335931,False
YTHDF1,DCG,0.8292119675511108,-0.7369655941662062,1.1962999934317677,0.4593343992655615,0.2989180347837495,1.1733871526998907,True
XRCC6,NEUTRAL,-0.039724589655446535,0.13750352374993502,-0.057310468497261735,0.08019305525267328,-0.08022330922913656,-0.08022330922913691,False
C2orf66,DIG,-1.3875715752098232,0.3877301532831085,-2.0018426304336994,-1.6141124771505908,-1.7720497966105173,-2.0247554711655704,True
ZDHHC17,DIG,-1.6833704510956542,0.415037499278844,-2.4285902017747176,-2.0135527024958737,-2.1774863641404845,-2.451503042506595,True
STK33,NEUTRAL,0.07845254579025163,0.13750352374993502,0.11318309875671034,0.25068662250664536,0.09027025802483543,0.09027025802483635,False
OBSCN,DCG,-0.8173545098933126,1.4240262825060985,-1.1791932980713113,0.24483298443478718,0.08907028076174095,-1.2021061388031884,True
SH3PXD2A-AS1,NEUTRAL,-0.016768296900828893,0.13750352374993502,-0.02419153878297962,0.1133119849669554,-0.047104379514854515,-0.04710437951485435,False
DAZAP2,DIG,0.6526601745149035,0.4768136968655339,0.9415895971583768,1.4184032940239106,1.2518096569223507,0.9186767564264989,True
ELF3,DCG,-0.8615676483477087,1.232660756790275,-1.2429793736616057,-0.010318616871330732,-0.17116001214728213,-1.2658922143934819,True
BBOX1,DIG,1.2499386822200218,0.5443205162238104,1.8032803382541116,2.347600854477922,2.190420136306957,1.7803674975222332,True
TMF1,NEUTRAL,-0.04640004550691859,0.13750352374993502,-0.06694111554985369,0.07056240820008133,-0.08985395628173057,-0.08985395628173108,False
SERBP1P3,NEUTRAL,-0.045739856620535625,0.13750352374993502,-0.06598866431741897,0.07151485943251605,-0.08890150504929428,-0.08890150504929445,False
MAP3K5-AS1,DIG,-1.2740750283102191,0.4329594072761063,-1.838101725063619,-1.4051423177875126,-1.5537840718573876,-1.8610145657954833,True
CLDN16,DSG,0.01148993033785771,1.2779847472997656,0.01657646551858697,1.2945612128183526,1.137241987682849,-0.006336375213289887,False
DAGLB,DSG,-0.11034908136891433,1.297680548640685,-0.1592000724575854,1.1384804761830996,0.9748480985957023,-0.18211291318946177,False
RNU6-388P,DSG,-0.10323655135633066,1.4594316186372973,-0.14893886068025702,1.3104927579570402,1.1454343175906405,-0.1718517014121304,False
TBC1D2,NEUTRAL,0.030740163316004637,0.13750352374993502,0.044348681172116725,0.18185220492205173,0.021435840440240432,0.021435840440240432,False
DNAAF3,DSG,-0.06445839241548187,1.359895945086383,-0.09299380308149047,1.2669021420048925,1.106734275079573,-0.11590664381336595,False
BTBD10P1,DIG,-0.6820907999720935,0.4506614090095652,-0.9840490145557254,-0.5333876055461602,-0.6908484603282299,-1.0069618552876003,True
NOD2,NEUTRAL,0.030414705852609494,0.13750352374993502,0.04387914530365625,0.18138266905359127,0.020966304571779483,0.020966304571779167,False
IRX1,DCG,-0.8166240834111813,1.0761029790857917,-1.1781395154078065,-0.10203653632201481,-0.2587267895418161,-1.2010523561396824,True
C1QTNF1,DCG,-0.8724236136658853,1.2172307162206693,-1.2586412209902016,-0.04141050476953234,-0.19331220778671543,-1.2815540617220784,True
GLULP3,NEUTRAL,-0.05422932730147044,0.13750352374993502,-0.07823638156857587,0.059267142181359145,-0.10114922230045155,-0.10114922230045188,False
H2AC17,DSG,0.013882618306491437,1.4637968111986992,0.020028384585329538,1.4838251957840287,1.32459871263196,-0.002884456146547944,False
SPRR2G,DCG,-1.0113645966464389,1.415037499278844,-1.459090688112484,-0.04405318883364018,-0.19825500940056054,-1.4820035288443554,True
GLB1,NEUTRAL,0.002506412424860361,0.13750352374993502,0.0036159887757685246,0.14111951252570354,-0.019296851956106555,-0.01929685195610607,False
MFAP3L,NEUTRAL,0.07073051318673437,0.13750352374993502,0.10204256061403312,0.23954608436396813,0.079129719882158,0.0791297198821583,False
TUB,NEUTRAL,0.05311288049506272,0.13750352374993502,0.07662568929755514,0.21412921304749016,0.053712848565678525,0.05371284856567883,False
JOSD1,NEUTRAL,-0.03432064470085284,0.13750352374993502,-0.049514223910032476,0.08798929983990254,-0.07242706464190998,-0.07242706464190965,False
SFRP4,DSG,0.04991219531272213,1.3171110785895865,0.07200807665754559,1.389119155247132,1.2287036938781544,0.04909523592566824,False
CKMT2-AS1,NEUTRAL,-0.04543505352819178,0.13750352374993502,-0.06554892640764688,0.07195459734228814,-0.08846176713952184,-0.08846176713952167,False
ABCF2,DIG,0.7493209124288636,0.5688428353578793,1.0810415643955147,1.649884399753394,1.4894337312155193,1.0581287236636385,True
ARHGDIB,DIG,-0.7637012103691533,0.3877301532831085,-1.1017879489204765,-0.7140577956373679,-0.8838418936917147,-1.1247007896523522,True
TLR6,NEUTRAL,-0.0016097413783980098,0.13750352374993502,-0.002322365903728573,0.13518115784620643,-0.02523520663560504,-0.02523520663560553,False
EPB41,NEUTRAL,0.05416378695420333,0.13750352374993502,0.07814182683459549,0.2156453505845305,0.0552289861027205,0.05522898610272081,False
DCUN1D4,NEUTRAL,-0.05159031266034433,0.13750352374993502,-0.07442908823298987,0.06307443551694515,-0.09734192896486596,-0.09734192896486596,False
TRIM55,DCG,-1.1281380094974425,1.4240262825060985,-1.6275591117403068,-0.20353282923420823,-0.36592860796250076,-1.650471952472183,True
LZTS2,NEUTRAL,0.015293484859123995,0.13750352374993502,0.022063834764168636,0.15956735851410364,-0.0008490059677078329,-0.0008490059677083137,False
EYS,DIG,1.275232285005266,0.3968901525685844,1.8397712935585986,2.236661446127183,2.0844940121504334,1.8168584528267222,True
CCND2-AS1,DSG,-0.05564386437818026,1.1429579538420431,-0.0802771271942987,1.0626808266477443,0.9037425919725857,-0.1031899679261737,False
C11orf16,NEUTRAL,-0.03468880586495519,0.13750352374993502,-0.050045368195730834,0.08745815555420419,-0.0729582089276062,-0.07295820892760703,False
STAU2-AS1,DCG,-1.0083015167462057,1.450661409009565,-1.454671597930571,-0.004010188921006019,-0.16237079506221966,-1.4775844386624426,True
NPR1,DCG,-0.8966510491001325,1.1429579538420431,-1.2935940219446476,-0.15063606810260444,-0.3105833115636497,-1.3165068626765237,True
MCU,DIG,0.7359044089110662,0.3877301532831085,1.0616856413043192,1.4494157945874278,1.2955351754453035,1.038772800572443,True
DCT,DIG,-1.6224531694343287,0.3692338096657191,-2.3407051416174873,-1.9714713319517683,-2.1232383516849476,-2.363617982349363,True
TMEM141,NEUTRAL,0.05403866230729712,0.13750352374993502,0.07796131012701091,0.21546483387694593,0.055048469395135725,0.05504846939513541,False
RPAP2,NEUTRAL,0.015359211608001813,0.13750352374993502,0.022158658418828418,0.15966218216876343,-0.0007541823130458377,-0.000754182313046639,False
PIGF,DIG,0.716308079637967,0.4506614090095652,1.0334141142423918,1.4840755232519571,1.3264905212382903,1.0105012735105152,True
CHP1P1,NEUTRAL,0.024690812293088883,0.13750352374993502,0.035621312450759585,0.1731248362006946,0.0127084717188835,0.0127084717188835,False
OXNAD1,DIG,1.1946448318153067,0.3968901525685844,1.7235081744835727,2.120398327052157,1.9657989736172614,1.7005953337516964,True
UBN1,DCG,-0.8059433914536154,1.1963972128035036,-1.1627305340873635,0.03366667871614015,-0.12294163509467522,-1.1856433748192394,True
EBF4,DSG,0.04820401592516892,1.2172307162206693,0.06954369472617382,1.286774410946843,1.1242716741070833,0.04663085399429732,False
DENND1C,NEUTRAL,-0.02892212643299853,0.13750352374993502,-0.04172580837685058,0.09577771537308444,-0.06463864910872656,-0.06463864910872656,False
TYRO3,NEUTRAL,-0.03132353844092691,0.13750352374993502,-0.04519031357182007,0.09231321017811495,-0.06810315430369447,-0.0681031543036943,False
ZNF833P,DIG,-0.9646510369223377,0.5109619192773794,-1.3916972671562529,-0.8807353478788734,-1.0389895684733204,-1.414610107888129,True
TMBIM1,NEUTRAL,0.015142501716803737,0.13750352374993502,0.021846012133485367,0.15934953588342038,-0.0010668285983894338,-0.001066828598389594,False
SOCS6,NEUTRAL,-0.0010597525734794457,0.13750352374993502,-0.0015288997823281131,0.1359746239676069,-0.024441740514202476,-0.024441740514203617,False
LINC00562,NEUTRAL,-0.016437068749184637,0.13750352374993502,-0.02371367757119963,0.11378984617873539,-0.04662651830307544,-0.046626518303076105,False
PAIP2B,DIG,-1.3802759903935453,0.5193741590935794,-1.9913173263988704,-1.471943167305291,-1.6366000807845718,-2.014230167130748,True
JMY,NEUTRAL,-0.052117478908398185,0.13750352374993502,-0.07518962836478121,0.062313895385153806,-0.09810246909665714,-0.09810246909665662,False
ZNF781,DSG,-0.07867133677014371,1.4284997590854065,-0.11349874741839189,1.3150010116670146,1.1542686376100093,-0.13641158815026877,False
BTBD16,NEUTRAL,-0.030077422663728183,0.13750352374993502,-0.04339254851968197,0.09411097523025305,-0.06630538925155757,-0.06630538925155807,False
SEPTIN3,NEUTRAL,-0.0016953098202190694,0.13750352374993502,-0.0024458150704004117,0.1350577086795346,-0.02535865580227625,-0.02535865580227625,False
SAP18,NEUTRAL,-0.006170777076534993,0.13750352374993502,-0.00890254948674833,0.1286009742631867,-0.03181539021862471,-0.03181539021862471,False
ZNF569,DSG,-0.01956879268426964,-0.7369655941662062,-0.028231800161780035,-0.7651973943279863,-0.9256137588097976,-0.05114464089365671,False
ZNF708,DIG,-1.6612368537655438,0.5443205162238104,-2.396658170669534,-1.8523376544457237,-2.0152370145220675,-2.4195710114014113,True
IL17RC,DIG,1.1422318506170779,0.3968901525685844,1.6478922264306817,2.0447823789992663,1.8896929415122938,1.624979385698805,True
FEZF1,DIG,1.0176915157214639,0.5025003405291834,1.4682185028861285,1.970718843415312,1.8257496792806596,1.4453056621542506,True
CCDC112,NEUTRAL,-0.05598361918728066,0.13750352374993502,-0.08076728977250604,0.05673623397742898,-0.10368013050438117,-0.10368013050438168,False
MTND5P28,NEUTRAL,-0.010796145823006833,0.13750352374993502,-0.015575546039566054,0.12192797771036896,-0.03848838677144186,-0.03848838677144219,False
CSNK1E,NEUTRAL,-0.029284712248212545,0.13750352374993502,-0.04224890913435653,0.09525461461557849,-0.06516174986623298,-0.06516174986623298,False
OXSM,NEUTRAL,-0.024204512673282632,0.13750352374993502,-0.03491973040087892,0.1025837933490561,-0.05783257113275452,-0.05783257113275419,False
RPS2P35,NEUTRAL,-0.02524009446889833,0.13750352374993502,-0.03641375912184858,0.10108976462808644,-0.059326599853724946,-0.05932659985372461,False
LARGE-AS1,NEUTRAL,-0.0010218676256133776,0.13750352374993502,-0.0014742433559173998,0.13602928039401763,-0.024387084087793123,-0.02438708408779394,False
ODR4,DCG,-1.0395589123300886,1.4014484345308889,-1.4997664875305436,-0.09831805299965479,-0.2610659105634418,-1.5226793282624194,True
CD300LG,NEUTRAL,0.006941388618135915,0.13750352374993502,0.01001430693626778,0.1475178306862028,-0.012898533795607138,-0.012898533795606815,False
MIR7161,NEUTRAL,-0.046255527162642064,0.13750352374993502,-0.06673261965124845,0.07077090409868657,-0.0896454603831238,-0.08964546038312449,False
SMC4,DSG,0.014569074408815686,1.5025003405291835,0.021018731399940697,1.523519071929124,1.3646411776839453,-0.0018941093319370063,False
TRIM23,NEUTRAL,0.01896761936651281,0.13750352374993502,0.027364490397537494,0.1648680141474725,0.00445164966566287,0.004451649665663508,False
ZNF568,DSG,-0.10101798373443253,1.3362833878644325,-0.14573814417426778,1.1905452436901647,1.0297409379479354,-0.16865098490614502,False
CACTIN-AS1,NEUTRAL,-0.043580385372258376,0.13750352374993502,-0.06287320585658708,0.07463031789334794,-0.08578604658846335,-0.08578604658846387,False
FAM221A,DSG,-0.041146605578365095,1.3315141437165605,-0.059362003817321485,1.272152139899239,1.1157821241535042,-0.0822748445491986,False
ANAPC1P6,NEUTRAL,-0.01717172215618674,0.13750352374993502,-0.02477355839825375,0.11272996535168127,-0.047686399130128725,-0.04768639913012905,False
RNF7P1,NEUTRAL,-0.007946991817288047,0.13750352374993502,-0.011465085684786637,0.1260384380651484,-0.034377926416662485,-0.03437792641666232,False
NCKAP5-AS2,NEUTRAL,-0.0033182577929293773,0.13750352374993502,-0.004787234062250369,0.13271628968768465,-0.02770007479412632,-0.027700074794125992,False
LINC01634,NEUTRAL,0.057157307714828035,0.13750352374993502,0.0824605643907469,0.2199640881406819,0.05954772365887167,0.059547723658871364,False
ZNF256,DSG,-0.04876123380326719,1.4195388915137848,-0.07034759019560087,1.349191301318184,1.1908428910843496,-0.09326043092747714,False
MIR4321,NEUTRAL,0.01384921733280987,0.13750352374993502,0.019980197166238278,0.1574837209161733,-0.00293264356563696,-0.00293264356563696,False
SOCAR,NEUTRAL,0.017144201918301356,0.13750352374993502,0.02473385508753242,0.16223737883746744,0.0018210143556575055,0.0018210143556575055,False
LINC00487,DIG,1.5120437991151028,0.405992359675837,2.1814180905902667,2.5874104502661037,2.424509176922054,2.1585052498583903,True
PRPF31,DSG,0.10798492373948364,1.3267290811511836,0.15578931396972595,1.4825183951209095,1.3229330931063492,0.1328764732378487,False
WDR91,DSG,0.07159125526649994,1.4724877714627438,0.10328434894399535,1.5757721204067392,1.4235436729138626,0.08037150821211768,False
USP38,NEUTRAL,-0.002538945617144845,0.13750352374993502,-0.003662924250941637,0.13384059949899338,-0.02657576498281741,-0.026575764982817246,False
ARPC5,DCG,-1.0488295811774875,1.4550531781267229,-1.5131412355024096,-0.058088057375686786,-0.2180182326335684,-1.536054076234287,True
ZKSCAN5,DSG,0.026425420750299904,1.3122779248536431,0.038123823469861984,1.3504017483235051,1.189959713596544,0.015210982737985788,False
CNPPD1,NEUTRAL,-0.06998743673834096,0.13750352374993502,-0.10097052790693456,0.03653299584300046,-0.12388336863880994,-0.12388336863880994,False
BTF3P5,DIG,1.5044961717807828,0.5525410230287789,2.1705291660645654,2.7230701890933444,2.5661367296558377,2.1476163253326885,True
RN7SL861P,DCG,-1.0536280532052444,1.4329594072761063,-1.520063967300699,-0.08710456002459277,-0.24796882789759017,-1.5429768080325537,True
IRGC,DIG,-1.1314413381261308,0.5525410230287789,-1.632324807571342,-1.0797837845425629,-1.2521966053502562,-1.6552376483032083,True
CTNNBIP1,NEUTRAL,-0.02956230815363016,0.13750352374993502,-0.0426493953704736,0.09485412837946142,-0.06556223610235035,-0.06556223610235035,False
HCAR1,DIG,-0.9280684300872462,0.4240262825060986,-1.3389197216924758,-0.9148934391863772,-1.07424222139366,-1.3618325624243512,True
LRRC37A15P,NEUTRAL,-0.03621924473729451,0.13750352374993502,-0.05225332476723848,0.08525019898269653,-0.07516616549911412,-0.07516616549911379,False
TMEM94,DCG,-0.810464651697343,1.132028393683784,-1.1692533338195579,-0.03722494013577382,-0.19980840322348567,-1.1921661745514336,True
CCDC90B,DIG,1.4345906740695653,0.45943161863729726,2.0696768511857173,2.5291084698230146,2.3753666244129557,2.046764010453839,True
RBMS2,DIG,-0.6361802397535647,0.5109619192773794,-0.9178140770040196,-0.4068521577266402,-0.5622993854661021,-0.9407269177358957,True
RPL10AP6,NEUTRAL,0.0025363807848262014,0.13750352374993502,0.003659223980074818,0.14116274773000984,-0.01925361675179964,-0.019253616751799804,False
HNRNPA1P22,NEUTRAL,-0.02375379811455412,0.13750352374993502,-0.03426948674214484,0.10323403700779019,-0.057182327474020064,-0.05718232747402023,False
CANT1,DCG,-0.8671222943370774,1.185866545311334,-1.2509930338843618,-0.06512648857302783,-0.2238473768950751,-1.273905874616238,True
NFIA-AS1,DIG,0.6071447496104851,0.3692338096657191,0.8759247193648184,1.2451585290305376,1.0749433922233256,0.8530118786329407,True
LINC02481,NEUTRAL,-0.029156967262486896,0.13750352374993502,-0.0420646120769517,0.09543891167298332,-0.06497745280882676,-0.06497745280882676,False
CPEB2-DT,NEUTRAL,0.01339489242835421,0.13750352374993502,0.019324744879627744,0.15682826862956276,-0.0035880958522477237,-0.0035880958522474023,False
TSGA10IP,DIG,1.3267465660111462,0.4240262825060986,1.9140906913007423,2.338116973806841,2.1872776716124758,1.8911778505688637,True
NUDT22,DIG,1.37411730881184,0.5109619192773794,1.9824322270225299,2.4933941462999094,2.3418184870733425,1.9595193862906537,True
C1D,DIG,1.2552111649268212,0.4768136968655339,1.8108869229083837,2.2877006197739176,2.135468979387678,1.7879740821765076,True
WDR55,DIG,-1.3801230354764447,0.3877301532831085,-1.9910966590984895,-1.603366505815381,-1.7675510152926113,-2.0140094998303653,True
LINC01736,DCG,-1.035010264591287,1.3968901525685844,-1.4932041759950239,-0.09631402342643947,-0.25564987210408846,-1.5161170167268965,True
AXL,DIG,0.6224318131984709,0.53605290024021,0.8979792901929595,1.4340321904331694,1.2667414542489677,0.8750664494610825,True
AARSD1,NEUTRAL,0.01269744503718062,0.13750352374993502,0.01831854098710066,0.1558220647370357,-0.004594299744776238,-0.004594299744775917,False
WDR24,DCG,-0.9445354171200135,1.2927817492278462,-1.3626765622230321,-0.06989481299518596,-0.23295746591023966,-1.3855894029549085,True
NBAT1,DSG,0.012168973243271158,1.2172307162206693,0.017556117350777785,1.2347868335714471,1.0768948613768088,-0.005356723381097653,False
RPS20P21,DCG,-0.8514879818336476,1.126532405928932,-1.2284374887679552,-0.10190508283902333,-0.25972552902782436,-1.2513503294998316,True
METTL22,DCG,-0.8227250238522396,1.2878662588137295,-1.1869413119268801,0.10092494688684939,-0.06372603878111524,-1.209854152658756,True
ZNF302,DSG,-0.03737801251624261,1.1099176920780351,-0.05392507329546882,1.0559926187825663,0.8981122832193759,-0.07683791402734516,False
MDN1,DIG,1.3429947848755999,0.45943161863729726,1.9375319160797684,2.3969635347170657,2.2338440546793965,1.9146190753478918,True
FABP7,DIG,-1.1107887104245238,0.560714954474479,-1.6025293640049074,-1.0418144095304283,-1.1966984659442426,-1.6254422047367847,True
HNRNPA1P4,DCG,-0.7441990247939784,1.1699250014423124,-1.0736522425046753,0.09627275893763709,-0.06671422617526696,-1.0965650832365514,True
HRH2,DIG,1.7194727130980725,0.49398884067366594,2.4806747561304805,2.9746635968041466,2.811591066580703,2.4577619153986037,True
PUM1,NEUTRAL,0.03579023467976857,0.13750352374993502,0.05163439408475432,0.18913791783468933,0.028721553352880277,0.02872155335287902,False
TM9SF3,NEUTRAL,-0.014968637387463186,0.13750352374993502,-0.02159517892775827,0.11590834482217675,-0.044508019659634336,-0.04450801965963466,False
GPD1,DIG,-0.6203679619741793,0.5109619192773794,-0.8950017822665415,-0.38403986298916204,-0.5536287267917847,-0.9179146229984172,True
RNY1P16,NEUTRAL,0.009051662394439794,0.13750352374993502,0.01305878844825941,0.15056231219819444,-0.009854052283615711,-0.009854052283616032,False
LAMC2,DCG,-0.9998140321814902,1.1210154009613662,-1.4424267460394344,-0.32141134507806823,-0.4794183859197505,-1.4653395867713106,True
DUSP7,NEUTRAL,0.06122179049246859,0.13750352374993502,0.08832437353782753,0.22582789728776254,0.06541153280595359,0.06541153280595266,False
PCBP3,DSG,0.14397925280328716,-0.7369655941662062,0.20771815401020077,-0.5292474401560054,-0.6896638046378168,0.1848053132783245,False
DOCK4-AS1,DIG,-1.0426948173871857,0.5109619192773794,-1.5042906422051163,-0.9933287229277369,-1.1479982006630183,-1.5272034829369876,True
RBM18,NEUTRAL,-0.04238117791747812,0.13750352374993502,-0.06114311520857853,0.07636040854135649,-0.08405595594045476,-0.08405595594045494,False
KCNN4,DIG,1.3022763780131903,0.53605290024021,1.8787876724264707,2.4148405726666806,2.237659938093246,1.8558748316945928,True
MIR2117HG,NEUTRAL,-0.03392105394083555,0.13750352374993502,-0.04893773630217048,0.08856578744776454,-0.07185057703404557,-0.07185057703404524,False
WASF1,DIG,1.1021405216728506,0.49398884067366594,1.5900526649801967,2.084041505653863,1.9328809120753705,1.5671398242483208,True
SNX5P1,DIG,-0.9612169927128011,0.3692338096657191,-1.3867429886049611,-1.017509178939242,-1.1707433430756018,-1.409655829336837,True
AKR1C2,DCG,-0.914066048948142,1.3877301532831086,-1.318718555862453,0.06901159742065555,-0.09956768192235392,-1.3416313965943283,True
STK4,DCG,-0.8549258971384842,1.132028393683784,-1.2333973521292392,-0.10136895844545513,-0.25892390269742993,-1.2563101928611153,True
LINC02610,NEUTRAL,-0.0199298770018817,0.13750352374993502,-0.028752734716141728,0.10875078903379329,-0.0516655754480175,-0.051665575448017836,False
NELL1,DIG,1.298314521140225,0.405992359675837,1.873071921163132,2.279064280838969,2.1259430044386383,1.8501590804312558,True
CEP295NL,DCG,-0.9398105004704104,1.485426827170242,-1.355859948404036,0.1295668787662061,-0.03232184248260259,-1.3787727891359114,True
RN7SKP176,NEUTRAL,0.002903972022902046,0.13750352374993502,0.0041895460363210735,0.1416930697862561,-0.018723294695555427,-0.01872329469555559,False
ING2,NEUTRAL,-0.033890552867066985,0.13750352374993502,-0.04889373255430278,0.08860979119563224,-0.07180657328617836,-0.07180657328617852,False
SUOX,DIG,1.2021991086993513,0.4329594072761063,1.734406692281686,2.1673660995577926,2.0012737653703443,1.7114938515498102,True
PROSER2-AS1,DCG,-1.0162375691360044,1.4284997590854065,-1.4661209013575687,-0.03762114227216218,-0.20248270129730495,-1.489033742089445,True
ACTR6,NEUTRAL,-0.0010551312849873039,0.13750352374993502,-0.001522232672337983,0.13598129107759704,-0.024435073404214143,-0.024435073404214143,False
BANK1,NEUTRAL,-0.05011933725302757,0.13750352374993502,-0.07230691930758436,0.06519660444235066,-0.09521976003946026,-0.09521976003946077,False
RPLP1P6,DIG,1.581370933308755,0.3968901525685844,2.2814360032904926,2.678326155859077,2.5277968359632115,2.258523162558615,True
LINC02482,NEUTRAL,-0.018286366014258985,0.13750352374993502,-0.026381649564651916,0.1111218741852831,-0.049294490296527514,-0.04929449029652735,False
VSTM5,NEUTRAL,-0.030496239869953038,0.13750352374993502,-0.043996774026141536,0.09350674972379348,-0.06690961475801636,-0.0669096147580167,False
TNS1-AS1,NEUTRAL,0.0324674858844399,0.13750352374993502,0.04684068087561386,0.18434420462554887,0.023927840143738676,0.023927840143738048,False
DCAKD,NEUTRAL,-0.02117586048387823,0.13750352374993502,-0.03055030890664769,0.10695321484328733,-0.0534631496385221,-0.05346314963852193,False
NFKBID,DSG,-0.1105099465157128,-0.7369655941662062,-0.15943215180712345,-0.8963977459733297,-1.0568141104551405,-0.18234499253899952,False
RNU6-343P,DIG,-1.7061027719056392,0.44183755862255913,-2.46138600827518,-2.0195484496526213,-2.1888877011145387,-2.4842988490070463,True
DPRXP3,DIG,-0.9774704011258251,0.405992359675837,-1.4101917003199738,-1.0041993406441367,-1.1665700605470117,-1.4331045410518313,True
MEI4,DIG,-0.7087736288331314,0.3968901525685844,-1.0225441994304336,-0.6256540468618492,-0.7893999692209303,-1.0454570401623076,True
EEF1A1P16,DIG,1.465968601833386,0.49398884067366594,2.1149456319639532,2.6089344726376194,2.4563504424751033,2.0920327912320746,True
ABCA4,NEUTRAL,0.029082707161825462,0.13750352374993502,0.041957477397991536,0.17946100114792657,0.01904463666611547,0.019044636666115153,False
ELN,DSG,0.17735150155982418,1.1154772174199363,0.2558641317945696,1.371341349214506,1.2070405154798083,0.23295129106269363,True
GLMP,DCG,-0.7379785877450985,1.2580163310671693,-1.0646780488220944,0.19333828224507488,0.03384059940510029,-1.087590889553971,True
DSG2,NEUTRAL,0.0362326205962944,0.13750352374993502,0.05227262205268525,0.18977614580262026,0.029359781320809734,0.029359781320809734,False
SLC25A39,NEUTRAL,0.0006151554489073789,0.13750352374993502,0.0008874817155144996,0.13839100546544952,-0.022025359016362114,-0.02202535901636244,False
SLC17A5,DIG,1.6305652967372148,0.4768136968655339,2.352408467448421,2.829222164313955,2.6688675541187843,2.329495626716544,True
TRIM62,NEUTRAL,-0.006586140436864212,0.13750352374993502,-0.00950179214686227,0.12800173160307274,-0.03241463287873869,-0.032414632878738366,False
MIR5685,DSG,-0.05144716415242194,1.4594316186372973,-0.07422256859049958,1.3852090500467977,1.2276498327661287,-0.09713540932237509,False
TRAF4,DSG,-0.03385039511345766,1.5193741590935794,-0.04883579716231737,1.470538361931262,1.3116981441770499,-0.07174863789419411,False
GRIK1,DIG,1.033876892810597,0.44183755862255913,1.4915690661475387,1.9334066247700978,1.771560131948263,1.468656225415661,True
KLHDC8B,NEUTRAL,-0.08386475831809864,0.13750352374993502,-0.12099127093087235,0.01651225281906267,-0.1439041116627473,-0.14390411166274678,False
TMEM86B,DSG,-0.023956078411614793,1.4374053123072983,-0.03456131552358382,1.4028439967837145,1.243516758338666,-0.057474156255460325,False
GPR180,DIG,-0.6107537567277647,0.405992359675837,-0.8811314160354505,-0.4751390563596135,-0.6241522956483415,-0.904044256767326,True
TMEM140,DSG,-0.07749386121213771,1.373880174522084,-0.11180000927008867,1.2620801652519955,1.1024867148589006,-0.13471285000196637,False
ERVH48-1,DIG,-1.664157315792751,0.4681488357384065,-2.4008715067532904,-1.932722671014884,-2.086215169252568,-2.4237843474851593,True
TMEM131,DIG,-1.2144166090771698,0.4768136968655339,-1.7520328194888237,-1.2752191226232898,-1.4370469157998695,-1.7749456602206999,True
SORCS1,NEUTRAL,-0.02997731487383441,0.13750352374993502,-0.04324812350764787,0.09425540024228715,-0.06616096423952339,-0.06616096423952322,False
ADGRG7,DIG,1.2016878794742132,0.4240262825060986,1.7336691444138217,2.1576954269199202,2.001762304591278,1.7107563036819458,True
LSM11,DIG,-0.7419551655819508,0.4681488357384065,-1.0704150379470303,-0.6022662022086238,-0.7586253878189498,-1.0933278786789071,True
NDUFA12,DIG,-1.4583123246405374,0.5277376320282061,-2.1038999588261595,-1.5761623267979534,-1.7367941482395293,-2.1268127995580364,True
RRH,NEUTRAL,-0.02136684034975131,0.13750352374993502,-0.03082583461205242,0.1066776891378826,-0.05373867534392747,-0.05373867534392797,False
ZNF667,DSG,0.03579561958462266,-0.7369655941662062,0.05164216286028296,-0.6853234313059232,-0.8457397957877351,0.028729322128405746,False
C17orf78,DIG,-1.3745425038804833,0.5193741590935794,-1.983045653839472,-1.4636714947458926,-1.62915919044817,-2.005958494571333,True
URGCP,DSG,-0.08229897243018851,1.4418375586225591,-0.11873231939529048,1.3231052392272686,1.1565392550292195,-0.14164516012716594,False
CDC42P3,DCG,2.0794415416798357,-3.321928094887362,3.0,-0.3219280948873622,-0.4823444593691701,2.977087159268123,True
E2F2,NEUTRAL,0.016583656488335735,0.13750352374993502,0.023925158975528046,0.16142868272546307,0.0010123182436534755,0.0010123182436528352,False
DAB1,DIG,-1.1938004013426233,0.35989594508638295,-1.722289918828257,-1.362393973741874,-1.5249362368340322,-1.7452027595601323,True
SSTR2,DCG,-0.9456951356387657,1.3831282513240999,-1.364349682378863,0.018778568945236884,-0.15142122012036882,-1.3872625231107385,True
MIR492,DIG,1.0037075575586891,0.5193741590935794,1.4480439157926948,1.9674180748862742,1.8081510964168341,1.4251310750608173,True
LHFPL2,NEUTRAL,-0.07303354024676745,0.13750352374993502,-0.10536512633257591,0.032138397417359105,-0.12827796706445146,-0.1282779670644513,False
DRAXIN,NEUTRAL,0.023537855871883905,0.13750352374993502,0.03395794793952608,0.1714614716894611,0.011045107207651492,0.011045107207651174,False
RNMT,DIG,1.230825263417498,0.45943161863729726,1.7757055037332767,2.235137122370574,2.0682599389449603,1.752792663001401,True
FAHD1,DCG,-0.9415511860731373,1.3122779248536431,-1.3583712268908368,-0.04609330203719364,-0.2093635636599306,-1.381284067622714,True
CNIH3,DCG,-0.822465657455594,1.232660756790275,-1.1865671253126664,0.04609363147760859,-0.10814611970996633,-1.2094799660445414,True
AKIP1,NEUTRAL,0.019425252018771457,0.13750352374993502,0.02802471475549991,0.16552823850543494,0.005111874023625224,0.005111874023624905,False
HMGXB3,DIG,1.3018274124279339,0.5109619192773794,1.8781399520030915,2.389101871280471,2.2261612043768375,1.855227111271213,True
SMARCE1,DIG,-1.3638715061728994,0.4506614090095652,-1.9676506583654032,-1.516989249355838,-1.6722802010829307,-1.990563499097279,True
HS1BP3,DIG,1.6636381469917019,0.4854268271702419,2.4001225044986327,2.8855493316688747,2.7157354913017806,2.3772096637667555,True
ELMOD3,DIG,-1.0813305773637825,0.5025003405291834,-1.5600302615243287,-1.0575299209951452,-1.2083427872586243,-1.5829431022562066,True
WDR45P1,NEUTRAL,0.016538342486247026,0.13750352374993502,0.023859784689431836,0.16136330843936686,0.0009469439575547128,0.000946943957555033,False
AMPD3,NEUTRAL,0.0027207059714916483,0.13750352374993502,0.0039251490127879905,0.141428672762723,-0.018987691719088137,-0.018987691719088297,False
RRP15,DCG,-0.8532129817219063,1.2529807411698708,-1.23092613755228,0.022054603617590818,-0.1453075265777859,-1.2538389782841575,True
CSDC2,NEUTRAL,0.009438876929360105,0.13750352374993502,0.01361742093754907,0.15112094468748408,-0.009295419794326215,-0.009295419794325731,False
SMAD5-AS1,NEUTRAL,0.013495047992218796,0.13750352374993502,0.01946923881493262,0.15697276256486764,-0.0034436019169428417,-0.0034436019169431626,False
PNOC,NEUTRAL,0.024262789051288012,0.13750352374993502,0.03500380544242825,0.17250732919236328,0.012090964710551861,0.012090964710552179,False
ZNF845,DSG,-0.0944696949807002,-0.7369655941662062,-0.13629096046294917,-0.8732565546291554,-1.0336729191109675,-0.15920380119482613,False
MTHFD1L,DIG,-0.5855426834641334,0.4506614090095652,-0.8447595256625213,-0.39409811665295613,-0.5479855982956386,-0.8676723663943982,True
NFIA-AS2,DIG,0.7653772761778657,0.45943161863729726,1.1042060007509094,1.5636376193882067,1.3986137653119743,1.0812931600190343,True
PMS2P1,DSG,0.021792814239317015,-0.7369655941662062,0.031440385030077046,-0.7055252091361291,-0.8659415736179394,0.008527544298201255,False
CCT7,DIG,-1.4355379491499576,0.5193741590935794,-2.0710434802465567,-1.5516693211529773,-1.709801677406082,-2.093956320978432,True
RPS15P5,NEUTRAL,0.01810172633005616,0.13750352374993502,0.0261152708079012,0.16361879455783623,0.0032024300760245057,0.0032024300760245057,False
LAMA4-AS1,DIG,0.9249376817977393,0.53605290024021,1.3344030066609325,1.8704559069011424,1.7131897903715936,1.3114901659290576,True
MIR6513,NEUTRAL,0.010981557132569764,0.13750352374993502,0.015843038016397224,0.15334656176633224,-0.0070698027154789045,-0.007069802715478583,False
TLL1,NEUTRAL,0.000534007344641618,0.13750352374993502,0.0007704097479127458,0.13827393349784778,-0.022142430983962222,-0.02214243098396206,False
RPL21P75,DSG,0.039168118551553326,1.1043366598147357,0.056507650395277,1.1608443102100128,1.00093230001417,0.033594809663400116,False
UBE3B,NEUTRAL,0.03427098827302527,0.13750352374993502,0.04944258482785738,0.1869461085777924,0.026529744095982327,0.02652974409598201,False
NCAM2,DIG,1.1058717605288133,0.44183755862255913,1.5954357047740664,2.0372732633966253,1.8839184427619071,1.5725228640421898,True
CERKL,NEUTRAL,-0.044921593963137565,0.13750352374993502,-0.06480816083944617,0.07269536291048885,-0.0877210015713209,-0.0877210015713209,False
MIR711,NEUTRAL,-0.02884143936472401,0.13750352374993502,-0.04160940154358707,0.09589412220634795,-0.06452224227546245,-0.06452224227546295,False
TNFSF18,DCG,-0.9298367096648376,1.175258445745353,-1.3414708098699721,-0.16621236412461915,-0.31963742039817356,-1.3643836506018465,True
SLC25A21,DIG,1.1594749431219338,0.4681488357384065,1.6727687504770268,2.1409175862154335,1.9866256038382955,1.6498559097451504,True
SF3A3P2,NEUTRAL,0.020181900433012566,0.13750352374993502,0.029116327670422056,0.16661985142035707,0.0062034869385468126,0.006203486938546493,False
NOS2,DSG,0.0932878829049625,1.2377676472233639,0.1345859660420197,1.3723536132653835,1.2056311856640116,0.111673125310142,False
TMPPE,NEUTRAL,-0.038446393080266365,0.13750352374993502,-0.05546642063696804,0.08203710311296697,-0.0783792613688428,-0.07837926136884212,False
CLPSL1,DIG,0.8569642510516933,0.6166713604484945,1.2363380752114026,1.8530094356598972,1.7090862581517983,1.2134252344795247,True
NXNL1,DIG,1.193004546573116,0.45943161863729726,1.721141743099021,2.180573361736318,2.005727026213697,1.6982289023671464,True
GRB14,NEUTRAL,0.024001556528610628,0.13750352374993502,0.03462692657744268,0.1721304503273777,0.011714085845566245,0.011714085845565927,False
LINC00384,NEUTRAL,0.010345222449745511,0.13750352374993502,0.014925001125141023,0.15242852487507605,-0.007987839606734624,-0.007987839606734142,False
ZNF346-IT1,DIG,-0.7908469967296564,0.44183755862255913,-1.1409510402838057,-0.6991134816612465,-0.8656238328034542,-1.1638638810156798,True
EIF2AK2,DIG,1.2765761346465847,0.405992359675837,1.8417100587718294,2.247702418447666,2.0868229551994384,1.8187972180399519,True
GRAMD4,NEUTRAL,-0.007276726251813047,0.13750352374993502,-0.010498096877397218,0.1270054268725378,-0.03341093760927315,-0.033410937609273314,False
ZEB2,NEUTRAL,-0.05931912992012945,0.13750352374993502,-0.08557941456561889,0.05192410918431613,-0.10849225529749554,-0.10849225529749536,False
ZC3H7B,NEUTRAL,0.03170744275860525,0.13750352374993502,0.04574417042711047,0.1832476941770455,0.022831329695235648,0.022831329695235016,False
OTOF,DIG,-1.6379338268360992,0.4240262825060986,-2.3630390092807225,-1.939012726774624,-2.1018685484186164,-2.3859518500125976,True
DNAI1,DIG,-1.373522349220274,0.4329594072761063,-1.9815738817702484,-1.5486144744941421,-1.7075672114392337,-2.004486722502125,True
HNRNPAB,DIG,1.6135787415241025,0.4854268271702419,2.327902048480677,2.813328875650919,2.6478937554429227,2.304989207748801,True
SYMPK,DIG,0.8029995608078958,0.3968901525685844,1.158483484213567,1.5553736367821513,1.3867861262530758,1.1355706434816903,True
POMP,NEUTRAL,0.02967069038029733,0.13750352374993502,0.042805757871406835,0.18030928162134185,0.0198929171395319,0.0198929171395319,False
GFRA2,NEUTRAL,-0.023450701701179914,0.13750352374993502,-0.03383221104965864,0.10367131270027638,-0.056745051781533544,-0.05674505178153371,False
CCNQP3,NEUTRAL,-0.03364987580883365,0.13750352374993502,-0.0485465089559338,0.08895701479400123,-0.07145934968780991,-0.07145934968781008,False
RPSAP41,DIG,-0.6159245736656865,0.3968901525685844,-0.8885913279891351,-0.4917011754205507,-0.652506335936752,-0.911504168721011,True
LINC00431,DIG,1.1772931760089642,0.3968901525685844,1.6984750267005502,2.095365179269135,1.9400860600684289,1.6755621859686738,True
UHRF1,NEUTRAL,0.057595015467623974,0.13750352374993502,0.08309204319506425,0.22059556694499927,0.06017920246318932,0.060179202463189016,False
HERPUD2,DSG,-0.11468675879560179,1.4014484345308889,-0.1654580181700434,1.2359904163608455,1.0732892343477454,-0.18837085890191926,False
HTD2,NEUTRAL,0.056104046260166754,0.13750352374993502,0.08094102931334757,0.2184445530632826,0.05802818858147172,0.05802818858147203,False
PRSS23,DIG,-0.6051041734992023,0.3877301532831085,-0.8729807903285142,-0.48525063704540566,-0.6387956177221756,-0.8958936310603894,True
OR2AE1,DSG,0.02429559689950266,1.3122779248536431,0.03505113716234976,1.347329062015993,1.190133603323112,0.012138296430474435,False
TMOD3,NEUTRAL,-0.001089362906960278,0.13750352374993502,-0.0015716184635999782,0.13593190528633503,-0.024484459195474925,-0.02448445919547525,False
ARFIP1,NEUTRAL,0.02520794155982376,0.13750352374993502,0.036367372279376545,0.17387089602931155,0.013454531547500682,0.013454531547501,False
ZNF664,NEUTRAL,-0.03688757367555666,0.13750352374993502,-0.05321751961215187,0.08428600413778314,-0.07613036034402748,-0.076130360344028,False
KRT8P29,DCG,-0.8716691681319414,1.341036917835067,-1.25755278615976,0.083484131675307,-0.08361926852947714,-1.2804656268916192,True
TIAM2,DIG,0.6621486906557202,0.3692338096657191,0.955278632340128,1.3245124420058472,1.170924008220328,0.9323657916082502,True
C11orf52,NEUTRAL,-0.0074563912829269,0.13750352374993502,-0.010757298726806336,0.12674622502312868,-0.03367013945868251,-0.03367013945868251,False
CLCA3P,NEUTRAL,-0.018152522750405443,0.13750352374993502,-0.02618855455163402,0.111314969198301,-0.04910139528350916,-0.04910139528350916,False
MTMR12,DCG,-0.9001264470562502,1.3171110785895865,-1.2986079613410544,0.018503117248532153,-0.13755409373905156,-1.3215208020729308,True
ANKRD12,NEUTRAL,0.044731824184957636,0.13750352374993502,0.06453438092155538,0.2020379046714904,0.041621540189679375,0.04162154018967906,False
DNALI1,NEUTRAL,-0.007319441806352763,0.13750352374993502,-0.010559722396100488,0.12694380135383454,-0.03347256312797513,-0.03347256312797496,False
CYREN,DSG,0.09384015460532766,1.3171110785895865,0.13538272568535983,1.4524938042749465,1.3002720199588356,0.11246988495348352,False
GLT8D2,NEUTRAL,0.034027258268617966,0.13750352374993502,0.04909095675918312,0.18659448050911814,0.026178116027306245,0.02617811602730656,False
MAGOH2P,NEUTRAL,0.05433479095898936,0.13750352374993502,0.07838853346427244,0.21589205721420746,0.05547569273239765,0.05547569273239765,False
RSPO4,DSG,0.03629841641036981,-3.321928094887362,0.05236754534736309,-3.269560549539999,-3.4299769140218093,0.02945470461548665,False
SULF1,DCG,-0.882291842454727,1.1699250014423124,-1.2728780657262213,-0.10295306428390893,-0.2667674141411151,-1.2957909064580975,True
RHBG,DCG,2.0794415416798357,-3.321928094887362,3.0,-0.3219280948873622,-0.48234445936917275,2.9770871592681245,True
DERL1,DCG,-0.8786664222335133,1.2428565238961637,-1.2676476899519378,-0.024791166055774028,-0.1903719123814248,-1.290560530683814,True
HRNR,DCG,-0.906028480427102,1.3219280948873624,-1.3071227956163434,0.014805299271019035,-0.141240782953794,-1.330035636348219,True
STON1,DIG,-0.9985295282236332,0.5849625007211562,-1.440573598549432,-0.8556110978282757,-1.0082406952556358,-1.463486439281309,True
LOXL4,NEUTRAL,-0.0748302256854271,0.13750352374993502,-0.10795719550496763,0.02954632824496739,-0.13087003623684199,-0.13087003623684235,False
MYO1A,DIG,-1.3228856073118647,0.5277376320282061,-1.9085205053322118,-1.3807828733040057,-1.5381621325052548,-1.931433346064083,True
TMEM70,DCG,-0.8770920557010758,1.1699250014423124,-1.2653763591630487,-0.09545135772073632,-0.2592296123089643,-1.2882891998949235,True
BIVM,DIG,-1.448104750886914,0.3877301532831085,-2.089173542792299,-1.7014433895091903,-1.8534126156158828,-2.112086383524175,True
PIAS1,NEUTRAL,0.01808984443764937,0.13750352374993502,0.026098128860649546,0.16360165261058457,0.0031852881287722863,0.0031852881287722863,False
CCL19,DIG,1.1525511437630038,0.4506614090095652,1.6627798194777883,2.1134412284873534,1.9559909358018681,1.639866978745912,True
MFSD12,NEUTRAL,0.012149061510989021,0.13750352374993502,0.017527390793358837,0.15503091454329385,-0.005385449938516153,-0.005385449938516315,False
TRAPPC2B,DSG,0.09120919372988151,1.4240262825060985,0.1315870514775808,1.5556133339836793,1.3955098269140134,0.10867421074570388,False
MOB4P1,DIG,-0.5957425119722616,0.37851162325372983,-0.8594747676691158,-0.48096314441538596,-0.6367992059035983,-0.8823876084009886,True
INHA,NEUTRAL,-0.032474816703050094,0.13750352374993502,-0.04685125701126845,0.09065226673866657,-0.06976409774314497,-0.06976409774314497,False
SERPINH1,DIG,-1.3851759463519224,0.4681488357384065,-1.9983864685605954,-1.530237632822189,-1.682662653484683,-2.0212993092924734,True
NYNRIN,DIG,1.2587102950307736,0.3877301532831085,1.8159351005567812,2.2036652538398895,2.0423525649263663,1.7930222598249048,True
CNNM3,DIG,0.7542509701807525,0.35049724708413343,1.088154134265461,1.4386513813495945,1.2826326711793183,1.0652412935335844,True
SRGAP3,DIG,-0.9689772923638005,0.45943161863729726,-1.3979387344272702,-0.9385071157899729,-1.0999634086717573,-1.4208515751591482,True
DPRXP4,DIG,-0.7677228572521083,0.4681488357384065,-1.1075899589347222,-0.6394411231963157,-0.8047812781904592,-1.130502799666596,True
RNASE4,DIG,-1.2955162200832155,0.4329594072761063,-1.86903482610527,-1.4360754188291638,-1.6006737278848422,-1.891947666837146,True
INSIG2,NEUTRAL,-0.015284073778391827,0.13750352374993502,-0.022050257444666932,0.11545326630526809,-0.0449630981765441,-0.044963098176544265,False
PLEKHM3,NEUTRAL,0.011922186848502157,0.13750352374993502,0.01720007984288568,0.1547036035928207,-0.005712760888991394,-0.005712760888991234,False
CEBPZOS,DIG,-1.1780364380055328,0.415037499278844,-1.699547327097081,-1.284509827818237,-1.4449370469476188,-1.7224601678289573,True
RPS3AP20,NEUTRAL,0.020158446124458544,0.13750352374993502,0.02908249025578369,0.1665860140057187,0.0061696495239083994,0.006169649523907762,False
GTF2F2P1,NEUTRAL,-0.004486005887313705,0.13750352374993502,-0.006471938447026176,0.13103158530290884,-0.029384779178901886,-0.029384779178901723,False
ETAA1,DIG,0.9090737059375703,0.5193741590935794,1.3115161273586846,1.830890286452264,1.6757436129623577,1.288603286626808,True
AIDA,DCG,2.0794415416798357,-3.321928094887362,3.0,-0.3219280948873622,-0.482344459369173,2.977087159268125,True
ERP44,NEUTRAL,-0.017853505465454764,0.13750352374993502,-0.025757163797495593,0.11174635995243942,-0.04867000452937141,-0.04867000452937141,False
ROPN1L,DCG,-1.014264047693511,1.3923174227787602,-1.4632737117593955,-0.07095628898063522,-0.21951472452682677,-1.486186552491272,True
TP63,DSG,0.03143727725975901,1.415037499278844,0.04535440400170571,1.4603919032805497,1.2969796316361897,0.022441563269828373,False
AUP1,DIG,0.6342173540912686,0.5688428353578793,0.9149822315931929,1.4838250669510722,1.3208611766254577,0.8920693908613148,True
ZNF576,DIG,-1.381057414812126,0.5688428353578793,-1.9924446835323861,-1.4236018481745067,-1.5939043118008276,-2.015357524264264,True
HNRNPA1P51,NEUTRAL,0.0074630117041123364,0.13750352374993502,0.01076684997561916,0.14827037372555418,-0.012145990756257236,-0.012145990756257398,False
NDUFA9,DSG,0.06182257347434045,1.0931094043914815,0.08919112016642454,1.1823005245579061,1.0242582812741863,0.06627827943454885,False
COG2,DCG,0.8533506384321171,-0.7369655941662062,1.2311247342054463,0.4941591400392401,0.3337427755574284,1.2082118934735697,True
SCAF11,DIG,0.6417009836365416,0.4854268271702419,0.9257788268260084,1.4112056539962503,1.2534458122887595,0.9028659860941309,True
SLC26A7,DCG,-1.0449906302206808,1.4418375586225591,-1.507602799994809,-0.06576524137224982,-0.21989639223541596,-1.5305156407266858,True
SLC7A2,NEUTRAL,-0.025758901306008636,0.13750352374993502,-0.0371622391729269,0.10034128457700811,-0.0600750799048035,-0.06007507990480333,False
RSPRY1,NEUTRAL,0.012088647788149148,0.13750352374993502,0.017440232215016113,0.15494375596495114,-0.005472608516859817,-0.005472608516860782,False
NKAPD1,NEUTRAL,-0.01185473478459671,0.13750352374993502,-0.017102767084791567,0.12040075666514345,-0.04001560781666799,-0.040015607816667666,False
HSPH1,NEUTRAL,0.009236058256951613,0.13750352374993502,0.013324815444665655,0.15082833919460067,-0.009588025287210988,-0.009588025287211149,False
RELL1,NEUTRAL,-0.0307280100860113,0.13750352374993502,-0.04433114776747455,0.09317237598246048,-0.06724398849935115,-0.06724398849935065,False
PTPRZ1,DIG,1.7228201135026542,0.5025003405291834,2.48550403409404,2.9880043746232237,2.8339444894508334,2.4625911933621647,True
POLK,NEUTRAL,-0.006012017110769745,0.13750352374993502,-0.008673507271447105,0.1288300164784879,-0.031586348003322995,-0.03158634800332283,False
ANO5,DIG,1.650919490235316,0.560714954474479,2.381773361469426,2.942488315943905,2.7853983897885426,2.3588605207375477,True
UNC13A,DIG,1.4549928138761195,0.49398884067366594,2.099110917108156,2.5930997577818222,2.4333024345039598,2.076198076376279,True
SMOC1,NEUTRAL,-0.02302641974775882,0.13750352374993502,-0.033220101579519344,0.10428342217041567,-0.05613294231139399,-0.056132942311393826,False
SUMO2P19,DCG,-0.977734198917733,1.3645724322958561,-1.4105722800861569,-0.04599984779030075,-0.20737821560573055,-1.4334851208180244,True
GATA6,NEUTRAL,-0.044214744117051286,0.13750352374993502,-0.06378839207184436,0.07371513167809066,-0.08670123280371886,-0.08670123280371919,False
AJUBA,DIG,-1.550527163738714,0.49398884067366594,-2.2369378498894723,-1.7429490092158064,-1.9120708704426987,-2.259850690621349,True
PNMA8B,DIG,0.8179391595537738,0.4681488357384065,1.180036769237116,1.6481856049755226,1.4769533593469244,1.1571239285052397,True
RNU6-856P,NEUTRAL,-0.017960680607895362,0.13750352374993502,-0.025911784844001213,0.11159173890593381,-0.04882462557587758,-0.048824625575877086,False
ZNF2,DIG,1.6413664294577768,0.4854268271702419,2.367991208060359,2.853418035230601,2.696659190021353,2.3450783673284836,True
CSDE1,NEUTRAL,-0.002775071042161378,0.13750352374993502,-0.004003581230640788,0.13349994251929423,-0.026916421962517464,-0.026916421962517954,False
EFCAB6-AS1,NEUTRAL,0.0038544585378337054,0.13750352374993502,0.005560808217844812,0.14306433196777985,-0.01735203251403024,-0.017352032514030075,False
RSC1A1,NEUTRAL,0.03185311793608184,0.13750352374993502,0.04595433528323656,0.18345785903317158,0.02304149455136152,0.023041494551361837,False
LSS,DSG,0.07231310413043901,1.3785116232537298,0.10432575672027158,1.4828373799740013,1.3276690779491027,0.08141291598839519,False
METTL4,NEUTRAL,0.02886052966056503,0.13750352374993502,0.04163694301872601,0.17914046676866102,0.018724102286849367,0.018724102286849367,False
CLEC4D,DSG,-0.03626549424283286,1.070389327891398,-0.05232004869952222,1.018069279191876,0.8482721351540145,-0.07523288943139714,False
GMCL2,DIG,-0.6426205397138993,0.49398884067366594,-0.9271054658186317,-0.4331166251449658,-0.5956744368200076,-0.9500183065505083,True
FSTL5,NEUTRAL,-0.05534020172743197,0.13750352374993502,-0.07983903459396095,0.057664489155974066,-0.1027518753258372,-0.10275187532583754,False
KRT32,DIG,1.0428941054467136,0.4506614090095652,1.5045781541003054,1.9552395631098705,1.8015899542876594,1.48166531336843,True
RASSF3,DSG,-0.08347971383755526,1.2927817492278462,-0.12043576916827076,1.1723459800595755,1.0142916870328567,-0.143348609900146,False
TEX9,NEUTRAL,-0.07088509917620829,0.13750352374993502,-0.10226558105443806,0.03523794269549696,-0.12517842178631433,-0.12517842178631486,False
IKZF1,DSG,-0.03534799826242743,1.1154772174199363,-0.05099638179855576,1.0644808356213806,0.8999610533518478,-0.07390922253043153,False
RPS26P47,DIG,1.340909830581193,0.44183755862255913,1.9345239628587474,2.3763615214813063,2.2357764690773734,1.911611122126871,True
RPL21P99,DSG,-0.04396948715386322,1.3831282513240999,-0.06343456106730945,1.3196936902567904,1.1598217028194235,-0.08634740179918463,False
NACAP8,DIG,0.8980381531237898,0.5277376320282061,1.2955951900407752,1.8233328220689813,1.666813673111338,1.272682349308898,True
AFAP1-AS1,NEUTRAL,0.0625698816447149,0.13750352374993502,0.09026925795783956,0.2277727817077746,0.06735641722596353,0.06735641722596353,False
LCK,NEUTRAL,-0.045625104820947164,0.13750352374993502,-0.06582311246521962,0.0716804112847154,-0.08873595319709635,-0.08873595319709635,False
SCN2A,NEUTRAL,-0.009686871766706025,0.13750352374993502,-0.013975201859554094,0.12352832189038093,-0.03688804259142861,-0.03688804259142861,False
LINC01291,DIG,0.7527250007113839,0.5109619192773794,1.0859526256794552,1.5969145449568347,1.4360480046810291,1.0630397849475792,True
RBP5,DSG,0.012412071922408414,-0.7369655941662062,0.01790683460961576,-0.7190587595565905,-0.8794751240384016,-0.005006006122260325,False
MLNR,NEUTRAL,0.06007053189919828,0.13750352374993502,0.08666345847453565,0.22416698222447068,0.06375061774265973,0.06375061774265943,False
THAP3,NEUTRAL,0.015425282475555548,0.13750352374993502,0.022253978531795424,0.15975750228173044,-0.000658862200079075,-0.000658862200079075,False
ANKRD11,NEUTRAL,-0.007937580866572884,0.13750352374993502,-0.011451508552859821,0.1260520151970752,-0.03436434928473477,-0.03436434928473559,False
MIR6826,DSG,-0.0005380044467042176,1.1805722456418208,-0.0007761763472363853,1.1797960692945844,1.019737693223728,-0.023689017079111283,False
FPR2,DSG,0.07403953856030278,1.2779847472997656,0.106816475110656,1.3848012224104216,1.219977462707542,0.08390363437877983,False
FN1,NEUTRAL,-0.01984851567359517,0.13750352374993502,-0.028635355131302616,0.10886816861863241,-0.05154819586317721,-0.05154819586317671,False
PDE8A,NEUTRAL,0.013406535592376262,0.13750352374993502,0.019341542414622614,0.15684506616455762,-0.003571298317254,-0.0035712983172538396,False
NCKAP1,DIG,-0.8719333294724448,0.3692338096657191,-1.257933890415699,-0.8887000807499799,-1.0626856165011591,-1.2808467311475744,True
LINC02828,DSG,0.0754159367014333,-3.321928094887362,0.1088021978831538,-3.2131258970042085,-3.373542261485978,0.085889357151278,False
WNT5A,NEUTRAL,-0.03411440209610109,0.13750352374993502,-0.0492166787269371,0.08828684502299791,-0.07212951945881253,-0.07212951945881271,False
PRKAR1B,DSG,0.009368129816696253,-0.7369655941662062,0.013515354428951718,-0.7234502397372545,-0.883866604219066,-0.009397486302924389,False
SERPINB9P1,DIG,1.6603512472544744,0.5277376320282061,2.3953805105478354,2.9231181425760413,2.7697187233735048,2.3724676698159586,True
NCAPH,DIG,-0.7025677904056398,0.49398884067366594,-1.0135910671065331,-0.5196022264328672,-0.6854208281771229,-1.0365039078384104,True
TICAM2,NEUTRAL,-0.028325836698541104,0.13750352374993502,-0.04086554413401586,0.09663797961591916,-0.06377838486589044,-0.06377838486589044,False
DNAJB6P1,NEUTRAL,0.02671081105470587,0.13750352374993502,0.03853555464674626,0.1760390783966813,0.015622713914870214,0.015622713914870214,False
SNAI2,DCG,-1.0378800681305844,1.3968901525685844,-1.4973444273294936,-0.10045427476090918,-0.26140161654754007,-1.5202572680613708,True
RP1L1,NEUTRAL,-0.04052632752579405,0.13750352374993502,-0.05846713174690497,0.07903639200303006,-0.08137997247878048,-0.08137997247878015,False
CFAP410,DSG,0.0139882196610413,1.2630344058337937,0.02018073513584978,1.2832151409696435,1.12349125161416,-0.0027321055960272916,False
CD247,DCG,-0.8546237690153774,1.273018494406416,-1.23296147338432,0.04005702102209607,-0.124990608548125,-1.2558743141161968,True
PHACTR2,DIG,1.311371370033843,0.4506614090095652,1.8919089723115912,2.3425703813211562,2.1945197232418843,1.8689961315797141,True
SMO,DIG,1.6564677395040026,0.5193741590935794,2.389777793174976,2.909151952268555,2.754014500836051,2.3668649524430987,True
ANKRD28,DIG,1.4759878194146852,0.44183755862255913,2.129400307482081,2.5712378661046404,2.41480219314669,2.106487466750205,True
POMGNT2,NEUTRAL,0.000674257700052151,0.13750352374993502,0.0009727482401464364,0.13847627199008145,-0.021940092491730023,-0.021940092491730186,False
SERINC1,DIG,-1.5712059321059817,0.5443205162238104,-2.266771006464621,-1.7224504902408109,-1.8704713066874141,-2.2896838471964966,True
EDDM13,DSG,0.036790420587420526,1.3267290811511836,0.053077357333690824,1.3798064384848745,1.2238860467578314,0.030164516601814725,False
PCSK1,NEUTRAL,-0.055846378323214985,0.13750352374993502,-0.08056929305851117,0.05693423069142385,-0.10348213379038726,-0.10348213379038726,False
ZW10,NEUTRAL,0.0559521821631486,0.13750352374993502,0.08072193573369041,0.21822545948362543,0.05780909500181436,0.057809095001814054,False
SNORD14A,DIG,-1.2356401088911853,0.405992359675837,-1.782651857420812,-1.3766594977449749,-1.5359668007904432,-1.8055646981526843,True
WWTR1-IT1,DSG,-0.055300320976776916,1.1099176920780351,-0.07978149883276398,1.030136193245271,0.8641458546939951,-0.1026943395646383,False
PDCL3P4,DIG,1.1682203212715347,0.4506614090095652,1.685385664164155,2.13604707317372,1.994181884470259,1.6624728234322794,True
TEAD2,DIG,1.1773140602812775,0.4240262825060986,1.6985051563366493,2.122531438842748,1.9481780882694568,1.6755923156047734,True
GOLGA2P11,NEUTRAL,0.07464024953192985,0.13750352374993502,0.10768311785042997,0.245186641600365,0.08477027711855377,0.08477027711855346,False
RPGRIP1L,NEUTRAL,-0.026840258271814205,0.13750352374993502,-0.038722307504925335,0.09878121624500968,-0.06163514823680164,-0.061635148236800975,False
URGCP-MRPS24,DSG,-0.02016556719788074,-0.7369655941662062,-0.02909276379309569,-0.7660583579593019,-0.9264747224411125,-0.052005604524971494,False
P4HA3-AS1,DIG,-1.636141986533533,0.44183755862255913,-2.360453930162145,-1.918616371539586,-2.069211277817751,-2.3833667708939834,True
NPNT,NEUTRAL,-0.014577841057541783,0.13750352374993502,-0.021031379000583054,0.11647214474935197,-0.04394421973245748,-0.04394421973245732,False
RPS17P5,DSG,0.029744953757692656,1.3457748368417302,0.042912897277694734,1.3886877341194248,1.2267823929439874,0.020000056545819295,False
SCPEP1,DSG,0.14875469636595623,1.4637968111986992,0.21460766275610857,1.6784044739548079,1.5182006495305893,0.19169482202423035,False
KAT2B,DIG,-1.2062235325276693,0.32192809488736235,-1.740212708581236,-1.4182846136938736,-1.5753454372921103,-1.7631255493131124,True
FTH1P2,DCG,-0.8192040818994135,1.2428565238961637,-1.18186166643228,0.06099485746388367,-0.09784928673175927,-1.2047745071641551,True
ARHGAP22,DIG,-0.5688492340443903,0.35049724708413343,-0.8206759689693272,-0.4701787218851937,-0.6243619651656904,-0.8435888097012046,True
ANAPC1P1,DIG,-1.3040144948385923,0.4329594072761063,-1.8812952449509641,-1.4483358376748579,-1.6044390086394646,-1.9042080856828374,True
CTBP2P4,NEUTRAL,0.018753942874786697,0.13750352374993502,0.02705622038256968,0.1645597441325047,0.004143379650693537,0.004143379650694496,False
MYOCOS,DCG,-0.8863601633887116,1.3877301532831086,-1.2787474121624256,0.10898274112068296,-0.050416891981333534,-1.3016602528943015,True
L2HGDH,DIG,-1.528363522342661,0.3968901525685844,-2.2049624743593457,-1.8080723217907613,-1.9588913954931313,-2.2278753150912216,True
EIF1P3,DCG,-0.9695885678163626,1.4594316186372973,-1.3988206184912988,0.06061100014599852,-0.09963058937211984,-1.4217334592231754,True
BTBD7P1,DCG,-0.7925346464747636,1.2680350868921602,-1.1433858042018292,0.12464928269033093,-0.03261975997857208,-1.1662986449337018,True
IL17RD,NEUTRAL,-0.04338618058675836,0.13750352374993502,-0.0625930275756293,0.07491049617430572,-0.08550586830750427,-0.08550586830750427,False
OSBPL3,DSG,0.0676283426815016,1.4768136968655337,0.09756707461014179,1.5743807714756755,1.4156105908400585,0.07465423387826586,False
ARHGEF38-IT1,NEUTRAL,-0.019324305827075585,0.13750352374993502,-0.027879080185343647,0.10962444356459138,-0.05079192091721996,-0.050791920917218965,False
C11orf96,DIG,-0.9271101921711132,0.4329594072761063,-1.337537276602879,-0.9045778693267728,-1.0672184141443233,-1.3604501173347563,True
FCF1P2,NEUTRAL,-0.03591005887461483,0.13750352374993502,-0.05180726385643752,0.0856962598934975,-0.07472010458831373,-0.07472010458831321,False
NGDN,DIG,-0.5615727854608823,0.37851162325372983,-0.8101782726826167,-0.43166664942888683,-0.5984990532821182,-0.8330911134144929,True
SIRPD,DSG,-0.08463531258846911,1.2580163310671693,-0.12210294575547165,1.1359133853116976,0.9856700226977383,-0.14501578648734628,False
LNCTAM34A,NEUTRAL,0.008559558932369305,0.13750352374993502,0.012348833223926027,0.14985235697386104,-0.010564007507950822,-0.0105640075079505,False
JMJD6,DCG,-0.9599212919544969,1.3877301532831086,-1.3848736875464795,0.0028564657366290103,-0.16090780739207167,-1.407786528278357,True
LINC02580,DIG,-1.3292641677836319,0.5109619192773794,-1.917722822892841,-1.4067609036154614,-1.5760214135015433,-1.9406356636247137,True
RPL21P10,NEUTRAL,-0.04187340820674148,0.13750352374993502,-0.060410558364985156,0.07709296538494986,-0.08332339909685998,-0.08332339909685998,False
PLTP,DCG,-0.8608864944646613,1.2630344058337937,-1.2419966763324508,0.02103772950134286,-0.14633521846257755,-1.2649095170643283,True
APH1B,NEUTRAL,0.02549684372459243,0.13750352374993502,0.03678416999979039,0.17428769374972541,0.013871329267915476,0.013871329267915794,False
LRRC1,DSG,-0.022159705421191448,1.1911414873520083,-0.03196969711871318,1.1591717902332952,0.9987177496500111,-0.05488253785059017,False
SLC45A3,DCG,-0.815315548635256,1.1911414873520083,-1.1762516987757483,0.014889788576259999,-0.14465678498370477,-1.1991645395076258,True
SMCO1,DCG,2.0794415416798357,-3.321928094887362,3.0,-0.3219280948873622,-0.482344459369171,2.977087159268125,True
CYB5D2,NEUTRAL,-0.0315335418398742,0.13750352374993502,-0.04549328443405116,0.09201023931588387,-0.06840612516592637,-0.06840612516592637,False
SLC25A18,NEUTRAL,0.004804073817766408,0.13750352374993502,0.0069308134729561075,0.14443433722289112,-0.015982027258919958,-0.015982027258919795,False
CDC40,DIG,0.5926186184558375,0.4329594072761063,0.8549679419847056,1.2879273492608119,1.1342090343901066,0.8320551012528287,True
PCDHGC3,DIG,-0.9044332010751103,0.4506614090095652,-1.3048212940063924,-0.8541598849968272,-1.0126985254314578,-1.327734134738268,True
PER2,NEUTRAL,-0.008956725585647769,0.13750352374993502,-0.012921823585017332,0.12458170016491768,-0.03583466431689312,-0.03583466431689312,False
PRXL2A,DIG,-0.6354227418850196,0.4240262825060986,-0.9167212385855856,-0.49269495607948705,-0.6487618028298482,-0.9396340793174616,True
LY9,DCG,-0.857799627906083,1.2377676472233639,-1.237543269256504,0.00022437796685981226,-0.15496115324079032,-1.2604561099883795,True
TPM1,NEUTRAL,0.03879999004752301,0.13750352374993502,0.05597655322810259,0.1934800769780376,0.03306371249622599,0.03306371249622568,False
RNU6-892P,NEUTRAL,-0.021764364116685423,0.13750352374993502,-0.031399340179243763,0.10610418357069126,-0.054312180911119314,-0.05431218091111832,False
LARP4,DIG,-1.3298761589650894,0.5025003405291834,-1.9186057395353973,-1.4161053990062138,-1.581307527817173,-1.941518580267273,True
FAM20B,DCG,2.0794415416798357,-3.321928094887362,3.0,-0.3219280948873622,-0.48234445936917275,2.977087159268125,True
FAM163B,NEUTRAL,0.013030920031044651,0.13750352374993502,0.018799643707008776,0.15630316745694378,-0.004113197024866398,-0.004113197024866879,False
ESYT3,DSG,-0.044260327517395864,-3.321928094887362,-0.06385415501746834,-3.3857822499048305,-3.5461986143866406,-0.08676699574934402,False
SPRR1B,DCG,-0.8585441155088265,1.341036917835067,-1.2386173378289853,0.10241958000608165,-0.05804876736976174,-1.2615301785608632,True
GPNMB,DSG,0.01639422002821101,1.4374053123072983,0.02365185993394255,1.4610571722412409,1.301691662950945,0.0007390192020656981,False
ECHDC2,NEUTRAL,0.008942304976082078,0.13750352374993502,0.012901019043110315,0.15040454279304533,-0.010011821688764237,-0.01001182168876456,False
CTLA4,NEUTRAL,0.03192449603716613,0.13750352374993502,0.04605731211569894,0.18356083586563396,0.023144471383824333,0.023144471383824965,False
ANXA2P1,NEUTRAL,0.011328579535240144,0.13750352374993502,0.016343685515807154,0.15384720926574216,-0.006569155216068972,-0.006569155216068972,False
RN7SL477P,NEUTRAL,0.06610874960419232,0.13750352374993502,0.09537476521333849,0.2328782889632735,0.07246192448146213,0.07246192448146152,False
CD2AP,DSG,-0.013083393801782998,-0.7369655941662062,-0.018875347355829734,-0.755840941522036,-0.9162573060038466,-0.04178818808770562,False
ERVFRD-1,DSG,-0.10003014486770502,1.446256229889564,-0.14431299394004263,1.3019432359495213,1.1354132267884283,-0.16722583467191776,False
PDK1,NEUTRAL,0.04140108998710422,0.13750352374993502,0.05972914721179298,0.197232670961728,0.03681630647991779,0.03681630647991748,False
LIVAR,NEUTRAL,-0.018233727780601946,0.13750352374993502,-0.026305708645993756,0.11119781510394126,-0.04921854937786866,-0.049218549377867994,False
GIMAP6,DIG,-1.2952292156117058,0.5025003405291834,-1.8686207661775098,-1.3661204256483264,-1.5246088421806687,-1.8915336069093855,True
CYCSP55,DSG,-0.010844920763588181,1.3968901525685844,-0.01564591340446242,1.381244239164122,1.2137378217911239,-0.038558754136339184,False
HSPB7,NEUTRAL,-0.012378265722029446,0.13750352374993502,-0.017858062571977727,0.1196454611779573,-0.04077090330385307,-0.04077090330385307,False
PLD2,NEUTRAL,0.01108815165680122,0.13750352374993502,0.015996821407891864,0.15350034515782687,-0.0069160193239824926,-0.006916019323982815,False
MTURN,DSG,0.006326875141327315,1.1963972128035036,0.009127751390716577,1.2055249641942203,1.0440339747723575,-0.013785089341158865,False
MIR622,NEUTRAL,-0.021621348868786253,0.13750352374993502,-0.03119301279032813,0.10631051095960689,-0.054105853522202686,-0.05410585352220335,False
ZNF160,DSG,-0.07500801959097492,1.4550531781267229,-0.10821369789080174,1.3468394802359211,1.186792094513387,-0.13112653862267776,False
PJA2,NEUTRAL,-0.021910361845833625,0.13750352374993502,-0.031609970379066925,0.10589355337086809,-0.0545228111109423,-0.0545228111109423,False
LINC02388,DIG,0.973337203625867,0.4681488357384065,1.4042287567837695,1.872377592522176,1.7121456008402294,1.3813159160518933,True
SYNE1,DIG,1.42819897472332,0.3877301532831085,2.0604555782360356,2.448185731519144,2.2870237792315087,2.037542737504158,True
MAP10,DCG,-0.8832516135330942,1.1483918398926711,-1.2742627227013703,-0.12587088280869918,-0.28837053625894815,-1.297175563433246,True
METAP1D,NEUTRAL,0.012462636098696264,0.13750352374993502,0.01797978329599288,0.1554833070459279,-0.004933057435882461,-0.004933057435882621,False
MPZ,DCG,-0.7456726142031275,1.1429579538420431,-1.0757781826375612,0.06717977120448193,-0.09297509943259812,-1.098691023369439,True
CGREF1,DIG,-1.6009155881179926,0.4854268271702419,-2.3096329798596664,-1.8242061526894244,-1.9877531238861357,-2.3325458205915424,True
SIRT1,DIG,-1.5828617079064489,0.44183755862255913,-2.283586736409669,-1.8417491777871098,-1.9842720404210112,-2.3064995771415457,True
VSIR,DIG,-1.6512998836559802,0.3877301532831085,-2.382322153171005,-1.9945919998878965,-2.1392102382101026,-2.4052349939028814,True
SYNGAP1-AS1,DSG,0.06209516239222492,1.3315141437165605,0.08958438284645776,1.4210985265630183,1.2595414460259844,0.0666715421145816,False
AKR1C4,DCG,-0.8748542323388443,1.232660756790275,-1.2621478624959717,-0.02948710570569668,-0.18963447517500356,-1.2850607032278425,True
LINC01226,NEUTRAL,0.04114702214125482,0.13750352374993502,0.059362604790536705,0.19686612854047172,0.036449764058660995,0.036449764058660995,False
RPL7AP50,DIG,-1.3678831371050064,0.37851162325372983,-1.9734382184170307,-1.594926595163301,-1.7570577216174,-1.9963510591489055,True
MEF2AP1,DCG,-0.8406003911202907,1.2275357246124077,-1.2127300156385665,0.014805708973841147,-0.14141848885620031,-1.235642856370435,True
ATXN7,NEUTRAL,0.009169870326007449,0.13750352374993502,0.013229326444925808,0.15073285019486082,-0.009683514286950634,-0.009683514286950957,False
GPAA1,DCG,-1.1065757410740393,1.3968901525685844,-1.5964513340155462,-0.19956118144696178,-0.35678097494532895,-1.6193641747474217,True
ARF6,DIG,-1.1623373533406898,0.3692338096657191,-1.676898335504616,-1.307664525838897,-1.467775913930913,-1.6998111762364911,True
DBNDD2,DCG,-1.0154310918355873,1.3785116232537298,-1.4649574005556674,-0.08644577730193759,-0.2503307696493238,-1.4878702412875437,True
COL25A1-DT,NEUTRAL,-0.05322584949722543,0.13750352374993502,-0.07678866911674946,0.06071485463318556,-0.09970150984862555,-0.09970150984862504,False
UBQLN4P1,DSG,0.09463196930885961,1.070389327891398,0.13652507283144835,1.2069144007228465,1.0460212094327086,0.11361223209957343,False
PTGES3P3,NEUTRAL,-0.020088746683329346,0.13750352374993502,-0.02898193521771386,0.10852158853222116,-0.051894775949590154,-0.051894775949590154,False
SDHAF2,DIG,0.8445532563886777,0.45943161863729726,1.2184327947585707,1.677864413395868,1.5186116136795687,1.1955199540266925,True
FXYD5,DSG,-0.08755450705970834,-3.321928094887362,-0.12631445314251896,-3.448242548029881,-3.608658912511693,-0.14922729387439543,False
RNF39,DSG,0.023678430907805383,1.0931094043914815,0.034160754846722784,1.1272701592382044,0.9624640015999203,0.01124791411484707,False
SIRT2,DSG,-0.04728409003643246,1.0987339535853597,-0.06821652220850837,1.0305174313768515,0.8679645181108517,-0.09112936294038605,False
PCM1,NEUTRAL,-0.03700187996620484,0.13750352374993502,-0.053382428730812406,0.08412109501912261,-0.07629526946268772,-0.0762952694626884,False
WSB1,DIG,-0.8892393853961397,0.560714954474479,-1.2829012514741605,-0.7221862969996814,-0.8753573333738947,-1.3058140922060373,True
SNORA17B,NEUTRAL,0.045190689816993417,0.13750352374993502,0.06519638409332779,0.2026999078432628,0.04228354336145097,0.04228354336145097,False
ARAP1,DSG,-0.07379147469791464,1.2479275134435854,-0.10645859460656487,1.1414689188370206,0.9770043808107992,-0.12937143533844103,False
ARHGEF40,DIG,0.8452330241878274,0.4768136968655339,1.21941349239136,1.6962271892568939,1.5322608071577426,1.196500651659483,True
CITED2,DIG,1.3155027772076968,0.4681488357384065,1.897869332953203,2.3660181686916095,2.215601738148728,1.8749564922213278,True
LRRC42,DIG,-1.369407876940124,0.33151414371656057,-1.9756379530158008,-1.6441238092992403,-1.7880010099554071,-1.998550793747679,True
OASL,DIG,1.153801439463978,0.3410369178350672,1.6645836148852284,2.005620532720296,1.8440033958947688,1.641670774153352,True
ZNF384,DSG,-0.027092769968106688,-3.321928094887362,-0.03908660487693296,-3.3610146997642953,-3.521431064246106,-0.061999445608808545,False
SVBP,DIG,0.682299093439962,0.4240262825060986,0.9843495185088686,1.4083758010149672,1.257624454309025,0.961436677776992,True
TBRG4,DSG,0.07034489309274376,-0.7369655941662062,0.10148622841676572,-0.6354793657494405,-0.7958957302312523,0.07857338768488856,False
ABCA5,DCG,-0.7120727631442911,1.175258445745353,-1.0273038441403703,0.14795460160498264,-0.013695546872354088,-1.0502166848722472,True
SPOCD1,NEUTRAL,-0.026076016408753316,0.13750352374993502,-0.03761973955904765,0.09988378419088736,-0.06053258029092268,-0.06053258029092351,False
KCNAB3,NEUTRAL,0.013628115291994872,0.13750352374993502,0.01966121434842405,0.15716473809835907,-0.003251626383451193,-0.0032516263834507114,False
LINC00237,DSG,-0.0899100243973739,1.3968901525685844,-0.12971274632429705,1.2671774062442873,1.1043172935939611,-0.1526255870561709,False
EEF1A1P9,NEUTRAL,0.011230956445630911,0.13750352374993502,0.016202845168551656,0.15370636891848669,-0.006709995563323297,-0.006709995563323297,False
FGF17,NEUTRAL,-0.08909616311778608,0.13750352374993502,-0.12853859269226414,0.008964931057670877,-0.15145143342414105,-0.1514514334241414,False
MIR5001,NEUTRAL,0.017758992132848664,0.13750352374993502,0.025620809881246882,0.1631243336311819,0.002707969149370007,0.0027079691493706462,False
PAQR6,DCG,-0.8877754947857268,1.2275357246124077,-1.280789303750114,-0.05325357913770623,-0.2184246777444624,-1.30370214448199,True
HLA-DMB,DSG,-0.07332014716689672,1.3831282513240999,-0.10577861271493089,1.277349638609169,1.1114566026621102,-0.1286914534468067,False
WFIKKN2,DSG,-0.010648204901390904,1.3267290811511836,-0.015362112405606212,1.3113669687455773,1.151127369531035,-0.03827495313748217,False
HPN,DSG,-0.028786304904777408,1.0531113364595626,-0.04152985933164001,1.0115814771279226,0.8436934839636155,-0.06444270006351625,False
NLRX1,NEUTRAL,-0.027344220552401547,0.13750352374993502,-0.03944937138792379,0.09805415236201123,-0.06236221211980055,-0.06236221211980055,False
IGFL1P1,DIG,-0.7488106712983826,0.45943161863729726,-1.0803054420469123,-0.6208738234096149,-0.7808858811267358,-1.1032182827787853,True
BIN2,DIG,-1.4087727892132997,0.44183755862255913,-2.0324295167373405,-1.5905919581147814,-1.7518952884486776,-2.0553423574692173,True
ARHGAP33,DSG,-0.13160629806737184,1.3923174227787602,-0.1898677535715521,1.2024496692072082,1.0429516942012285,-0.21278059430342786,False
EZR-AS1,NEUTRAL,0.019220349807835393,0.13750352374993502,0.027729103351915266,0.16523262710185027,0.00481626262003896,0.00481626262003896,False
NTSR1,DCG,-0.9781847303918191,1.2927817492278462,-1.4112222596095851,-0.11844051038173897,-0.2817393075099224,-1.4341351003414582,True
ASB2,NEUTRAL,-0.015104674314287908,0.13750352374993502,-0.02179143872746607,0.11571208502246895,-0.04470427945934088,-0.044704279459340385,False
CEP250-AS1,DCG,-0.887590310591488,1.2377676472233639,-1.2805221394314346,-0.042754492208070705,-0.20905727102810762,-1.3034349801633107,True
RPL27P6,DIG,1.0544015716280895,0.405992359675837,1.5211799184933739,1.9271722781692109,1.7626808760131696,1.4982670777614973,True
NOL9,NEUTRAL,-0.006840080177105011,0.13750352374993502,-0.009868149750792303,0.1276353739991427,-0.032780990482667104,-0.032780990482666444,False
GANAB,DIG,-1.7137287524559868,0.53605290024021,-2.4723879725970823,-1.9363350723568722,-2.0880362696457806,-2.495300813328959,True
RAC3,DCG,-0.899352823337733,1.0931094043914815,-1.2974918582388355,-0.20438245384735398,-0.36497089709163627,-1.320404698970711,True
MCUR1,DSG,0.018896684726422315,1.4374053123072983,0.027262153344051694,1.46466746565135,1.306885536452954,0.004349312612175977,False
RIPK4,DIG,-1.5163961595566382,0.5443205162238104,-2.187697219415431,-1.6433767031916209,-1.7989346448973522,-2.210610060147309,True
PAQR5,NEUTRAL,0.015815884257895572,0.13750352374993502,0.022817497786139763,0.16032102153607478,-9.534294573632448e-05,-9.534294573632448e-05,False
CFAP251,DIG,1.6555331084574476,0.3968901525685844,2.3884294055990503,2.7853195581676347,2.626535128589566,2.365516564867174,True
RPS18,DSG,-0.027473430166868408,1.1911414873520083,-0.0396357814579503,1.151505705894058,0.9916902671668613,-0.06254862218982679,False
KRT79,DIG,1.4367771440196895,0.4681488357384065,2.072831260539814,2.5409800962782203,2.3804432615013615,2.049918419807937,True
RDH10-AS1,DCG,2.0794415416798357,-3.321928094887362,3.0,-0.3219280948873622,-0.48234445936917253,2.9770871592681245,True
PIP5K1A,DCG,-0.973926779246571,1.3645724322958561,-1.4050793346079882,-0.040506902312132054,-0.20127346678436078,-1.427992175339866,True
DNAH10,DIG,-1.602295499023955,0.4506614090095652,-2.311623770480567,-1.8609623614710018,-2.0177364278119905,-2.334536611212443,True
MTHFSD,NEUTRAL,-0.041519358551864796,0.13750352374993502,-0.05989977268366612,0.0776037510662689,-0.08281261341554147,-0.0828126134155413,False
FNBP1P1,DIG,-1.419355103470891,0.3877301532831085,-2.047696569037896,-1.6599664157547875,-1.8169390077779843,-2.0706094097697716,True
CDKL4,DIG,0.6482781071668255,0.44183755862255913,0.9352676103264632,1.3771051689490224,1.2178383891182676,0.9123547695945872,True
CDC123,DCG,-0.861936831106732,1.159198594849254,-1.2435119917972304,-0.08431339694797635,-0.24220745103197566,-1.2664248325291059,True
AHR,DSG,0.05243142538585171,1.3923174227787602,0.07564255739090797,1.467959980169668,1.309113246186577,0.05272971665903109,False
SF3A3,NEUTRAL,-0.0010642747606676725,0.13750352374993502,-0.0015354239193585398,0.13596809983057648,-0.02444826465123298,-0.024448264651233797,False
CD63,DIG,-0.7598605637738228,0.44183755862255913,-1.0962470671235862,-0.6544095085010271,-0.8208420205272615,-1.1191599078554615,True
MAP3K14,NEUTRAL,0.0408935334368346,0.13750352374993502,0.05899689789374829,0.1965004216436833,0.03608405716187316,0.03608405716187223,False
PRRT4,DIG,0.7670656972425839,0.5443205162238104,1.1066418774479108,1.6509623936717213,1.487838386774976,1.0837290367160342,True
FAM162B,DIG,1.5756555137847565,0.44183755862255913,2.27319039588662,2.7150279545091793,2.56319738505065,2.2502775551547423,True
DGKE,DSG,-0.005520544010823036,1.3785116232537298,-0.007964461467423661,1.370547161786306,1.208777570505139,-0.030877302199299392,False
PLEKHA8,DSG,-0.04970427706006226,-0.7369655941662062,-0.07170811402552289,-0.8086737081917291,-0.9690900726735404,-0.09462095475739864,False
RPL7AP14,DCG,-0.939626950122448,1.297680548640685,-1.355595141227277,-0.05791459258659204,-0.21876725553131413,-1.3785079819591415,True
LAPTM4BP1,DCG,-0.9553701632877551,1.3267290811511836,-1.3783077967885236,-0.051578715637339956,-0.2133988208921772,-1.401220637520398,True
C18orf63,NEUTRAL,0.0020750987674767333,0.13750352374993502,0.002993734701193483,0.1404972584511285,-0.01991910603068275,-0.019919106030683077,False
RUVBL1,DIG,0.7014955969968818,0.44183755862255913,1.0120442189928442,1.4538817776154034,1.2938805837253773,0.9891313782609676,True
SNORA66,NEUTRAL,-0.03535301144117156,0.13750352374993502,-0.051003614286669,0.08649990946326602,-0.07391645501854432,-0.07391645501854399,False
SLC7A8,DIG,-1.1894253201224054,0.4506614090095652,-1.715978010848362,-1.265316601838797,-1.4330063734881169,-1.7388908515802382,True
GASAL1,DCG,0.8712551412862387,-0.7369655941662062,1.2569554716826699,0.5199898775164636,0.3595735130346529,1.2340426309507948,True
VAMP5,DIG,-0.6829121877727825,0.5193741590935794,-0.985234026662426,-0.46585986756884656,-0.6299957498781764,-1.008146867394302,True
EPB41L4B,NEUTRAL,0.007943608155278191,0.13750352374993502,0.011460204092384973,0.14896372784231998,-0.011452636639490785,-0.011452636639491108,False
CAMK1G,DCG,-0.9205850995426732,1.2377676472233639,-1.3281235578264874,-0.09035591060312353,-0.24796624576707202,-1.3510363985583609,True
PEX2,DCG,-1.086275539087503,1.4681488357384063,-1.5671643332805258,-0.09901549754211958,-0.2544046473422903,-1.5900771740124013,True
SUFU,NEUTRAL,0.04549370184300914,0.13750352374993502,0.06563353804059038,0.2031370617905254,0.04272069730871455,0.04272069730871486,False
ZNF625-ZNF20,DIG,1.3717825813648523,0.4329594072761063,1.9790639273129333,2.4120233345890396,2.2514824583193738,1.9561510865810574,True
SCN4A,DCG,-0.8722922606431123,1.282933963271499,-1.2584517186356412,0.024482244635857686,-0.13729893840075671,-1.2813645593675174,True
THYN1,NEUTRAL,0.0012468248204785082,0.13750352374993502,0.0017987879853616157,0.13930231173529664,-0.021114052746513748,-0.02111405274651359,False
MIR6883,NEUTRAL,0.0016084441336282264,0.13750352374993502,0.0023204943751323876,0.1398240181250674,-0.02059234635674277,-0.02059234635674277,False
MTX1,DCG,-0.9449034461746243,1.359895945086383,-1.363207515915022,-0.0033115708286390877,-0.16672956973157757,-1.3861203566468983,True
TTPAL,DCG,-0.9860428471324643,1.446256229889564,-1.4225591256620405,0.02369710422752358,-0.13851997704113753,-1.445471966393918,True
C3orf52,DIG,1.172807108781702,0.5025003405291834,1.6920029997586847,2.194503340287868,2.029558552246502,1.6690901590268081,True
SPG21,NEUTRAL,0.004672109393492402,0.13750352374993502,0.00674042905248223,0.14424395280241725,-0.01617241167939329,-0.016172411679392804,False
STK35,DSG,-0.047489397444106324,1.2630344058337937,-0.06851271818741721,1.1945216876463765,1.0320509177793735,-0.09142555891929396,False
LINC00571,NEUTRAL,-0.007432551517378167,0.13750352374993502,-0.010722905215273222,0.1267806185346618,-0.033635745947148576,-0.03363574594714809,False
LINC01630,NEUTRAL,0.02436179225357242,0.13750352374993502,0.035146636871396096,0.17265016062133112,0.012233796139521053,0.012233796139521053,False
UCHL5,DCG,0.721566020943359,-0.7369655941662062,1.040999720088966,0.3040341259227598,0.1436177614409473,1.0180868793570885,True
EMSLR,DSG,0.20000407257597116,1.132028393683784,0.28854488366294995,1.420573277346734,1.2587706372227172,0.26563204293107445,True
RNA5SP37,DIG,-0.5626941082188903,0.3692338096657191,-0.8117959994648308,-0.4425621897991117,-0.5964638184768274,-0.8347088401967048,True
MGLL,DIG,-0.7231687957125564,0.5525410230287789,-1.043312035300149,-0.4907710122713701,-0.6646096668033363,-1.0662248760320263,True
PTH1R,NEUTRAL,-0.02022026626603921,0.13750352374993502,-0.029171677867469166,0.10833184588246586,-0.052084518599343724,-0.052084518599343724,False
STARD10,DSG,-0.04875765507257494,1.3785116232537298,-0.07034242717857848,1.3081691960751514,1.1511890837106404,-0.09325526791045385,False
NDFIP2,NEUTRAL,-0.04511061856132323,0.13750352374993502,-0.06508086568985465,0.07242265806008037,-0.08799370642172921,-0.08799370642172853,False
ARID3A,NEUTRAL,0.018654606735270196,0.13750352374993502,0.02691290862670817,0.1644164323766432,0.004000067894831601,0.00400006789483192,False
MAT2A,DIG,0.8698960844798271,0.405992359675837,1.2549947671677735,1.6609871268436105,1.506858606759399,1.2320819264358962,True
GAPLINC,NEUTRAL,-0.0012017182335302592,0.13750352374993502,-0.0017337129360599501,0.13576981081387507,-0.024646553667937162,-0.024646553667937,False
CATIP,NEUTRAL,-0.07730258838223579,0.13750352374993502,-0.11152406090693237,0.02597946284300265,-0.13443690163880628,-0.13443690163880698,False
UTP23,DCG,-0.7115390089114385,1.3025627700204314,-1.0265337995555803,0.2760289704648511,0.11689281052700454,-1.0494466402874574,True
EXOC6B,DIG,-1.3557253905037074,0.53605290024021,-1.9558982976869521,-1.4198453974467422,-1.5814894213654171,-1.9788111384188287,True
PSD,NEUTRAL,0.03125203574879117,0.13750352374993502,0.04508715699246563,0.18259068074240065,0.022174316260589744,0.022174316260589428,False
DHCR24-DT,NEUTRAL,-0.01550865299575885,0.13750352374993502,-0.02237425676784906,0.11512926698208596,-0.04528709749972378,-0.04528709749972395,False
STX17,NEUTRAL,-0.04785613403542389,0.13750352374993502,-0.06904180724902358,0.06846171650091144,-0.09195464798089957,-0.09195464798089974,False
RSRC2,DIG,-1.113505799172858,0.405992359675837,-1.6064492944677844,-1.2004569347919474,-1.3591019822666424,-1.629362135199661,True
LINC01121,DIG,-0.8997209549180721,0.3968901525685844,-1.2980229598441853,-0.9011328072756009,-1.0598747882545043,-1.3209358005760592,True
VILL,NEUTRAL,-0.05054637069309839,0.13750352374993502,-0.07292299833386828,0.06458052541606674,-0.09583583906574351,-0.09583583906574335,False
ZDBF2,NEUTRAL,-0.0029265376249612996,0.13750352374993502,-0.004222101318506632,0.13328142243142838,-0.027134942050382815,-0.02713494205038314,False
USP4,NEUTRAL,-0.03897470935551924,0.13750352374993502,-0.0562286199072963,0.08127490384263872,-0.07914146063917225,-0.07914146063917275,False
FCN2,NEUTRAL,-0.025475119141527707,0.13750352374993502,-0.03675282805153753,0.10075069569839748,-0.05966566878341253,-0.05966566878341202,False
RABGAP1L-DT,DCG,-0.872746528097084,1.2428565238961637,-1.2591070880387234,-0.016250564142559654,-0.1725127632842237,-1.282019928770593,True
KHK,DIG,-1.0319815295390617,0.4329594072761063,-1.488834634955012,-1.0558752276789056,-1.22268461120948,-1.5117474756868878,True
VSX1,DCG,-0.901746524203728,1.4195388915137848,-1.3009452386075782,0.1185936529062066,-0.04030039525606632,-1.3238580793394497,True
DCLRE1C,DSG,-0.005021545540549898,-0.7369655941662062,-0.007244558848949427,-0.7442101530151557,-0.9046265174969679,-0.030157399580826836,False
DDI2,NEUTRAL,0.04248704925825658,0.13750352374993502,0.06129585526689189,0.1987993790168269,0.03838301453501792,0.03838301453501761,False
TMEM234,NEUTRAL,0.018244009981381506,0.13750352374993502,0.026320542726067847,0.16382406647600287,0.00340770199419316,0.0034077019941934797,False
DESI2,DCG,-0.7237843473751221,1.159198594849254,-1.0442000886311436,0.11499850621811047,-0.04054542034820141,-1.0671129293630202,True
TMED10P2,DSG,-0.038937961598612215,1.1099176920780351,-0.05617560410064274,1.0537420879773924,0.8919916196870822,-0.07908844483251716,False
ZBTB40,NEUTRAL,-0.035846922511365405,0.13750352374993502,-0.05171617733827782,0.0857873464116572,-0.07462901807015468,-0.07462901807015433,False
NOL11,DCG,-0.970574356102665,1.1963972128035036,-1.4002428103633136,-0.2038455975598099,-0.36523712820863063,-1.4231556510951895,True
MKLN1-AS,DIG,-1.472230347464594,0.5849625007211562,-2.1239794213334053,-1.5390169206122493,-1.6920002787403632,-2.146892262065282,True
RNF217,DIG,-1.674194995230423,0.4854268271702419,-2.415352817100053,-1.929925989929811,-2.0902860732062427,-2.4382656578319293,True
CALML3-AS1,DCG,-0.9152013398868238,1.185866545311334,-1.3203564344696554,-0.1344898891583215,-0.3005180238072853,-1.3432692752015325,True
APOH,DCG,1.0039953143325282,-0.7369655941662062,1.4484590610632946,0.7114934668970884,0.5510771024152783,1.4255462203314198,True
CNBD2,DCG,-0.9920728173116573,1.273018494406416,-1.4312585337362707,-0.15824003932985464,-0.31373779479612796,-1.4541713744681461,True
MTND4P23,NEUTRAL,-0.0386561182895504,0.13750352374993502,-0.05576899015635152,0.0817345335935835,-0.07868183088822664,-0.07868183088822697,False
C6orf62,DSG,0.03654273569125183,1.2878662588137295,0.05272002356228515,1.3405862823760146,1.1831160899901052,0.02980718283040998,False
ERGIC2,DSG,-0.01086855851346618,1.3122779248536431,-0.015680015468989183,1.296597909384654,1.1357588037111988,-0.038592856200866776,False
CHCHD2P9,NEUTRAL,-0.015468480688351171,0.13750352374993502,-0.022316300379170935,0.11518722337076409,-0.04522914111104695,-0.045229141111047616,False
TBC1D30,DSG,-0.0697272190793111,1.1154772174199363,-0.10059511318070045,1.014882104239236,0.8553991509644835,-0.12350795391257728,False
SULT1B1,DIG,1.407906272965509,0.405992359675837,2.031179398043803,2.43717175771964,2.2844774816451316,2.008266557311926,True
HEATR1,DCG,-0.8240776662269385,1.126532405928932,-1.1888927623729546,-0.06236035644402271,-0.22097661974229532,-1.2118056031048297,True
PLAC9P1,NEUTRAL,0.005728986367087085,0.13750352374993502,0.008265180221117016,0.14576870397105204,-0.014647660510758798,-0.014647660510758151,False
ZIK1,DSG,0.008251168623945048,1.410522018156351,0.011903920055304135,1.422425938211655,1.2590630222270565,-0.011008920676572912,False
CHST8,DSG,-0.08547031342293403,1.2172307162206693,-0.12330759731849233,1.093923118902177,0.9308598234921315,-0.14622043805036897,False
IL18R1,NEUTRAL,0.019522539879562185,0.13750352374993502,0.028165071469801385,0.1656685952197364,0.005252230737924671,0.00525223073792499,False
BLOC1S4,NEUTRAL,0.003117666171327897,0.13750352374993502,0.0044978415245220385,0.14200136527445706,-0.018414999207354038,-0.01841499920735388,False
EPYC,DIG,-0.9487701532611518,0.5929552914746871,-1.3687859950533254,-0.7758307035786384,-0.9341549208124429,-1.3916988357852014,True
STMN1,NEUTRAL,0.032931161688817004,0.13750352374993502,0.047509623659168915,0.18501314740910393,0.024596782927293014,0.0245967829272927,False
BLMH,DIG,1.062938156596293,0.4681488357384065,1.5334956072931285,2.0016444430315348,1.8414702315278642,1.5105827665612506,True
KIFC1,DSG,-0.0035086474211099253,1.1154772174199363,-0.00506190823466314,1.110415309185273,0.9473402558104018,-0.027974748966541035,False
RPSAP52,DSG,0.04031718238096886,-0.7369655941662062,0.05816539908363967,-0.6788001950825665,-0.8392165595643761,0.035252558351765224,False
FOXN3,NEUTRAL,-0.016766029322233828,0.13750352374993502,-0.024188267358585695,0.11331525639134932,-0.04710110809046162,-0.04710110809046162,False
SPNS2,NEUTRAL,0.04031506735084868,0.13750352374993502,0.05816234774017395,0.19566587149010897,0.03524950700829745,0.03524950700829745,False
SNORD116-4,NEUTRAL,0.01725049575938296,0.13750352374993502,0.02488720468493789,0.1623907284348729,0.001974363953061944,0.001974363953061944,False
RPP25,NEUTRAL,0.010724949824704724,0.13750352374993502,0.015472831925884462,0.1529763556758195,-0.007440008805992517,-0.007440008805992357,False
TMPRSS11CP,NEUTRAL,-0.0164066031879789,0.13750352374993502,-0.023669725057130213,0.1138337986928048,-0.04658256578900582,-0.046582565789004826,False
STRADBP1,DIG,0.5786729103991198,0.5688428353578793,0.8348485381295937,1.403691373487473,1.2329062773357091,0.8119356973977168,True
SEMA4F,DIG,-0.9318283179716326,0.415037499278844,-1.3443440932975785,-0.9293065940187346,-1.0828082887230648,-1.367256934029455,True
ZNF563,DIG,-1.1985605386363005,0.3968901525685844,-1.7291573452957958,-1.3322671927272114,-1.491950250936479,-1.7520701860276722,True
NUSAP1,NEUTRAL,0.042875778028608064,0.13750352374993502,0.06185667233612883,0.19936019608606384,0.03894383160425241,0.03894383160425272,False
OXCT1,DSG,-0.016239569570455668,1.5067373334156542,-0.023428746485467708,1.4833085869301865,1.326772362112757,-0.04634158721734419,False
RRAS2P1,NEUTRAL,0.052616594854043124,0.13750352374993502,0.07590970046439177,0.2134132242143268,0.05299685973251684,0.05299685973251715,False
STEAP1B,DSG,0.04455840989201942,1.355204249761661,0.06428419698111415,1.419488446742775,1.263320046763552,0.04137135624923767,False
RPS27P21,DIG,0.8793517580838293,0.5525410230287789,1.268636420584532,1.821177443613311,1.6616092493743728,1.2457235798526534,True
ZNF295-AS1,DIG,1.1837545763953978,0.4854268271702419,1.707796856995256,2.1932236841654977,2.043455830734218,1.6848840162633794,True
LHCGR,DIG,1.5529758871642976,0.44183755862255913,2.2404706110320705,2.68230816965463,2.5359836878665596,2.217557770300194,True
TIPARP,DSG,0.09273897079861931,1.359895945086383,0.13379405326831448,1.4936899983546974,1.329196649680087,0.11088121253643807,False
ADAMTS3,DIG,-1.1793694426310841,0.4240262825060986,-1.701470446259846,-1.2774441637537475,-1.42978800454232,-1.724383286991723,True
MIR6732,NEUTRAL,0.05175342779606822,0.13750352374993502,0.07466441363039267,0.2121679373803277,0.05175157289851718,0.05175157289851749,False
TBX5,NEUTRAL,0.029074094918368758,0.13750352374993502,0.04194505255706562,0.17944857630700065,0.019032211825188772,0.019032211825189087,False
ZBTB7C,NEUTRAL,0.041113805160523174,0.13750352374993502,0.05931468281716186,0.19681820656709687,0.03640184208528491,0.03640184208528522,False
ITPRIPL2,DCG,-0.8900077463345542,1.0817940911636472,-1.2840097619896238,-0.20221567082597658,-0.37591336157409805,-1.3069226027215,True
ATCAY,NEUTRAL,0.023012647054947943,0.13750352374993502,0.033200231783901406,0.17070375553383643,0.010287391052026085,0.010287391052025766,False
ENC1,NEUTRAL,-0.10450858319119219,0.13750352374993502,-0.15077401470026466,-0.013270490950329644,-0.1736868554321403,-0.1736868554321403,False
TMEM26-AS1,DIG,-0.8437114311156887,0.4329594072761063,-1.2172182976119343,-0.7842588903358281,-0.9313814359846623,-1.240131138343811,True
FHDC1,NEUTRAL,0.006218445240933232,0.13750352374993502,0.008971320111133949,0.14647484386106896,-0.01394152062074267,-0.013941520620742186,False
MTHFD1,NEUTRAL,0.03966436296891622,0.13750352374993502,0.05722357975527527,0.19472710350521028,0.034310739023398595,0.03431073902339891,False
AK6,NEUTRAL,-0.011526865084220255,0.13750352374993502,-0.016629751094000705,0.12087377265593431,-0.03954259182587725,-0.03954259182587725,False
PLG,NEUTRAL,0.038078360581000906,0.13750352374993502,0.0549354619753918,0.1924389857253268,0.032022621243516645,0.03202262124351571,False
AMMECR1L,NEUTRAL,-0.07171441261559298,0.13750352374993502,-0.10346202744078092,0.034041496309154096,-0.12637486817265667,-0.12637486817265717,False
PRDM8,NEUTRAL,-0.013506823893112514,0.13750352374993502,-0.019486227848753986,0.11801729590118104,-0.04239906858063046,-0.042399068580630785,False
PIF1,NEUTRAL,-0.030596588963200604,0.13750352374993502,-0.044141547165327505,0.09336197658460751,-0.06705438789720379,-0.06705438789720362,False
MRPL30P1,DIG,1.3527393677376052,0.4854268271702419,1.951590377450315,2.437017204620557,2.2836522734752487,1.9286775367184361,True
FGGY,DIG,1.3927285078653777,0.44183755862255913,2.0092825116020663,2.4511200702246256,2.283521899184291,1.9863696708701901,True
RAD54L,NEUTRAL,0.00240297879989935,0.13750352374993502,0.003466765597976105,0.14097028934791112,-0.019446075133898802,-0.019446075133898965,False
KAT7,DSG,-0.019448859776557952,1.1483918398926711,-0.02805877355058499,1.120333066342086,0.9588233044209636,-0.05097161428246187,False
TAF15,DIG,1.3593492186278706,0.4681488357384065,1.9611263765507163,2.429275212289123,2.2677204379766325,1.9382135358188401,True
PGR,NEUTRAL,0.023574356533757335,0.13750352374993502,0.03401060726340004,0.17151413101333507,0.011097766531524103,0.01109776653152442,False
KRT40,DIG,-1.3917489557522262,0.4768136968655339,-2.00786931662613,-1.5310556197605962,-1.6843428611806068,-2.030782157358003,True
LINC01055,NEUTRAL,0.041078791974343526,0.13750352374993502,0.05926416946709476,0.19676769321702978,0.03635132873521895,0.036351328735219575,False
GPRIN1,DIG,-0.8022939156045548,0.4681488357384065,-1.1574654533780797,-0.6893166176396732,-0.8531091310763457,-1.1803782941099557,True
SLC2A3P1,DIG,0.6990693617272818,0.4506614090095652,1.0085439014013624,1.4592053104109275,1.3036448017732016,0.9856310606694871,True
AVIL,DIG,-0.744337298740165,0.4329594072761063,-1.073851729641123,-0.6408923223650167,-0.8012139555199327,-1.0967645703729998,True
TNFRSF17,DCG,-0.8521578863076288,1.132028393683784,-1.2294039566304371,-0.09737556294665306,-0.2582059124545449,-1.2523167973623148,True
SUCLG2P2,DIG,-1.1041215643961089,0.560714954474479,-1.5929107054928306,-1.0321957510183517,-1.1900541876657496,-1.6158235462247081,True
EWSR1,NEUTRAL,0.004440519450192133,0.13750352374993502,0.0064063153897631776,0.1439098391396982,-0.016506525342112246,-0.016506525342112572,False
BCAN,DCG,0.7745468467237262,-0.7369655941662062,1.1174348947045039,0.38046930053829764,0.22005293605648626,1.094522053972628,True
ZNF326,NEUTRAL,0.0404516026803529,0.13750352374993502,0.05835932658295583,0.19586285033289086,0.035446485851079894,0.035446485851079894,False
SNAPC5,NEUTRAL,0.03151464450585298,0.13750352374993502,0.04546602134397271,0.18296954509390773,0.022553180612096494,0.022553180612096494,False
CNTN5,NEUTRAL,-0.022664707137466777,0.13750352374993502,-0.032698260590424015,0.104805263159511,-0.05561110132229986,-0.05561110132229936,False
GFER,DCG,-0.896217443539527,1.3362833878644325,-1.2929684613526602,0.04331492651177227,-0.11335047208848682,-1.3158813020845361,True
ANKS1A,DIG,-1.0977921316468966,0.45943161863729726,-1.5837792642539017,-1.1243476456166044,-1.2748908660630787,-1.606692104985778,True
ZNF789,DSG,-0.08166631814834302,1.0817940911636472,-0.11781959220027483,0.9639744989633724,0.8059790053513248,-0.1407324329321523,False
PATE2,NEUTRAL,-0.009867983872750489,0.13750352374993502,-0.014236491396789397,0.12326703235314562,-0.03714933212866425,-0.03714933212866507,False
RPL7P17,DIG,-1.3298997743958387,0.4506614090095652,-1.918639809400228,-1.4679784003906629,-1.610461356231781,-1.9415526501320886,True
MAB21L2,NEUTRAL,0.030465224783739548,0.13750352374993502,0.04395202871506859,0.1814555524650036,0.021039187983192868,0.021039187983192553,False
FAM78A,NEUTRAL,0.026818819237838493,0.13750352374993502,0.038691377516927125,0.17619490126686216,0.01577853678505221,0.01577853678505221,False
FRZB,DIG,-1.4162958804784946,0.405992359675837,-2.043283043197792,-1.6372906835219552,-1.795084751973293,-2.0661958839296704,True
PLA2R1,NEUTRAL,-0.004239988299668329,0.13750352374993502,-0.006117010093358727,0.1313865136565763,-0.02902985082523383,-0.02902985082523383,False
SPINK2,NEUTRAL,-0.0032719939085946417,0.13750352374993502,-0.004720489385748386,0.13278303436418665,-0.027633330117623447,-0.027633330117623284,False
RPL9P3,DIG,1.0103316172619654,0.4329594072761063,1.4576004138771639,1.8905598211532701,1.7331628884571868,1.4346875731452864,True
PPM1N,DIG,1.45454804055861,0.5025003405291834,2.0984692448486655,2.600969585377849,2.434632322568363,2.075556404116788,True
PRNP,DSG,-0.09962026380289354,1.4418375586225591,-0.14372166056048483,1.2981158980620744,1.1375802909855537,-0.1666345012923623,False
SRGAP3-AS4,DIG,-0.9475579910877459,0.49398884067366594,-1.3670372146969996,-0.8730483740233337,-1.031890034030487,-1.3899500554288615,True
BSND,NEUTRAL,0.0269917254403381,0.13750352374993502,0.03894082843781225,0.17644435218774726,0.016027987705935803,0.01602798770593612,False
ZNF396,NEUTRAL,0.033130509942032836,0.13750352374993502,0.04779722239549328,0.1853007461454283,0.02488438166361829,0.024884381663618605,False
HIPK3,DIG,1.0916927807563728,0.53605290024021,1.5749797609715013,2.1110326612117114,1.9639345889184858,1.5520669202396256,True
SLC25A46,NEUTRAL,-0.003008281121315812,0.13750352374993502,-0.004340032255322212,0.13316349149461282,-0.02725287298719852,-0.027252872987197866,False
CATSPERD,DIG,1.6667007892045862,0.405992359675837,2.4045409632311783,2.8105333229070153,2.651019230909573,2.381628122499299,True
MIOS,DSG,0.010991715277741045,1.3122779248536431,0.01585769312206046,1.3281356179757036,1.1656387267597264,-0.007055147609814993,False
SHOC1,NEUTRAL,-0.027358359806711044,0.13750352374993502,-0.03946977001999796,0.09803375372993706,-0.062382610751873506,-0.062382610751873506,False
FILIP1,DIG,0.9380262908229314,0.4329594072761063,1.3532858779937118,1.786245285269818,1.627717256150273,1.3303730372618343,True
EFCAB6,NEUTRAL,-0.003886143805528865,0.13750352374993502,-0.005606520396417858,0.13189700335351717,-0.028519361128294146,-0.02851936112829333,False
NUTF2,NEUTRAL,0.0029943355010877263,0.13750352374993502,0.004319912978177032,0.14182343672811204,-0.01859292775369929,-0.018592927753698963,False
EFCAB8,DCG,2.0794415416798357,-3.321928094887362,3.0,-0.3219280948873622,-0.4823444593691721,2.9770871592681236,True
RAPGEF2,NEUTRAL,-0.010377667606958673,0.13750352374993502,-0.014971809592553315,0.1225317141573817,-0.037884650324428205,-0.037884650324428046,False
RUFY1,DIG,-1.15113286486759,0.49398884067366594,-1.6607336755487776,-1.1667448348751117,-1.3308606406355559,-1.683646516280654,True
RMI1,NEUTRAL,-0.04231219845232028,0.13750352374993502,-0.06104359887627214,0.07645992487366288,-0.08395643960814751,-0.08395643960814785,False
HLA-V,DSG,0.07481715720351946,1.359895945086383,0.10793834167092752,1.4678342867573104,1.3048057472306898,0.08502550093905036,False
CDH18,DCG,-0.9935047444577809,1.4284997590854065,-1.4333243679288974,-0.004824608843490896,-0.16821712456550864,-1.4562372086607718,True
HADH,NEUTRAL,-0.027121962849533682,0.13750352374993502,-0.039128721302196946,0.09837480244773808,-0.06204156203407344,-0.06204156203407395,False
PGM1,NEUTRAL,0.024459613672436938,0.13750352374993502,0.03528776334728466,0.1727912870972197,0.012374922615409518,0.012374922615410153,False
SGMS2,NEUTRAL,-0.00845917959060679,0.13750352374993502,-0.012204016445357548,0.12529950730457748,-0.03511685717723453,-0.0351168571772342,False
CHCHD3P1,DCG,-0.7948603074823187,1.1099176920780351,-1.146741023804218,-0.036823331726182795,-0.20075230719272724,-1.1696538645360872,True
ZBTB11-AS1,DIG,-1.5917528975215331,0.49398884067366594,-2.2964140115749543,-1.8024251709012884,-1.9494698169589235,-2.319326852306832,True
RAB11FIP2,NEUTRAL,-0.02560095717555657,0.13750352374993502,-0.03693437395918619,0.10056914979074882,-0.05984721469106278,-0.05984721469106278,False
DSTNP3,DCG,-0.8860803940762588,1.3831282513240999,-1.278343790362757,0.10478446096134286,-0.05868390096199268,-1.3012566310946343,True
ZNF865,DSG,-0.06625682843922558,1.4014484345308889,-0.09558839781430158,1.3058600367165873,1.1490050328710997,-0.11850123854617864,False
LINC00426,NEUTRAL,0.0019458782432370438,0.13750352374993502,0.002807308891691811,0.14031083264162683,-0.020105531840183512,-0.020105531840183512,False
MIR100HG,NEUTRAL,0.03737913207216451,0.13750352374993502,0.053926688473245346,0.19143021222318035,0.031013847741369636,0.03101384774136901,False
PTGS1,NEUTRAL,0.03932700092576307,0.13750352374993502,0.05673686920863406,0.19424039295856907,0.03382402847675812,0.033824028476757806,False
LINC01355,NEUTRAL,0.040879971823533444,0.13750352374993502,0.058977332621492254,0.19648085637142726,0.036064491889617974,0.03606449188961735,False
IRAK3,DSG,0.08036641638060284,1.359895945086383,0.11594423036631328,1.4758401754526962,1.3176669680787536,0.09303138963443655,False
RAG1,DIG,-0.7202972120695109,0.5109619192773794,-1.0391692158188295,-0.52820729654145,-0.6820622044831361,-1.062082056550706,True
CLEC1A,DSG,0.032152528260155466,1.3171110785895865,0.04638629307296854,1.3634973716625551,1.2039210562311398,0.023473452341092615,False
FDXR,DCG,2.0794415416798357,-3.321928094887362,3.0,-0.3219280948873622,-0.482344459369173,2.9770871592681245,True
ZFYVE26,NEUTRAL,0.07839189330620903,0.13750352374993502,0.11309559571876451,0.2505991194686995,0.09018275498688937,0.09018275498688937,False
CASP2,DSG,-0.0034311966689732085,1.3457748368417302,-0.004950170418642378,1.3408246664230878,1.1822327747777102,-0.027863011150518712,False
COBLL1,NEUTRAL,0.006123555328531833,0.13750352374993502,0.008834422905082063,0.1463379466550171,-0.014078417826793066,-0.014078417826793227,False
BHLHE40,DIG,-1.0186090660635199,0.4240262825060986,-1.4695422482143787,-1.0455159657082802,-1.1978393036862804,-1.4924550889462558,True
ZCCHC10,NEUTRAL,-0.012472535880151289,0.13750352374993502,-0.017994065661603928,0.11950945808833109,-0.040906906393479874,-0.04090690639348004,False
STIMATE-MUSTN1,NEUTRAL,0.02578375283176783,0.13750352374993502,0.037198092345898215,0.17470161609583323,0.014285251614021985,0.014285251614021985,False
SEC24B,NEUTRAL,-0.03786271624923093,0.13750352374993502,-0.054624352967351436,0.08287917078258358,-0.07753719369922725,-0.07753719369922707,False
KPTN,DIG,-0.5705403117854969,0.415037499278844,-0.8231156784401794,-0.40807817916133543,-0.5749940352232179,-0.8460285191720556,True
POMGNT1,NEUTRAL,0.05252160811007451,0.13750352374993502,0.07577266355991806,0.2132761873098531,0.0528598228280427,0.05285982282804301,False
LINC01908,DIG,-0.9300407006338021,0.5277376320282061,-1.3417651066292833,-0.8140274746010772,-0.9637567383477262,-1.36467794736114,True
ZDHHC22,NEUTRAL,0.01107195004051043,0.13750352374993502,0.015973447416414755,0.15347697116634978,-0.006939393315460618,-0.006939393315460457,False
FUBP1,NEUTRAL,0.014275855886059048,0.13750352374993502,0.020595706491262907,0.15809923024119793,-0.0023171342406134612,-0.002317134240614103,False
KRT6B,DIG,1.3396620268137265,0.44183755862255913,1.9327237625514206,2.3745613211739798,2.207197894280786,1.9098109218195447,True
HNRNPCP7,DSG,0.10241438990131643,1.3315141437165605,0.14775273242629797,1.4792668761428585,1.3164386692498602,0.12483989169442132,False
ARHGAP15,NEUTRAL,-0.04854359327767155,0.13750352374993502,-0.07003360128862757,0.06746992246130745,-0.09294644202050181,-0.092946442020502,False
LRRC69,DCG,-0.7441261547746459,1.1645717669481057,-1.073547113289155,0.09102465365895074,-0.06181668575162503,-1.0964599540210314,True
TRIM71,NEUTRAL,0.052132607663114276,0.13750352374993502,0.07521145454418494,0.21271497829411995,0.05229861381230893,0.05229861381230862,False
VMO1,NEUTRAL,0.0008413225267512453,0.13750352374993502,0.0012137718371321939,0.13871729558706722,-0.02169906889474346,-0.02169906889474297,False
POU5F1P3,DSG,-0.01748501556553723,1.373880174522084,-0.025225545246266898,1.3486546292758173,1.1862293259143688,-0.048138385978143135,False
PNN,DIG,1.6712842838050666,0.4506614090095652,2.4111535481612325,2.8618149571707976,2.70243934082238,2.3882407074293557,True
PRANCR,DSG,-0.047186129959097975,-3.321928094887362,-0.0680751956907328,-3.390003290578095,-3.5504196550599043,-0.09098803642260798,False
MIRLET7B,NEUTRAL,0.002898739129541507,0.13750352374993502,0.0041819965670203225,0.14168552031695533,-0.018730844164855515,-0.018730844164854866,False
ACVR2A,NEUTRAL,-0.000672048690691873,0.13750352374993502,-0.000969561313297086,0.13653396243663793,-0.02388240204517337,-0.023882402045173206,False
SORCS2,NEUTRAL,0.022916682336114578,0.13750352374993502,0.03306178395994021,0.1705653077098752,0.010148943228065367,0.010148943228065367,False
NFIA,DIG,-1.164397671355168,0.35049724708413343,-1.679870746086758,-1.3293734990026245,-1.5028856005320723,-1.7027835868186345,True
KCTD5P1,NEUTRAL,0.03967372347438985,0.13750352374993502,0.05723708411010229,0.1947406078600373,0.03432424337822745,0.034324243378227134,False
CDYL2,NEUTRAL,0.0048032639885688564,0.13750352374993502,0.006929645136388832,0.14443316888632385,-0.01598319559548729,-0.01598319559548729,False
GLYATL1P2,DIG,-1.416799119512253,0.4768136968655339,-2.044009063656177,-1.5671953667906433,-1.723012496205505,-2.0669219043880434,True
C6orf163,DIG,-0.600266986986616,0.45943161863729726,-0.8660022053349509,-0.4065705866976536,-0.5606551947016774,-0.8889150460668288,True
IPO5P1,DIG,0.6299645122866979,0.5769251816557379,0.9088466778120535,1.4857718594677913,1.3243400276067963,0.8859338370801758,True
TSPAN12,DIG,-1.6827439062201206,0.5025003405291834,-2.427686288589891,-1.9251859480607076,-2.082605988485831,-2.4505991293217693,True
CLIP3,DSG,0.07165531967904003,1.2529807411698708,0.1033767743542644,1.3563575155241352,1.19831298492439,0.08046393362238903,False
CNNM2,NEUTRAL,-0.049854313540162995,0.13750352374993502,-0.07192457091131665,0.06557895283861837,-0.09483741164319105,-0.09483741164319173,False
MS4A2,DIG,1.3247783583190782,0.5109619192773794,1.9112511678239563,2.4222130871013356,2.2750500270460696,1.888338327092079,True
C14orf93,DIG,1.357536656575371,0.4329594072761063,1.9585114022662717,2.391470809542378,2.2206296453139793,1.9355985615343951,True
IFT57,DIG,1.3321474947985503,0.4329594072761063,1.9218825844785248,2.3548419917546313,2.1957614605351274,1.8989697437466473,True
SKP2,DCG,-0.7682537905354644,1.132028393683784,-1.108355933749663,0.02367245993412115,-0.13143805814922602,-1.1312687744815386,True
PRDM15,DIG,-0.6701656223903881,0.5025003405291834,-0.9668446199968787,-0.4643442794676953,-0.6148411456837027,-0.9897574607287569,True
MED25,DIG,-1.6293895216233296,0.5025003405291834,-2.350712182522418,-1.8482118419932347,-2.003422255480067,-2.373625023254294,True
TPSD1,DCG,-0.854097600835701,1.126532405928932,-1.2322023731608271,-0.10566996723189526,-0.27007909435492095,-1.255115213892703,True
NECAP1,DSG,0.0783264271415581,-0.7369655941662062,0.11300114800767658,-0.6239644461585296,-0.7843808106403406,0.09008830727580076,False
GABRA4,NEUTRAL,-0.02820712308384941,0.13750352374993502,-0.04069427659081415,0.09680924715912087,-0.06360711732268916,-0.06360711732268916,False
NAGPA,DCG,-0.7896018989945038,1.1099176920780351,-1.139154743955879,-0.029237051877843756,-0.189903621596148,-1.1620675846877546,True
SUCLA2,NEUTRAL,-0.005918644449449241,0.13750352374993502,-0.008538798996005409,0.12896472475392962,-0.03145163972788218,-0.03145163972788169,False
PAG1,DCG,-0.6701747900219742,1.2120504771149891,-0.9668578460935047,0.24519263102148448,0.08687737262203811,-0.9897706868253814,True
PSMG2,DIG,0.9717761803557894,0.4506614090095652,1.4019766762533163,1.8526380852628814,1.683409624566702,1.3790638355214393,True
C19orf18,DSG,-0.04606222203164603,1.070389327891398,-0.06645373929738209,1.003935588594016,0.839095914498401,-0.08936658002925787,False
KISS1,DCG,-0.8497663849683058,1.2779847472997656,-1.2259537495079167,0.05203099779184894,-0.10898259478137529,-1.2488665902397904,True
PPP5C,DIG,0.8965436776422523,0.4329594072761063,1.2934391176748308,1.726398524950937,1.561193085352235,1.2705262769429548,True
MIR3936,NEUTRAL,0.05752051293829079,0.13750352374993502,0.08298455876546158,0.2204880825153966,0.06007171803358672,0.060071718033586415,False
TMEM86A,DIG,-1.0808800297591648,0.5443205162238104,-1.5593802587294623,-1.015059742505652,-1.1661240031137883,-1.582293099461339,True
TSPAN18,DIG,0.9230807790875839,0.5025003405291834,1.331724062329578,1.8342244028587613,1.6661213584629682,1.3088112215977017,True
CSN1S1,DIG,-1.5885344673505504,0.53605290024021,-2.29177079832783,-1.75571789808762,-1.9161708156800688,-2.314683639059706,True
CATSPERG,DSG,0.07036604837635312,1.3968901525685844,0.10151674903951753,1.4984069016081019,1.3405288011642564,0.0786039083076422,False
ICOSLG,DSG,-0.06495117157129292,1.3785116232537298,-0.09370473312583252,1.2848068901278973,1.1214052453552787,-0.11661757385770849,False
PLCL2,DIG,1.6906210010694391,0.415037499278844,2.439050534265615,2.8540880335444587,2.6988850978174863,2.416137693533739,True
HOXC8,DIG,-0.8961497467181724,0.53605290024021,-1.292870795484208,-0.756817895243998,-0.9177730444379786,-1.315783636216086,True
PITPNC1,DCG,-0.9097775983796103,1.3122779248536431,-1.3125316294941347,-0.00025370464049156993,-0.15988764802382222,-1.335444470226012,True
LRRC8E,DIG,-0.921360726221598,0.5025003405291834,-1.3292425505897534,-0.82674221006057,-0.9842669280349158,-1.3521553913216309,True
PRKAR2A,NEUTRAL,0.02395286786921052,0.13750352374993502,0.03455668368997861,0.17206020743991363,0.01164384295810355,0.011643842958103232,False
BMP7,DCG,-0.8984096214569279,1.3877301532831086,-1.2961311055628408,0.09159904772026772,-0.06645466563603597,-1.3190439462947168,True
DSG1,NEUTRAL,0.023213693310206687,0.13750352374993502,0.03349028021935249,0.1709938039692875,0.010577439487475844,0.010577439487475524,False
ADAMTSL4,DCG,-0.8919787064993964,1.3504972470841334,-1.2868532564452313,0.06364399063890214,-0.09848131918632966,-1.309766097177107,True
KRTAP5-2,NEUTRAL,-0.0003606114085927729,0.13750352374993502,-0.0005202522908647772,0.13698327145907024,-0.023433093022739375,-0.023433093022738723,False
ELMO2,DCG,-0.9880836542724716,1.410522018156351,-1.4255033880023398,-0.014981369845988857,-0.17319642134690236,-1.4484162287342175,True
SLC7A1,NEUTRAL,0.014147011541302856,0.13750352374993502,0.02040982339403656,0.1579133471439716,-0.0025030173378389423,-0.0025030173378397446,False
RTF1,NEUTRAL,-0.003937673707900808,0.13750352374993502,-0.005680862331027353,0.13182266141890767,-0.028593703062902924,-0.028593703062902435,False
IRAK4,DIG,1.131377442619092,0.5025003405291834,1.6322326258402016,2.134732966369385,1.9797524240367956,1.609319785108325,True
CALHM1,NEUTRAL,-0.03409994805173635,0.13750352374993502,-0.0491958259488113,0.08830769780112371,-0.07210866668068645,-0.07210866668068679,False
RXYLT1,DIG,-1.24157955439885,0.5025003405291834,-1.7912206660003498,-1.2887203254711666,-1.4389863359221629,-1.814133506732227,True
GAPDHP61,NEUTRAL,-0.02954094744632226,0.13750352374993502,-0.04261857838397061,0.09488494536596441,-0.06553141911584746,-0.06553141911584695,False
RNF114,DCG,2.0794415416798357,-3.321928094887362,3.0,-0.3219280948873622,-0.48234445936917275,2.9770871592681245,True
EME1,DSG,-0.029180922367258545,-3.321928094887362,-0.042099171987809735,-3.364027266875172,-3.5244436313569825,-0.06501201271968575,False
TREM2,DSG,0.010670846761258164,1.3025627700204314,0.01539477770455321,1.3179575477249845,1.157901874620579,-0.007518063027323736,False
CNKSR3,DIG,-0.7931165534075738,0.33151414371656057,-1.1442253184480535,-0.812711174731493,-0.9610728303812442,-1.1671381591799295,True
FKTN,NEUTRAL,-0.04281710411350875,0.13750352374993502,-0.061772023769785515,0.0757314999801495,-0.08468486450166056,-0.08468486450166056,False
KLK10,DIG,0.6853828674450458,0.5277376320282061,0.9887984639732254,1.5165360960014316,1.3484361813420422,0.9658856232413485,True
HHATL-AS1,NEUTRAL,-0.014491952020314034,0.13750352374993502,-0.020907467312507852,0.11659605643742717,-0.04382030804438308,-0.043820308044382916,False
SOHLH1,NEUTRAL,0.07020727765876994,0.13750352374993502,0.1012876913126219,0.2387912150625569,0.0783748505807461,0.0783748505807458,False
FLT4,DIG,1.1666020529867465,0.3968901525685844,1.683050996534863,2.0799411491034476,1.922121410071885,1.6601381558029868,True
LINC02574,NEUTRAL,-0.035056676957218307,0.13750352374993502,-0.05057609399622525,0.08692742975370976,-0.0734889347281006,-0.07348893472810093,False
ERBB3,DIG,0.5756759275711472,0.53605290024021,0.8305248058660482,1.3665777061062583,1.1980155366348535,0.8076119651341711,True
HPS6,NEUTRAL,0.020315262548226232,0.13750352374993502,0.02930872853268327,0.16681225228261828,0.006395887800807942,0.006395887800808899,False
RPSAP19,NEUTRAL,-0.057319799256996706,0.13750352374993502,-0.08269499013282004,0.05480853361711498,-0.10560783086469536,-0.10560783086469484,False
ZNF385C,NEUTRAL,0.015627413831883208,0.13750352374993502,0.0225455924371775,0.1600491161871125,-0.0003672482946986531,-0.00036724829469897354,False
GIMAP7,DIG,1.0452443042019515,0.5769251816557379,1.5079687741895906,2.0848939558453283,1.9251278787612576,1.4850559334577127,True
UBQLN3,NEUTRAL,-0.01573518170142594,0.13750352374993502,-0.022701068608133965,0.11480245514180105,-0.04561390934000934,-0.04561390934000934,False
NIN,DIG,1.6398846829960543,0.37851162325372983,2.3658534997881775,2.7443651230419075,2.5856368613051863,2.342940659056301,True
ZNF22-AS1,DIG,1.6826918061840868,0.3877301532831085,2.4276111241262748,2.815341277409383,2.6535669200897947,2.4046982833943975,True
PCDHA8,DIG,1.0336249444537542,0.405992359675837,1.4912055815025616,1.8971979411783986,1.7380146404925227,1.4682927407706843,True
GULP1,DIG,0.9462423158709201,0.4329594072761063,1.3651390965862646,1.798098503862371,1.6272809787149343,1.3422262558543878,True
STXBP5-AS1,DIG,1.2655310953128984,0.405992359675837,1.8257754352986966,2.231767794974534,2.080071102915651,1.8028625945668193,True
NSA2P6,NEUTRAL,0.04448038017049244,0.13750352374993502,0.06417162388882523,0.20167514763876027,0.04125878315694987,0.04125878315694987,False
ITFG1-AS1,NEUTRAL,-0.01524037544097375,0.13750352374993502,-0.021987214069978778,0.11551630967995624,-0.04490005480185333,-0.044900054801852995,False
LBR,DCG,-0.842392481679375,1.132028393683784,-1.2153154558009813,-0.08328706211719727,-0.24953070908143268,-1.2382282965328593,True
IPP,NEUTRAL,0.00843980770337526,0.13750352374993502,0.012176068719715959,0.14967959246965098,-0.010736772012159506,-0.010736772012159184,False
CYTH4,NEUTRAL,0.012831534104946864,0.13750352374993502,0.018511990620204446,0.15601551437013947,-0.004400850111670435,-0.004400850111670756,False
ADSL,NEUTRAL,-0.07602710263536007,0.13750352374993502,-0.10968392394519022,0.0278195998047448,-0.13259676467706544,-0.13259676467706527,False
CEP44,NEUTRAL,-0.09081112945118332,0.13750352374993502,-0.13101276611674786,0.006490757633187155,-0.1539256068486223,-0.15392560684862194,False
LRRN4,DSG,0.010560741414736383,-0.7369655941662062,0.015235929267150875,-0.7217296648990553,-0.8821460293808645,-0.007676911464723392,False
CHORDC1P1,DIG,-1.580818325012672,0.3692338096657191,-2.2806387580421794,-1.9114049483764604,-2.071123906189148,-2.3035515987740505,True
OSBPL9,NEUTRAL,-0.02077132320596725,0.13750352374993502,-0.0299666849819508,0.10753683876798423,-0.052879525713825655,-0.052879525713826155,False
GCNT4,NEUTRAL,0.01912337672712197,0.13750352374993502,0.027589200769270284,0.16509272451920531,0.0046763600373961175,0.0046763600373961175,False
SCGB2A1,DIG,-1.4168212529539794,0.3968901525685844,-2.044040995462794,-1.6471508428942094,-1.7924840720210946,-2.0669538361946707,True
RN7SKP175,DCG,-0.940293604734787,1.2529807411698708,-1.3565569205304844,-0.10357617936061358,-0.2696184022381517,-1.3794697612623605,True
TAF1A,DCG,-0.8153275041667324,1.1911414873520083,-1.1762689469617205,0.014872540390287847,-0.14109963262610017,-1.1991817876935977,True
RPL32P1,DSG,0.08797266588463529,1.2377676472233639,0.12691772880554503,1.3646853760289088,1.1962872337951254,0.10400488807367028,False
PSMA8,DIG,1.1793712915247547,0.4854268271702419,1.7014731136495755,2.1868999408198175,2.0352667582594726,1.6785602729176976,True
LMX1A,DCG,0.8255399759310065,-0.7369655941662062,1.1910024293312573,0.4540368351650511,0.2936204706832389,1.1680895885993805,True
EML2,DIG,-1.353476676491798,0.45943161863729726,-1.952654089133593,-1.4932224704962958,-1.6552522628421462,-1.97556692986547,True
PIK3CD,NEUTRAL,-0.04363086232936434,0.13750352374993502,-0.06294602871228303,0.074557495037652,-0.08585886944415821,-0.08585886944415787,False
SCAF4,DIG,-1.1391864944875687,0.4240262825060986,-1.6434987062448978,-1.2194724237387993,-1.3791532824586124,-1.666411546976773,True
POTEKP,NEUTRAL,0.0016036537709390947,0.13750352374993502,0.0023135833426367177,0.13981710709257172,-0.020599257389238783,-0.02059925738923927,False
PICSAR,DSG,-0.061881503453693185,1.1911414873520083,-0.08927613815539642,1.101865349196612,0.939316248389179,-0.11218897888727207,False
TRAPPC12-AS1,DIG,-0.9540571181521508,0.4854268271702419,-1.3764134730829238,-0.890986645912682,-1.0535190263711487,-1.3993263138148002,True
DHX9,DCG,2.0794415416798357,-3.321928094887362,3.0,-0.3219280948873622,-0.482344459369173,2.9770871592681245,True
ST13P6,DCG,-0.8647011011824134,1.2878662588137295,-1.2474999905270936,0.04036626828663592,-0.12922005864149946,-1.2704128312589704,True
SNORA5C,DSG,0.03316004504182739,1.2479275134435854,0.04783983253749903,1.2957673459810846,1.1366771994954217,0.024926991805623952,False
DNAH9,NEUTRAL,0.029499080420214454,0.13750352374993502,0.04255817703302811,0.18006170078296313,0.01964533630115202,0.019645336301151388,False
KIAA1671,NEUTRAL,0.048754675753431384,0.13750352374993502,0.07033812892962485,0.20784165267955987,0.04742528819774832,0.04742528819774832,False
CKLF,NEUTRAL,-0.02392049530054828,0.13750352374993502,-0.03450997994570876,0.10299354380422626,-0.057422820677583315,-0.05742282067758365,False
ZNF487,DIG,-0.7869037621196129,0.4681488357384065,-1.135262155266834,-0.6671133195284276,-0.8361457229672848,-1.1581749959987102,True
FCER1G,DCG,-0.7026364397939001,1.1483918398926711,-1.0136901072385365,0.13470173265413465,-0.02456675942109596,-1.0366029479704135,True
SCG2,NEUTRAL,-0.0337284273343691,0.13750352374993502,-0.04865983485227806,0.08884368889765695,-0.07157267558415277,-0.0715726755841531,False
NPLOC4,DCG,0.9374823002071,-0.7369655941662062,1.3525010654299616,0.6155354712637554,0.45511910678194284,1.3295882246980841,True
CLLU1,DIG,1.2160905871255212,0.4854268271702419,1.7544478593177373,2.2398746864879793,2.0817563660500484,1.7315350185858591,True
RFC3,NEUTRAL,0.07013760541138218,0.13750352374993502,0.10118717550682801,0.23869069925676303,0.07827433477495177,0.07827433477495208,False
DOP1A,DIG,-1.1529465396296696,0.5025003405291834,-1.663350255133815,-1.1608499146046318,-1.3173007622244741,-1.6862630958656908,True
CAPZA1P2,NEUTRAL,0.006000532748486071,0.13750352374993502,0.008656938838932676,0.1461604625888677,-0.014255901892943443,-0.014255901892943604,False
RN7SKP23,DCG,-0.8087108890663297,1.1538053360790355,-1.1667231891688985,-0.01291785308986304,-0.16910753200541542,-1.1896360299007742,True
RPS29P11,NEUTRAL,-0.03618665105729176,0.13750352374993502,-0.05220630202673419,0.08529722172320084,-0.07511914275860938,-0.07511914275860938,False
SLC15A1,DIG,0.7106885573975744,0.4329594072761063,1.025306857374012,1.4582662646501183,1.307118165354084,1.0023940166421357,True
LINC01361,NEUTRAL,-0.04387458036872821,0.13750352374993502,-0.06329763951904846,0.07420588423088656,-0.08621048025092294,-0.08621048025092311,False
PSORS1C2,DSG,-0.1243822224529431,1.282933963271499,-0.1794456155076089,1.10348834776389,0.9442264587915464,-0.202358456239486,False
OR7E53P,DIG,-1.553834876489347,0.4854268271702419,-2.241709870671496,-1.756283043501254,-1.9143152878084058,-2.2646227114033564,True
LINC02362,NEUTRAL,-0.014737109591027916,0.13750352374993502,-0.021261154924013155,0.11624236882592187,-0.04417399565588913,-0.0441739956558883,False
SSBP4,DIG,-1.2849573554678229,0.53605290024021,-1.8538016044872252,-1.3177487042470153,-1.4804837199840795,-1.8767144452191016,True
IL15,NEUTRAL,0.013060552040211785,0.13750352374993502,0.018842393659685777,0.15634591740962078,-0.004070447072189629,-0.004070447072189789,False
HIGD2B,NEUTRAL,-0.009704087065093712,0.13750352374993502,-0.014000038285165434,0.12350348546476958,-0.03691287901704129,-0.03691287901704129,False
RPL39P40,DIG,-1.112387614024932,0.4240262825060986,-1.604836094300076,-1.1808098117939774,-1.3350071388200864,-1.6277489350319423,True
KCNH8,DIG,-0.992267240900995,0.3692338096657191,-1.43153902768444,-1.062305218018721,-1.2139090210660872,-1.4544518684163168,True
MS4A4E,DIG,0.9809663904318364,0.4681488357384065,1.4152353467547572,1.8833841824931636,1.7424873112826533,1.39232250602288,True
CD300LF,DCG,-0.9616429992498267,1.2680350868921602,-1.387357586123314,-0.1193224992311539,-0.2813529599222698,-1.410270426855191,True
TAS2R14,DSG,0.1059920512768255,1.4014484345308889,0.15291420675072487,1.5543626412816138,1.392167827971441,0.13000136601884765,False
RHBDD2,DSG,0.08827758029540961,1.4982508675278254,0.1273576273138647,1.6256084948416902,1.4613823605620335,0.1044447865819881,False
CEBPE,DIG,0.5614567716907229,0.49398884067366594,0.8100109001917329,1.303999740865399,1.1417269460767174,0.7870980594598561,True
MIR3654,DSG,0.010457162903799213,1.2479275134435854,0.015086497063079157,1.2630140105066645,1.102614792059152,-0.007826343668796486,False
FYB1,DSG,0.036970418729591795,1.2927817492278462,0.05333703976077053,1.3461187889886168,1.189817210496062,0.030424199028894015,False
TGFB2,DCG,-0.8564650910348441,1.1963972128035036,-1.2356179395304843,-0.039220726726980626,-0.19900067506315783,-1.25853078026236,True
TESC-AS1,NEUTRAL,0.022655082914387725,0.13750352374993502,0.03268437577151546,0.17018789952145047,0.00977153503963968,0.009771535039639363,False
TREX1,NEUTRAL,-0.05188758963227897,0.13750352374993502,-0.07485796824617047,0.06264555550376455,-0.09777080897804696,-0.09777080897804678,False
DHRS3,NEUTRAL,-0.003396281378408148,0.13750352374993502,-0.004899798302092968,0.13260372544784205,-0.0278126390339702,-0.027812639033969872,False
TPCN1,NEUTRAL,-0.010057015878019552,0.13750352374993502,-0.014509206933360372,0.12299431681657465,-0.03742204766523716,-0.037422047665237324,False
EGR2,DIG,0.9602969623868274,0.3410369178350672,1.3854156654162113,1.7264525832512785,1.5684253435738365,1.362502824684335,True
RD3,DCG,-0.9566156764704722,1.3267290811511836,-1.3801046924805913,-0.05337561132940771,-0.215373659544105,-1.4030175332124644,True
ANGPTL7,NEUTRAL,-0.037306033889489526,0.13750352374993502,-0.053821230087602145,0.08368229366233287,-0.07673407081947826,-0.07673407081947793,False
SEC14L1P1,DIG,1.5720639898260695,0.5443205162238104,2.2680089220821884,2.8123294383059987,2.65431798336838,2.2450960813503116,True
RBFOX3,DCG,-0.9929221024512842,1.2779847472997656,-1.432483793195511,-0.15449904589574537,-0.3176392003725974,-1.455396633927385,True
SCARNA12,DSG,-0.05428929804098909,1.1699250014423124,-0.07832290105707787,1.0916021003852345,0.9313853958980596,-0.10123574178895517,False
SNCB,DIG,-0.7979497941424106,0.5277376320282061,-1.151198210887625,-0.623460578859419,-0.7843073862396553,-1.1741110516194975,True
TESK2,NEUTRAL,-0.00908627883195507,0.13750352374993502,-0.013108729410995943,0.12439479433893907,-0.03602157014287113,-0.03602157014287113,False
SNTA1,DCG,-1.085328919282314,1.446256229889564,-1.5657986495819725,-0.11954241969240842,-0.2827144310501309,-1.588711490313847,True
PGBD5,DCG,-0.7930166450484664,1.415037499278844,-1.1440811811538258,0.2709563181250181,0.11313307693550724,-1.1669940218857013,True
KNTC1,DIG,1.527826124486712,0.5025003405291834,2.2041871731375835,2.706687513666767,2.5464841025001994,2.1812743324057062,True
UNC13B,DIG,-1.5866635325097405,0.4768136968655339,-2.289071609911167,-1.8122579130456333,-1.9780158619038022,-2.3119844506430445,True
MRPS10,DSG,-0.016505486750518363,1.3315141437165605,-0.023812383882431336,1.3077017598341292,1.145359900874819,-0.046725224614306816,False
CCDC178,NEUTRAL,0.0268001560583439,0.13750352374993502,0.03866445224042306,0.17616797599035808,0.015751611508548768,0.015751611508548768,False
P3H4,DIG,-0.7710823615650991,0.4768136968655339,-1.1124366991469192,-0.6356230022813854,-0.7861136084903133,-1.1353495398787965,True
ZSCAN31,DSG,0.02287393966861411,1.3025627700204314,0.03300011932550292,1.3355628893459344,1.1726071183612092,0.010087278593625869,False
PACRG,NEUTRAL,0.028346055901547658,0.13750352374993502,0.04089471427792414,0.17839823802785915,0.017981873546048355,0.01798187354604804,False
ZNF77,NEUTRAL,0.008801680589208542,0.13750352374993502,0.012698140937539815,0.15020166468747484,-0.010214699794336191,-0.010214699794336191,False
ZNF525,DSG,0.14334821523133406,1.450661409009565,0.20680775923452943,1.6574691682440945,1.5036945573601623,0.18389491850265316,False
AVEN,NEUTRAL,-0.006444413244753901,0.13750352374993502,-0.009297323029645607,0.1282062007202894,-0.032210163761520604,-0.03221016376152142,False
SLIT2,NEUTRAL,-0.0277718214265259,0.13750352374993502,-0.04006626904850277,0.09743725470143225,-0.06297910978037863,-0.06297910978037913,False
LINC02094,NEUTRAL,0.07375726648581316,0.13750352374993502,0.10640924258860839,0.24391276633854342,0.08349640185673277,0.08349640185673246,False
GOT1,NEUTRAL,0.011553500098892331,0.13750352374993502,0.016668177297582114,0.15417170104751712,-0.006244663434292213,-0.006244663434292696,False
MTCO3P43,NEUTRAL,-0.05075553990501925,0.13750352374993502,-0.07322476571861317,0.06427875803132185,-0.09613760645048888,-0.09613760645048837,False
LINC01871,DIG,-1.46607287072884,0.4506614090095652,-2.115096060182344,-1.6644346511727788,-1.8307567526005433,-2.138008900914214,True
WDFY3,NEUTRAL,-0.008247044954216961,0.13750352374993502,-0.011897970857437159,0.12560555289249786,-0.034810811589313304,-0.03481081158931281,False
GPRIN3,NEUTRAL,-0.046842127549998926,0.13750352374993502,-0.06757890512107174,0.06992461862886327,-0.09049174585294718,-0.09049174585294736,False
RBM22,DIG,1.2683902928970086,0.405992359675837,1.8299003854742142,2.235892745150051,2.074182495542806,1.806987544742337,True
DPYSL3,DIG,-1.1903384133038857,0.4329594072761063,-1.7172953258531534,-1.284335918577047,-1.4463381781155709,-1.7402081665850302,True
TCERG1L,NEUTRAL,-0.02959174163767553,0.13750352374993502,-0.042691858911941945,0.09481166483799308,-0.06560469964381757,-0.0656046996438174,False
ZC3HC1,DIG,1.4344289699223203,0.4506614090095652,2.0694435614143956,2.5201049704239606,2.3648709227069573,2.0465307206825196,True
TFIP11,NEUTRAL,0.03296089815444609,0.13750352374993502,0.04755252431066556,0.18505604806060058,0.024639683578790022,0.024639683578790022,False
MYEF2,NEUTRAL,0.03735501828320601,0.13750352374993502,0.05389189962949788,0.19139542337943288,0.030979058897622053,0.030979058897621113,False
SCOC,NEUTRAL,-0.011158567199925053,0.13750352374993502,-0.016098409562758122,0.1214051141871769,-0.03901125029463265,-0.03901125029463281,False
FLT3,NEUTRAL,-0.03980802531226922,0.13750352374993502,-0.057430840705593136,0.08007268304434188,-0.08034368143746747,-0.08034368143746763,False
DRAM1,NEUTRAL,-0.05506808841066103,0.13750352374993502,-0.07944645806129566,0.05805706568863936,-0.10235929879316993,-0.1023592987931708,False
ERI1,NEUTRAL,0.09377890450269856,0.13750352374993502,0.1352943604660429,0.27279788421597795,0.1123815197341678,0.1123815197341675,False
SCNN1G,DCG,-0.8133906436569943,1.0874628412503395,-1.1734746479094278,-0.08601180665908825,-0.24888214291582594,-1.1963874886413048,True
FAM8A6P,DIG,0.5743346484082456,0.4854268271702419,0.8285897490692823,1.3140165762395242,1.1667503195711146,0.8056769083374046,True
PGBD4,NEUTRAL,0.00610120409174825,0.13750352374993502,0.008802176886616653,0.14630570063655168,-0.01411066384525797,-0.014110663845257485,False
FAM136A,DIG,-0.8833490038040921,0.5109619192773794,-1.2744032271623698,-0.7634413078849903,-0.9351071045305975,-1.2973160678942464,True
MAN1B1-DT,NEUTRAL,0.037744773845556294,0.13750352374993502,0.05445419804645951,0.19195772179639453,0.03154135731458394,0.031541357314584885,False
ADAMTS19,NEUTRAL,0.007147999301272771,0.13750352374993502,0.010312383144224002,0.14781590689415902,-0.01260045758765161,-0.012600457587651773,False
CCNYL1,NEUTRAL,-0.044421944772604284,0.13750352374993502,-0.06408731943007961,0.0734162043198554,-0.08700016016195575,-0.08700016016195575,False
SNORA4,DSG,-0.13130222936769473,1.2927817492278462,-0.18942907516643842,1.1033526740614077,0.9387319148456662,-0.21234191589831383,False
FAAH,NEUTRAL,-0.022336322968304262,0.13750352374993502,-0.03222450237806681,0.1052790213718682,-0.055137343109941866,-0.05513734310994153,False
SDC2,DCG,2.0794415416798357,-3.321928094887362,3.0,-0.3219280948873622,-0.4823444593691723,2.9770871592681245,True
OR7E29P,DIG,0.8189513248317497,0.415037499278844,1.181497015064212,1.5965345143430558,1.4363279880270194,1.1585841743323348,True
COP1,DCG,-0.8707403213877107,1.126532405928932,-1.2562127435681125,-0.12968033763918063,-0.29044195762269187,-1.2791255842999891,True
GADL1,NEUTRAL,-0.058544308152524975,0.13750352374993502,-0.0844615830439231,0.053041940706011925,-0.10737442377579956,-0.10737442377579903,False
SPEF1,DSG,0.03940808196230232,1.2016338611696507,0.05685384441795937,1.25848770558761,1.0990929912584644,0.03394100368608303,False
TRPM5,NEUTRAL,-0.024344004180483592,0.13750352374993502,-0.035120974106563875,0.10238254964337115,-0.058033814838439314,-0.05803381483843915,False
SVOPL,DSG,-0.20359362348452284,1.2927817492278462,-0.2937235109577359,0.9990582382701103,0.8396479793543835,-0.31663635168961185,True
CCDC27,NEUTRAL,0.0035380595424316067,0.13750352374993502,0.005104340956235954,0.14260786470617098,-0.01780849977563896,-0.01780849977563896,False
SMARCB1,NEUTRAL,0.009557947936772912,0.13750352374993502,0.01378920408945718,0.1512927278393922,-0.009123636642417807,-0.009123636642417485,False
LDLRAD2,NEUTRAL,-0.02737385854639197,0.13750352374993502,-0.03949212997487567,0.09801139377505935,-0.06240497070675126,-0.06240497070675126,False
FYTTD1,DCG,-0.9687444441487211,1.3504972470841334,-1.3976028054620953,-0.04710555837796182,-0.20796889236159485,-1.4205156461939712,True
SLC9A2,NEUTRAL,-0.061697974607220506,0.13750352374993502,-0.08901136199873022,0.0484921617512048,-0.11192420273060567,-0.11192420273060551,False
CNOT3,DSG,0.0268891880802544,-0.7369655941662062,0.03879289829691365,-0.6981726958692925,-0.8585890603511038,0.015880057565037294,False
CX3CR1,NEUTRAL,0.030073768323342055,0.13750352374993502,0.04338727642092918,0.1808908001708642,0.020474435689053657,0.020474435689053973,False
APOBEC2,DSG,-0.14041555505132697,1.3785116232537298,-0.20257682493622065,1.1759347983175092,1.0131897016888127,-0.22548966566809478,False
NCAPD2,DSG,0.061871172791589026,1.2479275134435854,0.08926123416040965,1.337188747603995,1.177281630940203,0.06634839342853333,False
SRRM4,DIG,1.7317223183867136,0.44183755862255913,2.4983472009332504,2.9401847595558097,2.777321138681944,2.4754343602013735,True
RPS25P3,DIG,0.949359568338942,0.4329594072761063,1.3696363412630785,1.8025957485391848,1.6407527336492826,1.3467235005311995,True
HYAL4,DIG,-1.4432206852777625,0.5109619192773794,-2.0821273255585995,-1.57116540628122,-1.7250122315299738,-2.1050401662904674,True
ATP5PBP7,NEUTRAL,0.020183181771855328,0.13750352374993502,0.029118176251616203,0.16662170000155122,0.006205335519740365,0.006205335519740365,False
FAM180A,DSG,-0.032540349346763316,1.2016338611696507,-0.046945800631369855,1.1546880605382808,0.9860973831477439,-0.06985864136324682,False
TOP1,DCG,-1.0524146789729982,1.446256229889564,-1.518313438313095,-0.07205720842353092,-0.23383629741661288,-1.5412262790449704,True
COA4,DIG,-0.9018659414571664,0.5769251816557379,-1.3011175212869102,-0.7241923396311722,-0.8634878464549491,-1.3240303620187865,True
GABRB1,NEUTRAL,0.02198980013331795,0.13750352374993502,0.031724575602477274,0.1692280993524123,0.008811734870601839,0.008811734870602156,False
MARK2,DIG,1.6786875997962007,0.5277376320282061,2.4218342754277757,2.949571907455982,2.7833469546667264,2.3989214346958985,True
RWDD4P1,DSG,0.07002659888049649,1.415037499278844,0.10102702693521293,1.5160645262140569,1.355639284408523,0.07811418620333563,False
DTWD2,NEUTRAL,0.024366035412440836,0.13750352374993502,0.035152758455653264,0.1726562822055883,0.012239917723779078,0.012239917723778759,False
L3MBTL3,DIG,0.7360068691419859,0.44183755862255913,1.0618334601713553,1.5036710187939144,1.3506845939967924,1.0389206194394796,True
RPL31P61,DSG,0.02009475865359165,1.1911414873520083,0.028990608657397256,1.2201320960094055,1.0571998570154018,0.006077767925521253,False
LPIN3,DCG,-0.9102383395529783,1.1645717669481057,-1.3131963385000862,-0.1486245715519805,-0.30954537023535506,-1.3361091792319613,True
RASSF1,NEUTRAL,-0.009973129913184192,0.13750352374993502,-0.014388185067892212,0.1231153386820428,-0.03730102579976801,-0.03730102579976818,False
NHSL1,DIG,-1.2466813699035915,0.4240262825060986,-1.7985810299285707,-1.3745547474224722,-1.5253221046702483,-1.821493870660447,True
SCARB2,DIG,0.6969165251175791,0.37851162325372983,1.0054380147007,1.3839496379544298,1.230334404052015,0.9825251739688239,True
CKS1BP3,NEUTRAL,-0.015547599726690118,0.13750352374993502,-0.022430445023422438,0.11507307872651258,-0.0453432857552974,-0.04534328575529707,False
DBF4P1,DIG,1.052279775305885,0.4240262825060986,1.518118813461553,1.9421450959676516,1.7867773182243192,1.495205972729677,True
ASIC2,NEUTRAL,-0.03697939709481596,0.13750352374993502,-0.05334999280375472,0.0841535309461803,-0.07626283353563106,-0.07626283353563122,False
MRPS18A,DSG,-0.04459808159829422,1.2529807411698708,-0.0643414311550204,1.1886393100148505,1.027693859910064,-0.0872542718868977,False
PERCC1,DCG,-0.853210144908983,1.1429579538420431,-1.2309220448963436,-0.08796409105430048,-0.2465982846957923,-1.253834885628217,True
FYN,DIG,-0.9272674723843404,0.49398884067366594,-1.3377641839865317,-0.8437753433128659,-1.0028264538430025,-1.3606770247184088,True
SNORA5B,DSG,-0.004252906692727931,1.0588936890535687,-0.006135647394962069,1.0527580416586066,0.8931116506137347,-0.029048488126836663,False
KRT16,DIG,0.6179513306679056,0.45943161863729726,0.8915153202653235,1.3509469389026207,1.195869019649238,0.8686024795334462,True
KPRP,DCG,-0.9598482436355062,1.4284997590854065,-1.3847683010989265,0.04373145798648004,-0.11371502958472725,-1.4076811418307975,True
PRKN,NEUTRAL,0.04756758482812379,0.13750352374993502,0.06862551873859929,0.2061290424885343,0.04571267800672419,0.04571267800672419,False
SEC1P,DIG,1.138880498811403,0.5277376320282061,1.6430572478003602,2.1707948798285663,2.008740644671425,1.6201444070684832,True
SENP1,DIG,0.8802497088781821,0.49398884067366594,1.2699318897425071,1.763920730416173,1.6096532822126157,1.2470190490106299,True
STX1A,DSG,0.0281821417670011,1.041476635976159,0.040658236168882214,1.0821348721450412,0.9227556249220004,0.017745395437005724,False
ZDHHC19,DSG,-0.06276468342163229,1.297680548640685,-0.09055029751535464,1.2071302511253303,1.0470420020723565,-0.11346313824723,False
RNF157-AS1,DSG,-0.09390056803547539,1.0356239097307214,-0.13546988384143707,0.9001540258892843,0.7422956277269209,-0.15838272457331462,False
CROT,DSG,0.013545631264579406,1.3877301532831086,0.019542215051119208,1.4072723683342279,1.2413088238192782,-0.0033706256807583476,False
MIR4648,DSG,0.09586958482865592,1.1538053360790355,0.1383105746043857,1.2921159106834212,1.1287198978049462,0.11539773387251075,False
DHX32,NEUTRAL,-0.016414539434768824,0.13750352374993502,-0.02368117464101731,0.11382234910891771,-0.04659401537289238,-0.04659401537289188,False
ZC3H4,DIG,-0.8675366815051663,0.44183755862255913,-1.2515908681967716,-0.8097533095742124,-0.9762139350684301,-1.2745037089286482,True
CAPRIN2,DSG,0.06508560679118819,1.2580163310671693,0.09389868215089625,1.3519150132180655,1.1991516550724184,0.07098584141901973,False
SEPTIN2,NEUTRAL,4.0280227850250387e-05,0.13750352374993502,5.8112084965433745e-05,0.13756163583490044,-0.022854728646910395,-0.022854728646911047,False
MDH1,DIG,1.2106431980638788,0.5443205162238104,1.746588938132713,2.2909094543565236,2.1386676508216556,1.7236760974008367,True
ASNS,DSG,0.06834604932550244,1.0987339535853597,0.09860250642625484,1.1973364600116145,1.044066197705127,0.0756896656943774,False
LINC01785,DIG,-1.6996401037763607,0.44183755862255913,-2.4520623490141586,-2.0102247903915993,-2.17334493555171,-2.474975189746019,True
ANXA2,NEUTRAL,-0.0023584591109712416,0.13750352374993502,-0.003402537263537604,0.13410098648639743,-0.026315377995412302,-0.026315377995411976,False
CCT2,DSG,0.05550444878423052,-3.321928094887362,0.08007599300828483,-3.2418521018790774,-3.402268466360888,0.057163152276408884,False
SNHG6,DCG,-0.8909638753012409,1.041476635976159,-1.285389164508313,-0.24391252853215417,-0.40562628642685644,-1.3083020052401888,True
MVK,NEUTRAL,0.023069374276539757,0.13750352374993502,0.033282071865175324,0.17078559561511034,0.010369231133300266,0.010369231133300266,False
BTBD9,DSG,-0.021957091494934484,1.2680350868921602,-0.031677387012087214,1.236357699880073,1.0726440294162907,-0.05459022774396368,False
ALAD,NEUTRAL,-0.025758554930034462,0.13750352374993502,-0.03716173945802668,0.10034178429190835,-0.06007458018990206,-0.06007458018990223,False
RPL5P18,DIG,1.038800213816968,0.4854268271702419,1.4986719169481348,1.9840987441183766,1.825168424152002,1.4757590762162573,True
MFAP5,DSG,0.046970584704958594,1.0761029790857917,0.06776422962149876,1.1438672087072905,0.9797017379484473,0.044851388889621646,False
TBX3,NEUTRAL,0.009133574354036339,0.13750352374993502,0.013176962426158843,0.15068048617609386,-0.009735878305716187,-0.00973587830571667,False
RNU6-1016P,DIG,1.3268435559769107,0.3877301532831085,1.914230618243367,2.3019607715264754,2.1488552094955176,1.8913177775114893,True
KRT14,DIG,1.414772770017854,0.415037499278844,2.0410856592895,2.456123158568344,2.3004114438520356,2.0181728185576215,True
COX20P2,NEUTRAL,-0.020681380875234006,0.13750352374993502,-0.02983692562743595,0.10766659812249907,-0.05274976635931156,-0.05274976635931173,False
CDK4,DIG,-0.7994449892766136,0.4854268271702419,-1.1533553214929009,-0.667928494322659,-0.8235129250985341,-1.1762681622247784,True
HCCAT5,NEUTRAL,0.03306197777327864,0.13750352374993502,0.047698351375490236,0.18520187512542524,0.024785510643613638,0.024785510643614266,False
RBM33,DIG,1.3365436311055077,0.5688428353578793,1.9282248685276442,2.4970677038855236,2.341635666436469,1.9053120277957678,True
CPA4,DIG,-0.6035018205240601,0.5193741590935794,-0.8706690836375228,-0.3512949245439434,-0.5064903347049948,-0.8935819243693996,True
PLEKHS1,NEUTRAL,-0.04344090092504989,0.13750352374993502,-0.06267197233631826,0.07483155141361676,-0.0855848130681946,-0.08558481306819495,False
UFL1,DIG,1.681903218996495,0.45943161863729726,2.4264734333014277,2.885905051938725,2.724373891405957,2.4035605925695513,True
GTF3A,NEUTRAL,-0.0031423372215412773,0.13750352374993502,-0.004533434326318405,0.13297008942361663,-0.02744627505819513,-0.027446275058194802,False
RASA1,NEUTRAL,0.0028240574204515295,0.13750352374993502,0.0040742536356711,0.14157777738560612,-0.01883858709620476,-0.01883858709620557,False
SHANK2,DCG,-0.937625277322016,1.373880174522084,-1.3527073378046115,0.02117283671747261,-0.1341166254800501,-1.3756201785364888,True
HACL1,DIG,1.5358748225510992,0.3968901525685844,2.2157989899206876,2.612689142489272,2.4548589200436854,2.1928861491888108,True
LSM14A,DSG,-0.07963269342990403,1.1645717669481057,-0.11488569190395369,1.0496860750441521,0.8868993211837802,-0.1377985326358299,False
BICRAL,DSG,-0.0033189268992266296,1.3219280948873624,-0.004788199378587243,1.3171398955087752,1.1526495050172185,-0.02770104011046217,False
TIMD4,DIG,0.8213827953506295,0.4854268271702419,1.1850048855238675,1.6704317126941093,1.5132976888825296,1.16209204479199,True
GRM3-AS1,DSG,0.01753033521266641,1.4195388915137848,0.025290927676435,1.4448298191902198,1.2837041290490026,0.00237808694455954,False
TAC3,DIG,-1.5424791107851392,0.4506614090095652,-2.2253269638045383,-1.7746655547949732,-1.9382799077153106,-2.2482398045364005,True
DYRK2,DSG,0.006663933313009807,1.4329594072761063,0.00961402354349401,1.4425734308196003,1.2736706282740444,-0.013298817188381268,False
NPSR1-AS1,DSG,0.014931225997545032,1.3122779248536431,0.021541205701050583,1.3338191305546938,1.1783762059547938,-0.0013716350308248864,False
GORAB,DCG,-0.7257440552226532,1.1099176920780351,-1.0470273494243678,0.06289034265366733,-0.10074415306925572,-1.0699401901562453,True
RTKN2,DIG,-1.643562360039504,0.4506614090095652,-2.3711592662207535,-1.9204978572111884,-2.0657944849281105,-2.394072106952629,True
CEP170,DCG,-0.7895263024404982,1.132028393683784,-1.1390456811823066,-0.007017287498522595,-0.17081956115086697,-1.1619585219141828,True
MPHOSPH9,DIG,-1.1974272560528583,0.4240262825060986,-1.7275223641327375,-1.303496081626639,-1.4581898522025716,-1.7504352048646141,True
GLS,DIG,-1.4260400108321345,0.32192809488736235,-2.057340851736764,-1.7354127568494018,-1.9081050713175636,-2.0802536924686397,True
CAP2P1,NEUTRAL,-0.007174336234631488,0.13750352374993502,-0.010350379307372846,0.12715314444256218,-0.033263220039248274,-0.03326322003924779,False
BMP8A,DIG,1.4800284664678596,0.4681488357384065,2.1352297289476785,2.6033785646860848,2.4434883116291446,2.1123168882158008,True
SNORD54,DCG,-0.9192318770799555,1.2275357246124077,-1.326171270490305,-0.09863554587789736,-0.257809799793326,-1.3490841112221805,True
RPL31P17,NEUTRAL,0.006428825427583772,0.13750352374993502,0.009274834563115978,0.146778358313051,-0.013638006168759556,-0.013638006168759717,False
FCRL3,DCG,-0.9414040418641497,1.3025627700204314,-1.358158942670235,-0.055596172649803544,-0.21472828184530587,-1.3810717834021111,True
A2ML1,DSG,-0.0994397546256739,1.0531113364595626,-0.1434612408656751,0.9096500955938874,0.7459641322726495,-0.166374081597552,False
LINC00472,DIG,1.0595582791034532,0.4681488357384065,1.5286194747953963,1.9967683105338028,1.8386994841431221,1.505706634063518,True
LIMS1,NEUTRAL,0.04330508997279884,0.13750352374993502,0.06247603854900727,0.1999795622989423,0.039563197817132134,0.03956319781713183,False
FPR1,DSG,-0.03367718317241891,1.0356239097307214,-0.04858590515395801,0.9870380045767634,0.8275709307899944,-0.07149874588583463,False
TREM1,DSG,0.023461164523796495,-0.7369655941662062,0.03384730571196128,-0.703118288454245,-0.863534652936056,0.01093446498008476,False
SPATA13,NEUTRAL,0.03645875610215814,0.13750352374993502,0.05259886662556378,0.1901023903754988,0.02968602589368823,0.0296860258936876,False
SOHLH2,NEUTRAL,-0.03394577386875306,0.13750352374993502,-0.0489733996195882,0.08853012413034682,-0.07188624035146392,-0.07188624035146392,False
UBXN7,DSG,0.1487654038188242,1.3968901525685844,0.21462311034526171,1.6115132629138462,1.4531823861286026,0.19171026961338639,False
SLC25A27,DSG,-0.18161843851343393,1.126532405928932,-0.26202002057732826,0.8645123853516037,0.7088210802318201,-0.2849328613092046,True
ESYT1,DIG,0.6981220741411251,0.4854268271702419,1.0071772542985185,1.4926040814687602,1.328655975221182,0.9842644135666416,True
MIR4668,NEUTRAL,-0.016472049903404784,0.13750352374993502,-0.023764144708917613,0.11373937904101741,-0.04667698544079413,-0.0466769854407938,False
NIPAL2,DCG,-0.7812523048402191,1.0817940911636472,-1.1271088258760569,-0.045314734712409654,-0.20129913173865024,-1.150021666607933,True
PARM1,DIG,-0.9765298014485229,0.4506614090095652,-1.408834701830068,-0.9581732928205028,-1.1155086337761193,-1.4317475425619453,True
ATP6V0A4,DSG,0.06771874717096603,1.3025627700204314,0.09769750071876622,1.4002602707391976,1.2396963188397645,0.07478465998688998,False
H2BC10,DSG,0.0563542219811947,-3.321928094887362,0.08130195658542541,-3.240626138301937,-3.4010425027837274,0.05838911585355072,False
C1QL2,NEUTRAL,0.007042958964133553,0.13750352374993502,0.010160841970739947,0.14766436572067496,-0.012751998761136002,-0.012751998761136486,False
TSTD3,DIG,1.5258621641764616,0.4240262825060986,2.2013537773374825,2.625380059843581,2.470264624457942,2.1784409366056057,True
DDX52,DIG,1.4973549308886385,0.45943161863729726,2.160226533243675,2.6196581518809725,2.4547034226033615,2.1373136925117993,True
PA2G4P4,DSG,0.013632987910194348,1.3831282513240999,0.01966824405053658,1.4027964953746366,1.2403764202454732,-0.0032445966813407084,False
RPLP0,DIG,-1.4204326147553192,0.44183755862255913,-2.0492510892244424,-1.6074135306018833,-1.7701840320266622,-2.0721639299563184,True
PHACTR2P1,NEUTRAL,-0.0027990623694665287,0.13750352374993502,-0.004038193399568272,0.13346533035036676,-0.02695103413144406,-0.02695103413144406,False
FAM168B,NEUTRAL,0.03518444701375698,0.13750352374993502,0.050760427223167696,0.18826395097310272,0.02784758649129206,0.027847586491291744,False
ERAP2,NEUTRAL,-0.009601885539133756,0.13750352374993502,-0.01385259265049172,0.1236509310994433,-0.03676543338236714,-0.03676543338236714,False
PHC2-AS1,NEUTRAL,-0.016721503588762742,0.13750352374993502,-0.024124030303715013,0.11337949344622,-0.047036871035590934,-0.0470368710355911,False
NQO1,NEUTRAL,0.04743874235383943,0.13750352374993502,0.06843963833989337,0.20594316208982838,0.04552679760801894,0.04552679760801894,False
RPL7AP60,NEUTRAL,-0.01228068723405776,0.13750352374993502,-0.01771728657128353,0.11978623717865149,-0.04063012730315908,-0.04063012730315908,False
KSR1,DIG,-1.4126900614953126,0.6244908649077937,-2.0380809460324123,-1.4135900811246187,-1.5644667224086783,-2.0609937867642905,True
LINC02554,NEUTRAL,-0.0011762420117139723,0.13750352374993502,-0.001696958517185006,0.13580656523275,-0.02460979924906007,-0.024609799249060395,False
HADHAP2,DSG,-0.06951637475504109,1.282933963271499,-0.1002909291196765,1.1826430341518224,1.0163140591218638,-0.12320376985155335,False
ATP10B,DIG,-0.9126091483368935,0.4329594072761063,-1.3166166925755367,-0.8836572852994304,-1.0498484251310263,-1.3395295333074133,True
BTBD10,NEUTRAL,0.013259040881506746,0.13750352374993502,0.019128752526693812,0.15663227627662885,-0.0037840882051830976,-0.003784088205182937,False
ENTPD3,NEUTRAL,-0.05575741791021741,0.13750352374993502,-0.08044095031184413,0.05706257343809089,-0.10335379104372111,-0.10335379104372094,False
IRGQ,DIG,0.9355449974341079,0.4768136968655339,1.3497061283266656,1.8265198251921995,1.6532771228611556,1.3267932875947903,True
POMT2,NEUTRAL,-0.007890737539872726,0.13750352374993502,-0.011383927917730763,0.12611959583220425,-0.03429676864960559,-0.03429676864960559,False
DSCC1,DCG,2.0794415416798357,-3.321928094887362,3.0,-0.3219280948873622,-0.48234445936917275,2.9770871592681254,True
PCDHGA2,DIG,-1.495620900395131,0.3968901525685844,-2.157724856049942,-1.7608347034813576,-1.922924791517246,-2.180637696781819,True
PTRH2,DCG,-0.9971012021722492,1.3923174227787602,-1.4385129596383277,-0.046195536859567454,-0.2072131603364197,-1.4614258003702045,True
TPTE2P1,NEUTRAL,0.03853968644070458,0.13750352374993502,0.05560101450542013,0.19310453825535515,0.0326881737735443,0.03268817377354399,False
LINC00607,NEUTRAL,-0.024220982484441825,0.13750352374993502,-0.034943491315762666,0.10256003243417236,-0.05785633204763836,-0.05785633204763853,False
PWP2,DSG,-0.08503551819693739,1.222392421336448,-0.12268032040214479,1.0997121009343034,0.9408609841037338,-0.14559316113402074,False
LINC01132,DCG,-1.106519464276322,1.4982508675278254,-1.5963701437585625,-0.09811927623073702,-0.25283403979880137,-1.619282984490439,True
EI24P2,DCG,-0.933795842266866,1.446256229889564,-1.3471826308411403,0.09907359904842372,-0.061960632890433236,-1.3700954715730145,True
ZNF623,DCG,-0.8625627955464762,1.1538053360790355,-1.2444150675902221,-0.09060973151118668,-0.2487799539644851,-1.2673279083220972,True
BRDT,NEUTRAL,0.04344811452129531,0.13750352374993502,0.0626823793558485,0.20018590310578352,0.03976953862397349,0.03976953862397318,False
PPP2R2B,DIG,0.5731676103380582,0.405992359675837,0.8269060690328943,1.2328984287087312,1.0700899674440763,0.803993228301019,True
SERINC4,NEUTRAL,-0.01205191786051826,0.13750352374993502,-0.01738724213057082,0.1201162816193642,-0.040300082862445845,-0.04030008286244551,False
GPR137,DIG,0.9634928010453738,0.4506614090095652,1.3900262860003776,1.840687695009943,1.679281148173089,1.367113445268502,True
HSBP1,NEUTRAL,0.017748033920949487,0.13750352374993502,0.02560500052328293,0.16310852427321795,0.0026921597914065444,0.002692159791406225,False
SERPINF2,NEUTRAL,0.0005378694321150996,0.13750352374993502,0.0007759815623582172,0.13827950531229324,-0.022136859169517548,-0.02213685916951722,False
ITPR2,DSG,0.026711151027527594,1.3025627700204314,0.0385360451238502,1.3410988151442815,1.1806744016457504,0.015623204391972994,False
KDR,DIG,-1.006357447947371,0.4240262825060986,-1.4518668995153452,-1.0278406170092467,-1.1886335397183057,-1.4747797402472218,True
ARSK,NEUTRAL,-0.05768094302175386,0.13750352374993502,-0.08321601045128316,0.05428751329865186,-0.10612885118315972,-0.10612885118315937,False
CHD7,DCG,-0.6416560941180861,1.1375035237499351,-0.9257140649403448,0.21178945880959033,0.05032064043030091,-0.9486269056722225,True
RRP1B,DSG,-0.03878641278339485,1.4284997590854065,-0.05595696537647604,1.3725427937089305,1.2100308334015888,-0.07886980610835281,False
WDR18,NEUTRAL,-0.06422246744106733,0.13750352374993502,-0.09265343529088074,0.04485008845905428,-0.11556627602275735,-0.11556627602275804,False
RPL23AP43,NEUTRAL,0.04686606377817397,0.13750352374993502,0.06761343779875746,0.20511696154869247,0.0447005970668815,0.0447005970668815,False
RPS16P5,DSG,-0.05635151590498169,1.1699250014423124,-0.08129805254269264,1.0886269488996196,0.9297034180486698,-0.10421089327456753,False
ARHGEF10,NEUTRAL,-0.010879589474481623,0.13750352374993502,-0.0156959297817424,0.12180759396819262,-0.038608770513616976,-0.03860877051361714,False
LNP1,DIG,1.6236717634582039,0.4854268271702419,2.3424632011725888,2.8278900283428308,2.6751287000237958,2.319550360440711,True
LINC02159,DIG,1.0789920529070687,0.3692338096657191,1.55665648388763,1.925890293553349,1.767727157171706,1.5337436431557552,True
RNU6-1136P,DSG,-0.04136068081545481,1.3923174227787602,-0.05967084910024795,1.3326465736785122,1.1728169068164913,-0.08258368983212187,False
MICAL3,NEUTRAL,-0.007530685422824851,0.13750352374993502,-0.01086448251400422,0.1266390412359308,-0.03377732324588028,-0.03377732324588077,False
AKAP10,NEUTRAL,0.0038466554183334057,0.13750352374993502,0.0055495506960382655,0.1430530744459733,-0.017363290035836428,-0.017363290035835942,False
IGSF3,DIG,-1.6262311277864017,0.4768136968655339,-2.346155583396708,-1.869341886531174,-2.0264849873793307,-2.369068424128586,True
FRRS1,NEUTRAL,-0.031203297178164946,0.13750352374993502,-0.045016842098323157,0.09248668165161186,-0.06792968283019762,-0.06792968283019814,False
ZNF205,DCG,-1.0456228735810624,1.4329594072761063,-1.5085149343554662,-0.07555552707935997,-0.2290663986025512,-1.5314277750873446,True
CDC42P5,DIG,1.4925808032732542,0.44183755862255913,2.1533389230083895,2.595176481630949,2.4301814880726105,2.130426082276512,True
ETFRF1,DSG,-0.01004679494477203,1.2275357246124077,-0.014494461243650914,1.2130412633687568,1.0526742249658148,-0.03740730197552787,False
EEF1A1P12,NEUTRAL,0.04411512440994395,0.13750352374993502,0.0636446712144258,0.20114819496436082,0.040731830482549046,0.040731830482549046,False
TAF6,DSG,-0.0026877115780869496,1.0987339535853597,-0.0038775481650458925,1.0948564054203138,0.9370922008635496,-0.026790388896922618,False
TGIF1,NEUTRAL,0.05534584270280973,0.13750352374993502,0.07984717280116423,0.21735069655109923,0.05693433206928879,0.0569343320692891,False
VPS11,NEUTRAL,-0.04408826014220626,0.13750352374993502,-0.06360591426858352,0.0738976094813515,-0.08651875500046012,-0.0865187550004608,False
SRSF9P1,DIG,-0.7004022114502627,0.4506614090095652,-1.0104667970869572,-0.559805388077392,-0.7155083941341773,-1.0333796378188316,True
PIK3R1,NEUTRAL,-0.00017084836982359994,0.13750352374993502,-0.0002464820958884713,0.13725704165404654,-0.0231593228277635,-0.02315932282776301,False
SFT2D3,NEUTRAL,0.001688868149979155,0.13750352374993502,0.002436521704690245,0.13994004545462527,-0.020476319027184036,-0.020476319027184525,False
TSEN15,DCG,2.0794415416798357,-3.321928094887362,3.0,-0.3219280948873622,-0.482344459369173,2.977087159268124,True
DERL2,NEUTRAL,-0.002651519258902382,0.13750352374993502,-0.003825333685640046,0.13367819006429496,-0.02673817441751638,-0.026738174417516053,False
RNF41,DIG,-0.6807745663819715,0.4240262825060986,-0.9821500908826049,-0.5581238083765063,-0.7272572259608591,-1.0050629316144817,True
AGK,DSG,-0.029103430134383233,1.415037499278844,-0.04198737432773311,1.373050124951111,1.209884658163038,-0.06490021505960818,False
PTPRE,NEUTRAL,0.0032756862596706915,0.13750352374993502,0.004725816322335024,0.14222934007227003,-0.01818702440954181,-0.01818702440954165,False
S100A4,DCG,-0.8156898583345504,1.029747343394052,-1.176791713522677,-0.14704437012862503,-0.3074486327686292,-1.1997045542545541,True
TP73,NEUTRAL,0.04556865031463942,0.13750352374993502,0.0657416658289336,0.2032451895788686,0.042828825097057356,0.042828825097057356,False
PLA2G2C,NEUTRAL,-0.00936185396805766,0.13750352374993502,-0.013506300293243451,0.12399722345669156,-0.03641914102511887,-0.036419141025119034,False
OGA,NEUTRAL,-0.0215537908708923,0.13750352374993502,-0.031095547201794135,0.10640797654814088,-0.054008387933671256,-0.05400838793367059,False
SULT4A1,NEUTRAL,-0.020528759523109525,0.13750352374993502,-0.029616739559592195,0.10788678419034282,-0.05252958029146774,-0.052529580291467905,False
TGIF2-RAB5IF,DCG,-0.8611578407025314,1.1099176920780351,-1.2423881462041901,-0.132470454126155,-0.28823518839642986,-1.2653009869360672,True
CCDC162P,DIG,-0.8683287168257422,0.4768136968655339,-1.2527335336259753,-0.7759198367604414,-0.9323103915572901,-1.2756463743578512,True
ALDH1A3,DIG,-1.2015467689068533,0.33151414371656057,-1.7334655648980748,-1.4019514211815143,-1.5603016320000669,-1.756378405629951,True
VN1R83P,DIG,1.5676427548956529,0.5277376320282061,2.261630428373471,2.789368060401677,2.630659863198263,2.238717587641594,True
NEDD9,DSG,0.05023718877515939,1.2120504771149891,0.07247694311412516,1.2845274202291144,1.1205952547909277,0.04956410238224967,False
S100A6,DCG,0.8545864311064254,-0.7369655941662062,1.2329076061682378,0.4959420120020316,0.3355256475202191,1.20999476543636,True
SP1,DIG,0.7083715197185346,0.45943161863729726,1.0219640786049085,1.4813956972422058,1.3123595613112966,0.9990512378730314,True
PIGBOS1,NEUTRAL,0.004059002174474378,0.13750352374993502,0.005855902308071703,0.14335942605800672,-0.01705693842380523,-0.017056938423804582,False
TLK2P2,DSG,0.04820096412013365,1.4811266897366167,0.06953929190218368,1.5506659816388004,1.3924675707765846,0.046626451170308586,False
GCNT7,DCG,-0.951406962593269,1.1699250014423124,-1.3725901068005406,-0.20266510535822824,-0.35825089931808507,-1.3955029475324137,True
FOXO1,NEUTRAL,0.06061003984681864,0.13750352374993502,0.08744180391508773,0.22494532766502273,0.06452896318321091,0.0645289631832103,False
CD72,DIG,-1.4600224144873664,0.4329594072761063,-2.106367096967654,-1.6734076896915477,-1.8329223373698564,-2.12927993769953,True
RNF150,NEUTRAL,0.005498124270982944,0.13750352374993502,0.00793211661993834,0.14543564036987336,-0.014980724111938482,-0.014980724111938482,False
GYS1,DIG,-1.5792521562042108,0.5193741590935794,-2.2783792540690175,-1.759005094975438,-1.931233200622465,-2.3012920948008944,True
SPAST,DIG,1.3005584720787133,0.45943161863729726,1.8763092580540872,2.3357408766913843,2.1738257407098596,1.8533964173222088,True
SERPINA9,NEUTRAL,0.019303904864850688,0.13750352374993502,0.027849647818312423,0.16535317156824744,0.004936807086436299,0.004936807086436299,False
FAM50B,DIG,-1.545136879723481,0.49398884067366594,-2.229161313871713,-1.7351724731980471,-1.892257061988275,-2.2520741546035894,True
RUBCN,DCG,0.9129720040193263,-0.7369655941662062,1.317140182669141,0.5801745885029347,0.41975822402112434,1.2942273419372656,True
HNRNPA1P68,NEUTRAL,-0.004972814450047197,0.13750352374993502,-0.00717425474634407,0.13032926900359096,-0.030087095478219753,-0.030087095478219916,False
HORMAD1,DCG,-1.1536532316331578,1.4681488357384063,-1.6643697961826835,-0.19622096044427728,-0.3555153392261104,-1.687282636914559,True
SUZ12,DIG,1.3877105953037165,0.5025003405291834,2.0020431940337433,2.5045435345629268,2.3500256355771874,1.979130353301865,True
AADACL2-AS1,DSG,-0.11411905368520608,1.4014484345308889,-0.1646389928225882,1.2368094417083006,1.077336119648136,-0.18755183355446275,False
NRAV,DIG,1.1148023513714334,0.415037499278844,1.6083198238949228,2.0233573231737667,1.859674396467791,1.5854069831630444,True
LINC00299,DIG,-0.9852583681088257,0.3410369178350672,-1.4214273616649558,-1.0803904438298886,-1.2354553902611087,-1.444340202396829,True
ASAP1,DCG,-0.9115208570937635,1.0646529583422537,-1.3150466201960302,-0.25039366185377654,-0.41378286883654425,-1.3379594609279075,True
DST-AS1,DIG,1.3036221187252859,0.5277376320282061,1.8807291658781335,2.40846679790634,2.257276130735272,1.8578163251462525,True
MARCO,NEUTRAL,0.028398790658235973,0.13750352374993502,0.04097079444988086,0.17847431819981588,0.018057953718006368,0.018057953718006368,False
TCEA3,NEUTRAL,-0.0049930388497289755,0.13750352374993502,-0.007203432387469927,0.1303000913624651,-0.030116273119346292,-0.03011627311934662,False
CCDC61,DIG,-1.4419305574374697,0.5025003405291834,-2.0802660645212963,-1.5777657239921128,-1.7464277913561979,-2.1031789052531726,True
HOOK3,DCG,-0.952072476161221,1.3831282513240999,-1.3735502399246695,0.009578011399430375,-0.146283081930146,-1.396463080656547,True
ZNF354C,DIG,-0.9021642005478576,0.405992359675837,-1.3015478181979505,-0.8955554585221135,-1.0541210774896945,-1.3244606589298282,True
SLC35E3,DSG,0.12841812998496668,1.4195388915137848,0.18526819928954574,1.6048070908033305,1.445596215077226,0.16235535855766892,False
JADE2,NEUTRAL,-0.003440599429525957,0.13750352374993502,-0.004963735734662494,0.13253978801527252,-0.027876576466538138,-0.027876576466538464,False
MFSD4B,DIG,-0.6433494469254711,0.5193741590935794,-0.9281570566380346,-0.4087828975444552,-0.5695240215521524,-0.9510698973699117,True
STRN,DIG,0.7844330637731919,0.405992359675837,1.13169769101492,1.537690050690757,1.384037090362128,1.1087848502830426,True
FBRSL1,DIG,1.3177796750643889,0.4768136968655339,1.9011542021996635,2.3779678990651973,2.225120665022721,1.8782413614677858,True
MFN2,NEUTRAL,0.035181176359664564,0.13750352374993502,0.05075570866672811,0.18825923241666312,0.027842867934852397,0.02784286793485208,False
GOT2P2,DCG,-0.8376426368342544,1.3122779248536431,-1.2084628781979339,0.10381504665570929,-0.05323528696076831,-1.2313757189298071,True
CNR2,NEUTRAL,0.03776077684365077,0.13750352374993502,0.05447728549244977,0.19198080924238478,0.031564444760574684,0.031564444760574684,False
ARNILA,DIG,-1.5745026408671285,0.4240262825060986,-2.271527151845583,-1.8475008693394845,-2.003592489116413,-2.2944399925774586,True
MTMR4,DSG,0.05802614299229074,1.373880174522084,0.08371402873689172,1.457594203258976,1.2963128265108486,0.060801188005014634,False
PIWIL4,NEUTRAL,0.013658897578794042,0.13750352374993502,0.019705623800936434,0.15720914755087145,-0.003207216930937683,-0.003207216930938165,False
CLEC2D,DSG,0.17969513324217432,1.273018494406416,0.2592452776003664,1.5322637720067824,1.3749734880482185,0.23633243686848873,True
TXLNB,DIG,-1.6125432177831933,0.45943161863729726,-2.326408103514945,-1.8669764848776476,-2.02680467945217,-2.3493209442468204,True
PPIA,DSG,0.004777228541178231,1.355204249761661,0.006892083925551052,1.362096333687212,1.201338403955862,-0.0160207568063258,False
CDO1,NEUTRAL,-0.03314427089109182,0.13750352374993502,-0.0478170752484586,0.08968644850147642,-0.07072991598033275,-0.07072991598033326,False
ZNF788P,DIG,1.205451917271061,0.405992359675837,1.7390995030770526,2.1450918627528894,1.9866793457285872,1.7161866623451758,True
FOXE3,NEUTRAL,0.03889064254027519,0.13750352374993502,0.056107337129840375,0.1936108608797754,0.033194496397965144,0.033194496397965144,False
CDC42EP5,DSG,0.01494007630304642,-0.7369655941662062,0.021553973992907788,-0.7154116201732984,-0.8758279846551095,-0.001358866738968126,False
MFAP4,NEUTRAL,-0.04380390837840915,0.13750352374993502,-0.06319568138908539,0.07430784236084963,-0.08610852212096158,-0.08610852212096125,False
XRRA1,DIG,-1.03676165902624,0.5193741590935794,-1.495730904060971,-0.9763567449673916,-1.1275367607620166,-1.5186437447928474,True
BACE1-AS,NEUTRAL,0.0695900663712388,0.13750352374993502,0.10039724364892003,0.23790076739885505,0.07748440291704442,0.07748440291704442,False
SUN1,DSG,0.054737884425467086,1.1375035237499351,0.07897007440937459,1.2164735981593098,1.0490206518147513,0.056057233677498784,False
SIM2,DIG,-1.1726253819420063,0.4681488357384065,-1.6917408233482591,-1.2235919876098527,-1.3792658730950758,-1.7146536640801366,True
DCAF1,NEUTRAL,0.02751931519941581,0.13750352374993502,0.03970197956685746,0.17720550331679247,0.01678913883498294,0.016789138834983255,False
SATB1,DIG,-1.1778734021981125,0.49398884067366594,-1.6993121161462283,-1.2053232754725625,-1.3644138707408788,-1.722224956878106,True
PSMD8,DSG,-0.10378392633003825,1.415037499278844,-0.1497285558403317,1.2653089434385123,1.1080406466717136,-0.17264139657220853,False
RPL37P12,NEUTRAL,-0.06033576434453478,0.13750352374993502,-0.08704610800810547,0.05045741574182955,-0.10995894873998101,-0.1099589487399805,False
RNF123,NEUTRAL,0.031839123072323755,0.13750352374993502,0.04593414496269486,0.18343766871262987,0.0230213042308194,0.023021304230819085,False
GIMAP1-GIMAP5,DIG,1.0374760764468072,0.4854268271702419,1.4967615905307479,1.9821884177009896,1.8305713873018952,1.4738487497988717,True
WDSUB1,NEUTRAL,-0.005101549482893023,0.13750352374993502,-0.007359980139819419,0.1301435436101156,-0.030272820871694868,-0.03027282087169503,False
OMA1,DIG,-0.6317639430552036,0.35989594508638295,-0.9114427076581997,-0.5515467625718167,-0.723619039780753,-0.9343555483900756,True
MIR6757,DIG,-0.6446171708933928,0.4854268271702419,-0.9299859957197711,-0.44455916854952926,-0.6120279794978191,-0.952898836451646,True
SMARCAL1,NEUTRAL,0.06368807716437411,0.13750352374993502,0.09188247308879617,0.22938599683873118,0.06896963235691991,0.06896963235691991,False
ARL2BP,NEUTRAL,0.08180040614617862,0.13750352374993502,0.11801304028979498,0.25551656403973,0.09510019955791993,0.09510019955792053,False
REV1,DIG,1.1018504174854105,0.4240262825060986,1.5896341331076356,2.0136604156137343,1.83970307774213,1.566721292375759,True
ZNF527,DSG,0.00180454003605749,-0.7369655941662062,0.002603400961105732,-0.7343621932051004,-0.8947785576869126,-0.020309439770772233,False
ZNF566,DSG,-0.004782249925565544,1.2479275134435854,-0.006899328251905025,1.2410281851916805,1.0790479251246916,-0.029812168983780838,False
PCP4,DIG,1.4847523954079653,0.5193741590935794,2.142044917803081,2.66141907689666,2.5084923819481895,2.1191320770712054,True
IL23A,DIG,-0.827047632014404,0.49398884067366594,-1.193177517286141,-0.6991886766124751,-0.8705774070917386,-1.2160903580180167,True
LINC01451,NEUTRAL,-0.020310161737013947,0.13750352374993502,-0.0293013696176428,0.10820215413229223,-0.05221421034951858,-0.05221421034951858,False
CAVIN2,NEUTRAL,0.02768192103412894,0.13750352374993502,0.03993657019821771,0.17744009394815274,0.017023729466341404,0.01702372946634109,False
MIR6774,NEUTRAL,0.022963818704151248,0.13750352374993502,0.03312978736435223,0.17063331111428726,0.010216946632477228,0.01021694663247691,False
GNAT1,NEUTRAL,-0.04559553573845538,0.13750352374993502,-0.06578045329654508,0.07172307045338994,-0.08869329402842033,-0.08869329402842,False
TMEM218,NEUTRAL,0.007961145247931832,0.13750352374993502,0.011485504768987992,0.148989028518923,-0.01142733596288631,-0.011427335962886634,False
ADPGK-AS1,NEUTRAL,-0.007813147554160692,0.13750352374993502,-0.011271989230121366,0.12623153451981364,-0.0341848299619979,-0.03418482996199757,False
DHX33,NEUTRAL,0.011606078481718777,0.13750352374993502,0.01674403186974379,0.15424755561967882,-0.006168808862131492,-0.006168808862131331,False
C12orf60,DSG,-0.03511442235327376,-0.7369655941662062,-0.05065940299274862,-0.7876249971589548,-0.9480413616407669,-0.07357224372462581,False
ZNF474,NEUTRAL,-0.03622450511710896,0.13750352374993502,-0.05226091389110998,0.08524260985882504,-0.07517375462298549,-0.07517375462298549,False
GDAP1,DCG,-0.9067892950153829,1.341036917835067,-1.308220419049892,0.0328164987851749,-0.12550345129008528,-1.3311332597817682,True
SART3,DIG,-0.8628292200038706,0.45943161863729726,-1.2447994368336766,-0.7853678181963792,-0.9404816770264387,-1.2677122775655534,True
PAMR1,DIG,-1.259732795930345,0.5193741590935794,-1.8174102575338975,-1.298036098440318,-1.4493670427092051,-1.8403230982657741,True
GTF2F1,NEUTRAL,-0.02547684149584673,0.13750352374993502,-0.036755312883572235,0.10074821086636279,-0.05966815361544777,-0.059668153615447604,False
GAPDHP42,DIG,1.2130425874918926,0.4681488357384065,1.75005052536167,2.2181993611000763,2.0719027269292662,1.7271376846297926,True
HUNK,DIG,-0.7227825277783098,0.4506614090095652,-1.042754768466957,-0.5920933594573917,-0.7457542072630665,-1.065667609198835,True
SYT9,NEUTRAL,0.03968721164792935,0.13750352374993502,0.05725654343117838,0.19476006718111338,0.03434370269930377,0.034343702699304396,False
FRY-AS1,NEUTRAL,0.011498506662941294,0.13750352374993502,0.01658883854025411,0.15409236229018913,-0.006324002191621429,-0.00632400219162159,False
ACRBP,DSG,-0.0021744571438355813,-0.7369655941662062,-0.0031370785380371727,-0.7401026727042433,-0.9005190371860553,-0.026049919269913967,False
CDC34,NEUTRAL,0.050672530512056155,0.13750352374993502,0.0731050084790381,0.21060853222897313,0.050192167747162356,0.05019216774716174,False
C1orf56,DCG,-0.8807783877638052,1.273018494406416,-1.2706946121490184,0.002323882257397658,-0.16064680833598738,-1.2936074528808932,True
MIR8085,DIG,-1.4099406178686626,0.4329594072761063,-2.0341143373470407,-1.6011549300709345,-1.768869255170015,-2.0570271780789127,True
KCNA1,DSG,0.017796614622957382,-3.321928094887362,0.025675087661152625,-3.2962530072262095,-3.456669371708018,0.002762246929277749,False
CGA,DIG,1.1060191631028473,0.53605290024021,1.5956483617366395,2.1317012619768496,1.9772091842557222,1.5727355210047618,True
RPS14,DIG,0.5563775534206579,0.4506614090095652,0.8026831371819175,1.2533445461914827,1.0947662492077699,0.779770296450042,True
LINC02253,DIG,0.9399638298165496,0.4506614090095652,1.3560811558913337,1.8067425649008988,1.6415759881460372,1.3331683151594567,True
ZNF707,DCG,-0.9611904351661502,1.3968901525685844,-1.3867046741641096,0.010185478404474813,-0.1501427808355987,-1.4096175148959864,True
AGBL2,DIG,0.988519589262798,0.415037499278844,1.4261323092510338,1.8411698085298778,1.682476320631467,1.4032194685191581,True
RTTN,NEUTRAL,0.0237330769761731,0.13750352374993502,0.034239592458560966,0.17174311620849597,0.011326751726685107,0.01132675172668479,False
HLCS,DIG,-0.5845775705438462,0.560714954474479,-0.843367162038525,-0.28265220756404597,-0.4360729794507695,-0.8662800027704027,True
RPLP0P2,DIG,-0.7015166689725613,0.4240262825060986,-1.0120746194276586,-0.5880483369215601,-0.7324739674228068,-1.0349874601595344,True
PTPN2P2,NEUTRAL,-0.016173992373298286,0.13750352374993502,-0.023334138588333355,0.11416938516160166,-0.04624697932020909,-0.04624697932020942,False
CLHC1,DIG,-1.039479206346941,0.4768136968655339,-1.4996514961039273,-1.0228377992383935,-1.1865887277165774,-1.5225643368358042,True
ZBTB17,NEUTRAL,0.08286309697581203,0.13750352374993502,0.11954617907970527,0.2570497028296403,0.09663333834782911,0.09663333834782971,False
REC114,NEUTRAL,0.014568861125495434,0.13750352374993502,0.021018423697152264,0.15852194744708728,-0.0018944170347239544,-0.0018944170347241149,False
TAF7,DIG,0.9661644831667452,0.4329594072761063,1.3938807085477116,1.826840115823818,1.6657174343730066,1.3709678678158346,True
CYP7B1,DCG,-0.8946702439041692,1.3171110785895865,-1.2907363241114642,0.02637475447812232,-0.12794636518544067,-1.3136491648433408,True
MAPRE2,NEUTRAL,-0.023516547465098306,0.13750352374993502,-0.03392720640672725,0.10357631734320777,-0.05684004713860222,-0.05684004713860255,False
SCRN3,NEUTRAL,-0.02959867722547971,0.13750352374993502,-0.042701864850072685,0.09480165889986233,-0.06561470558194724,-0.0656147055819474,False
ACTB,DSG,0.0007555894425509473,-0.7369655941662062,0.001090085141716308,-0.73587550902449,-0.8962918735063031,-0.0218227555901622,False
CXADR,DIG,0.9668271312781404,0.3968901525685844,1.394836707691876,1.7917268602604604,1.6399995989107656,1.3719238669599996,True
KCTD20,DIG,1.5500675683676997,0.5849625007211562,2.2362747939268948,2.821237294648051,2.67636530946583,2.2133619531950175,True
HOXD1,NEUTRAL,-0.011946923349173475,0.13750352374993502,-0.01723576706973314,0.12026775668020188,-0.04014860780160855,-0.04014860780160773,False
GPA33,DCG,2.0794415416798357,-3.321928094887362,3.0,-0.3219280948873622,-0.48234445936917164,2.9770871592681245,True
PRCC,DCG,-0.9252767968277212,1.446256229889564,-1.3348922462329784,0.11136398365658562,-0.05204984511243544,-1.3578050869648544,True
NUP160,DIG,-1.0235677312008105,0.3692338096657191,-1.4766960898173767,-1.1074622801516576,-1.2635776289747862,-1.4996089305492526,True
PRSS55,NEUTRAL,0.009388108579547598,0.13750352374993502,0.013544177691040452,0.15104770144097546,-0.009368663040835053,-0.009368663040835374,False
PARAL1,DSG,0.07621024431214603,1.3025627700204314,0.1099481415340694,1.412510911554501,1.2541366508974854,0.08703530080219218,False
CPB1,DSG,0.09301997011820279,1.4768136968655337,0.13419944959317073,1.6110131464587043,1.4526235047953389,0.1112866088612928,False
NCOA2,DCG,-0.7802816433560196,1.1538053360790355,-1.1257084573664202,0.028096878712615236,-0.12805370168770694,-1.1486212980982968,True
PDLIM2,NEUTRAL,-0.011264641849595197,0.13750352374993502,-0.01625144293380127,0.12125208081613376,-0.03916428366567602,-0.03916428366567537,False
IGF2,NEUTRAL,-0.04255049875479717,0.13750352374993502,-0.06138739354089789,0.07611613020903713,-0.08430023427277471,-0.0843002342727742,False
GCK,DSG,-0.038915431175622024,1.4550531781267229,-0.056143099571125656,1.3989100785555972,1.242861400426281,-0.07905594030300304,False
ZNF610,DSG,-0.050041716506822494,1.3362833878644325,-0.0721949362419642,1.2640884516224682,1.0998218495378416,-0.09510777697383954,False
SNRNP48,DSG,0.11062178303261538,1.450661409009565,0.1595934977954491,1.6102549068050143,1.452654152853669,0.13668065706357174,False
APIP,DIG,-1.2418163794505843,0.4329594072761063,-1.7915623323280454,-1.3586029250519391,-1.5093268090847523,-1.8144751730599225,True
HECTD3,NEUTRAL,0.005498562423728057,0.13750352374993502,0.007932748740730867,0.14543627249066587,-0.014980091991144386,-0.014980091991144709,False
ZNF175,DSG,-0.02921967150083959,1.3968901525685844,-0.04215507517066586,1.3547350773979185,1.199880763228491,-0.06506791590254346,False
TIE1,DIG,1.551026089040317,0.4329594072761063,2.237657646947869,2.6706170542239756,2.5098957662223396,2.214744806215992,True
MRPL24,DCG,-0.7806684218915751,1.1210154009613662,-1.1262664608415887,-0.005251059880222453,-0.16921367773693524,-1.149179301573464,True
LILRP1,DSG,0.07752538843747882,1.041476635976159,0.11184549344174127,1.1533221294179001,0.993767503228277,0.08893265270986643,False
GALNT10,DIG,-1.5627053489751543,0.44183755862255913,-2.2545072573371123,-1.8126696987145532,-1.9740079506769204,-2.277420098068988,True
ADH1B,NEUTRAL,0.010144234951662796,0.13750352374993502,0.014635037458376408,0.15213856120831143,-0.008277803273500108,-0.008277803273500108,False
ABCC9,DSG,-0.0028683327932412152,1.222392421336448,-0.00413812949642829,1.2182542918400199,1.0457646754603556,-0.027050970228304366,False
THOP1,NEUTRAL,-0.044713922504233554,0.13750352374993502,-0.06450855425555117,0.07299496949438385,-0.08742139498742547,-0.08742139498742564,False
AGO2,DCG,-0.7386807092145471,1.1429579538420431,-1.0656909959841696,0.07726695785787352,-0.08313077101840292,-1.088603836716046,True
SH3PXD2B,DIG,-1.4505451285207498,0.4240262825060986,-2.09269426350253,-1.6686679809964313,-1.8269759893049686,-2.115607104234406,True
USP3,NEUTRAL,0.01770846973027609,0.13750352374993502,0.025547921461601637,0.16305144521153667,0.0026350807297266764,0.0026350807297266764,False
FBH1,DSG,-0.023436645501379794,1.341036917835067,-0.033811932239913266,1.3072249855951537,1.1463657392869397,-0.056724772971790745,False
RAG2,DIG,-0.7473152499997167,0.4506614090095652,-1.0781480051552872,-0.627486596145722,-0.7861775395080762,-1.1010608458871618,True
TMC6,DCG,-0.6671187488893182,1.1099176920780351,-0.9624489107066692,0.147468781371366,-0.006882960969475864,-0.9853617514385462,True
CD226,NEUTRAL,-0.01037711322104122,0.13750352374993502,-0.014971009782739467,0.12253251396719556,-0.03788385051461557,-0.03788385051461524,False
ZNF512,DIG,1.1191010812231548,0.4506614090095652,1.6145215801341224,2.0651829891436875,1.9106354675092323,1.5916087394022456,True
SREBF2,NEUTRAL,-0.00010498702508594888,0.13750352374993502,-0.00015146426044918365,0.13735205948948584,-0.023064304992324106,-0.023064304992324917,False
KRT74,DIG,-1.5538939980381596,0.4240262825060986,-2.241795165036778,-1.8177688825306793,-1.9813392697972412,-2.264708005768633,True
ITGB1BP1,DIG,-1.5043490463792815,0.5277376320282061,-2.170316908977431,-1.6425792769492247,-1.7992174700543244,-2.1932297497093085,True
LINC02308,NEUTRAL,-0.021430619475027005,0.13750352374993502,-0.030917848439799903,0.10658567531013512,-0.053830689171675744,-0.053830689171675744,False
ZNF599,DSG,0.08998405051860589,1.3457748368417302,0.12981954344229468,1.4755943802840248,1.31608684278829,0.10690670271041784,False
KRT86,DIG,1.1378335049055335,0.5109619192773794,1.641546754884521,2.1525086741619006,1.9884271040505541,1.6186339141526436,True
MYO1D,DIG,-1.5613254699846706,0.5025003405291834,-2.2525165127605145,-1.750016172231331,-1.9082930043991522,-2.27542935349239,True
IQCJ,DSG,0.010350161823737335,1.1429579538420431,0.014932127135504123,1.1578900809775472,1.0065008486324345,-0.007980713596370486,False
LETM1,NEUTRAL,-0.11241259542347264,0.13750352374993502,-0.16217709395090135,-0.024673570200966333,-0.18508993468277785,-0.18508993468277765,False
FXYD3,DSG,0.053273154470167984,-0.7369655941662062,0.07685691576662307,-0.6601086783995831,-0.8205250428813952,0.05394407503474537,False
MIR1228,DIG,-1.6119272397312174,0.5443205162238104,-2.325519435034063,-1.7811989188102526,-1.949412857434452,-2.348432275765906,True
GANC,NEUTRAL,-0.05768691822547024,0.13750352374993502,-0.08322463084805308,0.05427889290188194,-0.10613747157992998,-0.10613747157992963,False
HOXA10-AS,DSG,-0.0542864072702332,1.3504972470841334,-0.078318730556444,1.2721785165276893,1.117237738058694,-0.10123157128831968,False
PNPLA2,NEUTRAL,-0.037411481830335214,0.13750352374993502,-0.05397335930893217,0.08353016444100285,-0.07688620004080675,-0.07688620004080658,False
UBL3,NEUTRAL,0.0018978718755805176,0.13750352374993502,0.0027380503431426485,0.14024157409307766,-0.020174790388732038,-0.020174790388731878,False
SPECC1L-ADORA2A,NEUTRAL,-0.061755412150242044,0.13750352374993502,-0.08909422685720823,0.048409296892726786,-0.11200706758908477,-0.11200706758908442,False
RAPGEF1,NEUTRAL,0.028388990771843974,0.13750352374993502,0.04095665620238185,0.17846017995231686,0.01804381547050763,0.018043815470507315,False
MATK,NEUTRAL,-0.004684126698961031,0.13750352374993502,-0.00675776635948667,0.13074575739044836,-0.02967060709136336,-0.02967060709136287,False
KCNK17,DSG,-0.09177369543636826,1.3968901525685844,-0.13240145529010258,1.264488697278482,1.099570965948221,-0.1553142960219783,False
SERTM1,NEUTRAL,0.007554391853013643,0.13750352374993502,0.01089868366327477,0.14840220741320978,-0.012014157068601712,-0.012014157068602196,False
FBLL1,DIG,1.4063275156392734,0.4329594072761063,2.028901732678476,2.4618611399545824,2.3115846279098964,2.0059888919465982,True
AGT,DCG,-0.9101303673625851,1.175258445745353,-1.313040567556452,-0.13778212181109906,-0.2965010025389841,-1.3359534082883284,True
ZNF667-AS1,DSG,-0.05939651844620852,1.2529807411698708,-0.08569106260841487,1.167289678561456,1.0111428559648925,-0.10860390334029066,False
LINC02183,NEUTRAL,0.053601472091212805,0.13750352374993502,0.07733057797034089,0.2148341017202759,0.05441773723846489,0.054417737238464575,False
FNBP1,NEUTRAL,-0.0024622844116791477,0.13750352374993502,-0.003552325509987705,0.1339511982399473,-0.02646516624186363,-0.026465166241863958,False
SBF1P1,DCG,-0.7970399662790338,1.3171110785895865,-1.1498856067410688,0.16722547184851777,0.0016169858149054338,-1.172798447472939,True
DIO2-AS1,NEUTRAL,-0.017687353723367247,0.13750352374993502,-0.025517457503150872,0.11198606624678414,-0.0484302982350267,-0.04843029823502687,False
SLC35E1,DIG,0.8596791121632641,0.5025003405291834,1.240254791873768,1.7427551324029515,1.582713510956314,1.2173419511418904,True
FBXW7,NEUTRAL,0.033732669397234245,0.13750352374993502,0.04866595485533674,0.18616947860527178,0.02575311412346285,0.025753114123462224,False
KRT2,DIG,1.0967620027230802,0.5109619192773794,1.5822931023640356,2.093255021641415,1.928934906263253,1.5593802616321595,True
GSDMD,DCG,-0.9946313473344908,1.3362833878644325,-1.434949712312178,-0.09866632444774548,-0.25992055070820375,-1.4578625530440534,True
JRKL,NEUTRAL,-0.04038767693493464,0.13750352374993502,-0.05826710122705578,0.07923642252287924,-0.08117994195893001,-0.08117994195893034,False
DEPDC1B,NEUTRAL,0.0002754300578941841,0.13750352374993502,0.0003973615786356995,0.13790088532857073,-0.022515479153241008,-0.022515479153241008,False
RAD1P2,DCG,-0.9547948986133812,1.20685157044067,-1.3774778652956057,-0.17062629485493574,-0.3317788895696917,-1.4003907060274745,True
COLCA1,NEUTRAL,-0.008948510180275168,0.13750352374993502,-0.012909971260427389,0.12459355248950763,-0.035822811992302764,-0.035822811992303256,False
FOXP4,DSG,-0.010561706193656699,1.3025627700204314,-0.015237321148914771,1.2873254488715167,1.1256984356029607,-0.03815016188079212,False
TMEM223,DIG,-0.9105752163708909,0.405992359675837,-1.3136823490146792,-0.9076899893388422,-1.061097251735352,-1.3365951897465553,True
CRELD1,DIG,1.0277998383406954,0.3968901525685844,1.4828017298005998,1.8796918823691842,1.7251863029087497,1.4598888890687216,True
BPIFB1,DCG,-0.9581758704880418,1.3171110785895865,-1.3823555766525635,-0.06524449806297694,-0.22787133244180963,-1.4052684173844399,True
GIMAP5,DIG,-1.2314256207606105,0.5525410230287789,-1.7765716362949462,-1.2240306132661671,-1.3972300312749784,-1.7994844770268232,True
CHRNG,NEUTRAL,0.022485428236617262,0.13750352374993502,0.032439615809232394,0.1699431395591674,0.009526775077356945,0.009526775077356945,False
NES,DCG,-0.9608000975539173,1.3831282513240999,-1.3861415360266687,-0.003013284702568786,-0.1682760442118929,-1.4090543767585462,True
GAREM1,NEUTRAL,-0.03637280112715823,0.13750352374993502,-0.052474859809391684,0.08502866394054334,-0.07538770054126602,-0.07538770054126619,False
TRIP13,DCG,-0.973703325993284,1.1963972128035036,-1.4047569597076006,-0.20835974690409698,-0.36180135174302347,-1.427669800439477,True
TTC21B-AS1,NEUTRAL,-0.00507643857932986,0.13750352374993502,-0.007323752763776604,0.1301797709861584,-0.03023659349565228,-0.030236593495652442,False
EIF2AK1,DSG,0.16015604225530544,1.2275357246124077,0.23105632793013245,1.4585920525425402,1.3003386278501112,0.20814348719825607,False
INO80C,NEUTRAL,0.021289079623370347,0.13750352374993502,0.030713649597726683,0.1682171733476617,0.007800808865851203,0.007800808865850884,False
LINC01852,NEUTRAL,-0.002532181455262408,0.13750352374993502,-0.003653165628138075,0.13385035812179694,-0.02656600636001327,-0.026566006360012943,False
TDG,NEUTRAL,-0.024998942383398032,0.13750352374993502,-0.03606585020399727,0.10143767354593775,-0.05897869093587238,-0.058978690935872546,False
LSM8,DIG,1.5072388656139506,0.5109619192773794,2.1744860368563534,2.685447956133733,2.53346619714475,2.1515731961244775,True
RRAGD,DIG,-0.6114103890051438,0.4681488357384065,-0.882078736165713,-0.4139299004273065,-0.5701875371883794,-0.9049915768975896,True
PITRM1,DCG,-0.8945799697196248,1.2630344058337937,-1.290606085993102,-0.02757168015930822,-0.19469756912308978,-1.3135189267249794,True
EIF2B3,NEUTRAL,0.01759066791808108,0.13750352374993502,0.02537796937134016,0.16288149312127517,0.0024651286394659485,0.002465128639465629,False
MACO1,NEUTRAL,0.01224244682939177,0.13750352374993502,0.01766211732911032,0.15516564107904535,-0.00525072340276553,-0.005250723402765209,False
AADACP1,DSG,-0.03324370066932204,1.20685157044067,-0.04796052209642803,1.1588910483442418,0.9935052874822227,-0.07087336282830298,False
H1-10,DSG,-0.030144883786099363,1.3692338096657193,-0.04348987434637967,1.3257439353193397,1.1564841774746202,-0.06640271507825701,False
ZBTB25,NEUTRAL,0.0162828909310261,0.13750352374993502,0.023491245997527232,0.16099476974746224,0.0005784052656502748,0.0005784052656502748,False
ATP6V0A2,DIG,-1.3451151355759194,0.3410369178350672,-1.9405909355200648,-1.5995540176849976,-1.7604844305461491,-1.9635037762519418,True
CILP2,DIG,-1.6194112317623601,0.4681488357384065,-2.336316553223445,-1.8681677174850384,-2.0294228338915996,-2.3592293939553213,True
FOXA2,DSG,0.03798812913729719,1.2016338611696507,0.05480528551902819,1.2564391466886788,1.0936392876116303,0.03189244478715181,False
THSD1,NEUTRAL,-0.041470601841292726,0.13750352374993502,-0.05982943161911373,0.0776740921308213,-0.08274227235099049,-0.08274227235099066,False
PRMT9,NEUTRAL,0.012878446116124886,0.13750352374993502,0.018579670346089105,0.1560831940960241,-0.004333170385787622,-0.004333170385787301,False
PSMD1,NEUTRAL,0.0040639999182612374,0.13750352374993502,0.00586311252824864,0.14336663627818366,-0.0170497282036287,-0.01704972820362773,False
CYP4Z2P,NEUTRAL,-0.03582080383872179,0.13750352374993502,-0.05167849605878028,0.08582502769115474,-0.07459133679065519,-0.07459133679065519,False
MTRF1LP1,NEUTRAL,-0.03022100225043323,0.13750352374993502,-0.043599690077394226,0.09390383367254079,-0.06651253080927022,-0.06651253080927072,False
SLC51B,NEUTRAL,0.02100158586365053,0.13750352374993502,0.030298883776292376,0.16780240752622738,0.007386043044417143,0.007386043044417143,False
AFP,DIG,-0.7929736235641386,0.45943161863729726,-1.1440191142717344,-0.6845874956344371,-0.8293150603817792,-1.166931955003611,True
RNU1-39P,DIG,-0.9882967445792213,0.4506614090095652,-1.4258108123311493,-0.9751494033215841,-1.1307221133152765,-1.4487236530630236,True
ZNF492,DIG,-1.468445694757309,0.5109619192773794,-2.1185193216411182,-1.6075574023637387,-1.7673291482988713,-2.1414321623729937,True
TRPM4,DIG,1.1588012800703706,0.45943161863729726,1.6717968601333064,2.1312284787706037,1.9614363291258716,1.6488840194014303,True
NUP35,NEUTRAL,-0.049888684581028,0.13750352374993502,-0.07197415784152279,0.06552936590841223,-0.0948869985733977,-0.09488699857339787,False
LOXHD1,NEUTRAL,0.00015442521548937314,0.13750352374993502,0.00022278849257472818,0.13772631224250975,-0.02269005223930062,-0.022690052239300457,False
ZAP70,DIG,1.1727437874523035,0.33151414371656057,1.6919116463907788,2.0234257901073396,1.8635651131635125,1.6689988056589022,True
CEP290,DIG,1.115882275405558,0.5443205162238104,1.6098778249434909,2.154198341167301,1.99441369670947,1.5869649842116123,True
RNF20,NEUTRAL,-0.007603170548081339,0.13750352374993502,-0.01096905644474997,0.12653446730518506,-0.03388189717662687,-0.033881897176626534,False
SLC7A2-IT1,NEUTRAL,-0.02809682024860526,0.13750352374993502,-0.04053514323741142,0.0969683805125236,-0.06344798396928734,-0.06344798396928718,False
CACNA1S,DCG,-0.9056609754866554,1.2529807411698708,-1.3065925980612587,-0.05361185689138792,-0.2186509470082785,-1.329505438793131,True
LARS1,DIG,0.8147468196607454,0.4506614090095652,1.175431196304612,1.6260926053141773,1.468643716351532,1.152518355572736,True
ASAP1-IT2,DCG,-0.750885205464709,1.2016338611696507,-1.083298362200826,0.11833549896882456,-0.04125361404868363,-1.1062112029327005,True
LAD1,DCG,-1.0897822184213004,1.485426827170242,-1.5722234021653831,-0.08679657499514115,-0.2350546148900879,-1.5951362428972597,True
VSTM4,DIG,1.5954473817767387,0.44183755862255913,2.3017440256885817,2.7435815843111406,2.5952683690641645,2.2788311849567044,True
PPEF2,DIG,-0.6573105783427616,0.3877301532831085,-0.9482987116989587,-0.5605685584158502,-0.7169379109860251,-0.9712115524308323,True
BAIAP2L2,NEUTRAL,-0.028028411414772064,0.13750352374993502,-0.04043645015208727,0.09706707359784775,-0.06334929088396192,-0.06334929088396175,False
KCNIP1-OT1,DIG,1.623381091095087,0.415037499278844,2.3420438495957967,2.7570813488746406,2.5923975512303246,2.319131008863919,True
DNAJC27-AS1,DIG,-0.956267931237365,0.35049724708413343,-1.3796030021572947,-1.0291057550731613,-1.193025691308569,-1.4025158428891709,True
EPC2,NEUTRAL,0.005385931018734551,0.13750352374993502,0.0077702559712983805,0.1452737797212334,-0.015142584760577315,-0.015142584760577152,False
SNORD45A,NEUTRAL,-0.003510829617820021,0.13750352374993502,-0.005065056479035039,0.13243846727089997,-0.02797789721091066,-0.02797789721091017,False
ERO1B,DCG,-0.980247967954073,1.3504972470841334,-1.4141988822088247,-0.06370163512469129,-0.22356504023784757,-1.437111722940701,True
TGM3,DSG,0.03570870614774211,1.1375035237499351,0.051516773275908784,1.1890202970258439,1.0227752028165957,0.028603932544032592,False
ADGRE5,DIG,-1.3124114503956854,0.415037499278844,-1.8934094910917472,-1.4783719918129032,-1.6520711902641116,-1.9163223318236244,True
PIK3C2B,DCG,-0.8875188256540777,1.3645724322958561,-1.2804190084667344,0.08415342382912172,-0.07426657746864053,-1.3033318491986121,True
FANCM,NEUTRAL,-0.0574954173671214,0.13750352374993502,-0.08294835350938723,0.05455517024054779,-0.10586119424126333,-0.10586119424126315,False
POU2F1,DCG,2.0794415416798357,-3.321928094887362,3.0,-0.3219280948873622,-0.48234445936917253,2.9770871592681245,True
SLX4IP,DSG,-0.07608921967983212,1.132028393683784,-0.10977353989720472,1.0222548537865794,0.8687572309254172,-0.13268638062907984,False
ELFN1-AS1,DSG,0.009373001938562407,1.3645724322958561,0.013522383415006625,1.3780948157108628,1.218578271758491,-0.00939045731686853,False
LYSMD3,NEUTRAL,-0.0962329256637022,0.13750352374993502,-0.13883476462525943,-0.0013312408753244076,-0.16174760535713553,-0.16174760535713553,False
SH2D4B,DIG,1.0136312475375713,0.4240262825060986,1.4623607741125473,1.8863870566186458,1.7277492123377558,1.4394479333806696,True
EPHX2,NEUTRAL,0.018573746327861906,0.13750352374993502,0.026796251717935968,0.164299775467871,0.0038834109860599684,0.0038834109860596488,False
DDX49,DIG,0.5557187023266562,0.5277376320282061,0.801732615975917,1.3294702480041232,1.1668537676739668,0.7788197752440399,True
WDFY1,NEUTRAL,0.045834626463133445,0.13750352374993502,0.06612538829936067,0.20362891204929567,0.043212547567484494,0.043212547567484494,False
RBX1P2,NEUTRAL,-0.04836295510113243,0.13750352374993502,-0.06977299548713935,0.06773052826279567,-0.09268583621901595,-0.09268583621901527,False
DCTN2,DIG,-0.9493238052448473,0.53605290024021,-1.3695847460245814,-0.8335318457843713,-0.9955165635843994,-1.3924975867564577,True
SBSN,DSG,0.05028539760011577,1.4637968111986992,0.0725464937468168,1.536343304945516,1.37501732788116,0.04963365301494005,False
RHOBTB3,NEUTRAL,0.019339996159511673,0.13750352374993502,0.02790171655013909,0.1654052403000741,0.004988875818262611,0.004988875818261972,False
BNC2,DIG,1.076909624583677,0.44183755862255913,1.553652174872466,1.9954897334950252,1.8391670754088842,1.5307393341405877,True
JAKMIP1,NEUTRAL,-0.05186920176494726,0.13750352374993502,-0.07483144016115849,0.06267208358877653,-0.09774428089303518,-0.09774428089303483,False
VAC14,NEUTRAL,-0.07879316482957488,0.13750352374993502,-0.11367450815557437,0.023829015594360653,-0.1365873488874498,-0.13658734888745,False
NR1D2,NEUTRAL,-0.060192040264775835,0.13750352374993502,-0.08683875799098091,0.05066476575895411,-0.109751598722856,-0.10975159872285584,False
RPS3AP44,NEUTRAL,-0.008283167634752923,0.13750352374993502,-0.011950084869510007,0.125553438880425,-0.03486292560138549,-0.03486292560138533,False
SUPT7L,DIG,1.6907743363271777,0.45943161863729726,2.4392717502815477,2.898703368918845,2.735492667637561,2.4163589095496696,True
SPATA2,DCG,-0.8557112453447002,1.2428565238961637,-1.234530370091718,0.00832615380444568,-0.14748003615080485,-1.2574432108235947,True
SPDEF,DIG,0.7632733492862204,0.6244908649077937,1.1011706758579398,1.7256615407657336,1.5787852521011965,1.0782578351260632,True
LINC02226,DSG,0.03252968932219948,-0.7369655941662062,0.04693042146679586,-0.6900351726994104,-0.8504515371812139,0.024017580734920642,False
CASP14,DIG,1.573943835467496,0.5525410230287789,2.270720966066711,2.82326198909549,2.64938490790107,2.2478081253348337,True
PANK3,DIG,-0.9689958573941315,0.4329594072761063,-1.3979655181044628,-0.9650061108283565,-1.113864860244597,-1.420878358836341,True
UNC13D,DCG,-1.0897493676437295,1.3692338096657193,-1.5721760085114924,-0.20294219884577314,-0.3670358469393491,-1.5950888492433692,True
FBXL16,DCG,0.8161344796781905,-0.7369655941662062,1.17743316653022,0.4404675723640138,0.28005120788220217,1.154520325798343,True
TMEM89,NEUTRAL,-0.04567480948926402,0.13750352374993502,-0.06589482114370937,0.07160870260622565,-0.0888076618755847,-0.0888076618755847,False
ALOX15B,NEUTRAL,0.020525320005097717,0.13750352374993502,0.02961177738401351,0.16711530113394854,0.006698936652136887,0.006698936652137206,False
ANXA7,DIG,-0.8738071066189413,0.405992359675837,-1.2606371794126805,-0.8546448197368435,-1.012308952641989,-1.2835500201445558,True
MEIS1,DIG,-1.2367791179737178,0.405992359675837,-1.784295100175709,-1.378302740499872,-1.5285993444920178,-1.8072079409075859,True
LINC02273,NEUTRAL,0.0003218710119593544,0.13750352374993502,0.00046436171275967284,0.1379678854626947,-0.022448479019116143,-0.022448479019116143,False
LGR4,DIG,0.9969069998492717,0.5025003405291834,1.438232784910039,1.9407331254392224,1.7812161329351452,1.4153199441781605,True
TRNT1,DIG,-1.2284126132432474,0.4854268271702419,-1.7722247852914852,-1.2867979581212432,-1.4332206756105506,-1.7951376260233611,True
KBTBD13,NEUTRAL,0.027947115503810863,0.13750352374993502,0.040319164944499,0.17782268869443402,0.017406324212623798,0.017406324212623798,False
ITPK1-AS1,NEUTRAL,0.007923471571162325,0.13750352374993502,0.011431153142340571,0.1489346768922756,-0.011481687589534906,-0.011481687589534906,False
SLC30A6,DIG,0.6407042051363265,0.53605290024021,0.9243407794268834,1.4603936796670935,1.2978471514078906,0.901427938695007,True
LINC01976,NEUTRAL,-0.0420078356140526,0.13750352374993502,-0.060604496118872475,0.07689902763106254,-0.08351733685074766,-0.08351733685074766,False
SAP30L-AS1,DIG,0.679110724002869,0.4768136968655339,0.9797496737334526,1.4565633705989864,1.2942681871865205,0.9568368330015766,True
GLYATL1P1,DIG,1.3681866586887852,0.5025003405291834,1.9738761075007514,2.4763764480299346,2.3248435085321155,1.9509632667688759,True
GABRG3,NEUTRAL,-0.00956562735464598,0.13750352374993502,-0.013800283147539569,0.12370324060239545,-0.036713123879415464,-0.036713123879415464,False
NIPSNAP3A,NEUTRAL,0.0063003229161356054,0.13750352374993502,0.00908944462710793,0.14659296837704294,-0.013823396104766402,-0.01382339610476705,False
TP53I3,DIG,0.9507328628420955,0.5025003405291834,1.3716175864324582,1.8741179269616417,1.707226123985886,1.3487047457005805,True
LACTB2,DCG,-0.9971785587442343,1.446256229889564,-1.4386245615811109,0.007631668308453188,-0.1528958968893917,-1.4615374023129875,True
PDXK,DSG,-0.07453161064188958,1.1963972128035036,-0.1075263850625212,1.0888708277409824,0.9282179110326986,-0.13043922579439704,False
BTN1A1,DSG,-0.004804712232435356,1.3025627700204314,-0.006931734510633028,1.2956310355097984,1.134321358770473,-0.029844575242508494,False
MAP1B,NEUTRAL,0.03278032671313134,0.13750352374993502,0.0472920147877546,0.18479553853768962,0.024379174055879575,0.02437917405587926,False
VAMP3,NEUTRAL,0.016770742021979278,0.13750352374993502,0.024195066347137653,0.16169859009707266,0.0012822256152616254,0.0012822256152616254,False
PDCL3P5,DIG,-1.0920323726928798,0.415037499278844,-1.575469688574226,-1.1604321892953822,-1.3095637449280222,-1.598382529306104,True
SLC25A13,DSG,0.09845963761756273,1.2680350868921602,0.14204723091858218,1.4100823178107422,1.244178209927749,0.1191343901867056,False
IYD,DIG,1.2464254485647992,0.45943161863729726,1.7982118134822376,2.2576434321195347,2.109750164001557,1.7752989727503614,True
LINC01829,DIG,-1.4225922246081069,0.45943161863729726,-2.052366747649314,-1.5929351290120168,-1.750328878844982,-2.075279588381181,True
RFC2,DSG,-0.021169553711529485,1.4014484345308889,-0.03054121015745614,1.3709072243734328,1.2129809409921501,-0.05345405088933075,False
GPATCH2,DCG,0.6931443178621887,-0.7369655941662062,0.9999958700001429,0.2630302758339367,0.10261391135212489,0.9770830292682656,True
FAM237B,DSG,-0.05470924534588694,-0.7369655941662062,-0.07892875695128869,-0.8158943511174949,-0.9763107155993048,-0.10184159768316331,False
NAMPT,DSG,-0.10520970544151206,1.0761029790857917,-0.15178552029385806,0.9243174587919336,0.7657607279462366,-0.17469836102573427,False
LYPD4,DSG,0.07115857855137608,1.1375035237499351,0.10266012839277804,1.240163652142713,1.0809452560497426,0.07974728766090176,False
PKD2L1,NEUTRAL,-0.04431080876415057,0.13750352374993502,-0.06392698406181925,0.07357653968811577,-0.08683982479369406,-0.08683982479369423,False
ELOCP31,DSG,0.01895398755446752,1.4284997590854065,0.027344823849901424,1.455844582935308,1.2979937339007683,0.004431983118026064,False
CLEC17A,DIG,1.3210432764974138,0.5277376320282061,1.9058625838025267,2.433600215830733,2.2698044207894403,1.882949743070649,True
POLR2A,NEUTRAL,-0.009575041588913116,0.13750352374993502,-0.013813865016630532,0.12368965873330448,-0.036726705748506824,-0.036726705748506665,False
NDUFA4,DSG,0.062295650382518615,1.1210154009613662,0.08987362587581227,1.2108890268371786,1.0523832500145824,0.0669607851439352,False
FAM83C-AS1,DCG,-0.7574231436364914,1.2275357246124077,-1.0927306131788952,0.13480511143351248,-0.02603980967112737,-1.11564345391076,True
IL12A,DSG,-0.03239779844405432,1.1099176920780351,-0.04674014315095734,1.0631775489270778,0.9010913783167955,-0.06965298388283274,False
ASS1P8,NEUTRAL,0.04943582869985706,0.13750352374993502,0.07132082490752008,0.20882434865745508,0.04840798417564372,0.048407984175644035,False
DNAJB5-DT,DIG,-1.3504858890688614,0.405992359675837,-1.9483392949501692,-1.5423469352743322,-1.6998365642367144,-1.9712521356820292,True
DNAJB9,DSG,-0.00444490304250891,1.185866545311334,-0.0064126395766598695,1.179453905734674,1.024714507945882,-0.029325480308536992,False
HELZ2,DCG,-1.1000552087181108,1.446256229889564,-1.5870441943216922,-0.14078796443212815,-0.29517730552507687,-1.6099570350535677,True
LZIC,NEUTRAL,0.04842369440061021,0.13750352374993502,0.06986062377328302,0.20736414752321802,0.04694778304140623,0.04694778304140623,False
AOX3P,NEUTRAL,-0.0324212653932954,0.13750352374993502,-0.04677399880225224,0.09072952494768277,-0.06968683953412738,-0.06968683953412722,False
SSR4P1,DSG,-0.003093771230055411,-0.7369655941662062,-0.0044633684112458894,-0.741428962577452,-0.9018453270592639,-0.027376209143122828,False
DDX50,DIG,1.0130129762527929,0.3025627700204313,1.4614687971960736,1.764031567216505,1.6039426401220747,1.4385559564641959,True
INTS12,NEUTRAL,-0.08063266084712693,0.13750352374993502,-0.1163283399378317,0.021175183812103315,-0.13924118066970848,-0.13924118066970848,False
CTNNBL1,DCG,0.7904497570273598,-0.7369655941662062,1.140377944535258,0.40341235036905176,0.24299598588724147,1.1174651038033825,True
EIF3B,DSG,0.14216484063969226,1.1429579538420431,0.20510051057965378,1.3480584644216969,1.1925969474595293,0.18218766984777698,False
RXRB,DSG,0.04621618075031718,-0.7369655941662062,0.06667585477731057,-0.6702897393888957,-0.8307061038707069,0.04376301404543422,False
DLX5,DSG,0.09488875904217793,-3.321928094887362,0.1368955421062579,-3.185032552781104,-3.3454489172629147,0.1139827013743813,False
SAMD5,DIG,0.7641750068635919,0.3877301532831085,1.1024714927733936,1.4902016460565022,1.3289306534138274,1.0795586520415172,True
RPGRIP1,DIG,1.1972340293025856,0.4854268271702419,1.7272435968583522,2.212670424028594,2.0530305107114737,1.7043307561264744,True
PKMP5,DIG,-1.3484078167336875,0.49398884067366594,-1.9453412702976052,-1.4513524296239393,-1.6086363916158315,-1.9682541110294738,True
SLC39A6,NEUTRAL,-0.012910523620211308,0.13750352374993502,-0.01862594840215868,0.11887757534777633,-0.04153878913403484,-0.04153878913403517,False
ZKSCAN1,DSG,0.01037321123117451,1.4418375586225591,0.014965380401309165,1.4568029390238684,1.2961357408537493,-0.007947460330567596,False
LZTS1,NEUTRAL,0.02947814081306913,0.13750352374993502,0.04252796756564139,0.18003149131557641,0.019615126833765827,0.019615126833765196,False
CPSF1P1,NEUTRAL,-0.00432432009080163,0.13750352374993502,-0.006238675150216024,0.131264848599719,-0.029151515882092683,-0.02915151588209252,False
ADM,NEUTRAL,0.0022645045582752234,0.13750352374993502,0.003266989496294118,0.14077051324622913,-0.0196458512355825,-0.019645851235582337,False
SLC25A26,NEUTRAL,0.017741313615867876,0.13750352374993502,0.025595305172468427,0.16309882892240346,0.002682464440593632,0.002682464440593952,False
NCAPGP1,DCG,-0.9754531710870274,1.4550531781267229,-1.4072814525466681,0.047771725580054714,-0.11023861090546164,-1.430194293278534,True
MAP1LC3B2,NEUTRAL,0.00679226569664799,0.13750352374993502,0.009799168036954275,0.1473026917868893,-0.013113672694922042,-0.01311367269492188,False
ADGRL3,NEUTRAL,-0.013165737448776334,0.13750352374993502,-0.01899414412699573,0.11850937962293928,-0.04190698485887184,-0.04190698485887168,False
ERCC6,DIG,-1.5182871078247955,0.405992359675837,-2.1904252811044795,-1.7844329214286425,-1.9473746908438765,-2.213338121836356,True
TIMM21,NEUTRAL,0.06590017674591982,0.13750352374993502,0.09507385818504471,0.23257738193497973,0.07216101745316954,0.07216101745316954,False
CDS2,DSG,0.03611549966074956,1.1911414873520083,0.05210365225979044,1.2432451396117987,1.0847026657025776,0.02919081152791331,False
NAGS,NEUTRAL,0.016802825464172083,0.13750352374993502,0.024241352970083858,0.1617448767200189,0.0013285122382074856,0.0013285122382078057,False
MED4-AS1,NEUTRAL,-0.07982053633839406,0.13750352374993502,-0.11515669193649841,0.022346831813436607,-0.13806953266837355,-0.1380695326683737,False
OIT3,DIG,1.4439126845036623,0.3968901525685844,2.083125669410104,2.4800158219786885,2.331021716922559,2.0602128286782286,True
APOE,DIG,1.6364959016834895,0.4240262825060986,2.360964521793883,2.7849908042999814,2.6186043495203633,2.3380516810620056,True
FBLN5,NEUTRAL,-0.017477537840096518,0.13750352374993502,-0.02521475716885645,0.11228876658107857,-0.048127597900733274,-0.04812759790073278,False
RSL24D1P11,NEUTRAL,-0.001624509688047688,0.13750352374993502,-0.0023436720708224766,0.13515985167911254,-0.025256512802698496,-0.02525651280269866,False
NBEA,NEUTRAL,-0.026559674207105047,0.13750352374993502,-0.038317510266216964,0.09918601348371806,-0.06123035099809293,-0.061230350998092764,False
DUS4L,DIG,-0.8193222864921689,0.5025003405291834,-1.1820321996120586,-0.6795318590828753,-0.8286387787258548,-1.2049450403439343,True
RPS21P1,DCG,-1.1481074697817883,1.485426827170242,-1.6563689530617616,-0.17094212589151958,-0.32771868865687004,-1.6792817937936337,True
SLC9A3P3,DIG,-0.8125997150535089,0.405992359675837,-1.172333579135482,-0.7663412194596451,-0.9269731130799302,-1.195246419867349,True
DPH3,DIG,1.7101088644932452,0.4768136968655339,2.467165578184661,2.9439792750501947,2.7784114068292043,2.4442527374527843,True
SOBP,DIG,1.602219054738619,0.45943161863729726,2.3115134846892085,2.770945103326506,2.6168570262867212,2.288600643957331,True
SUCO,DCG,0.9400472703327618,-0.7369655941662062,1.3562015351102823,0.6192359409440761,0.45881957646226523,1.333288694378406,True
TMEM63B,DSG,-0.0057243813729926,1.4284997590854065,-0.00825853661897358,1.420241222466433,1.2601576361949924,-0.031171377350849884,False
BIN1,NEUTRAL,-0.010692411090973403,0.13750352374993502,-0.01542588845609348,0.12207763529384154,-0.03833872918796968,-0.038338729187969524,False
TMEM243,DSG,-0.021035134042494696,1.4768136968655337,-0.03034728356754171,1.4464664132979919,1.278496493944515,-0.053260124299417226,False
ARPC2,NEUTRAL,-0.004069088303390258,0.13750352374993502,-0.005870453516240411,0.1316330702336946,-0.028783294248116348,-0.02878329424811651,False
RFX2,DIG,1.0939860827421362,0.5277376320282061,1.5782882963736231,2.106025928401829,1.9479722422620354,1.5553754556417456,True
HOXA1,DSG,-0.05489815832026059,1.450661409009565,-0.07920130076257714,1.371460108246988,1.20871206485879,-0.10211414149445462,False
LINC01535,DSG,-0.11217359418329281,1.1963972128035036,-0.16183228804692762,1.034564924756576,0.8706960389268396,-0.1847451287788046,False
RPS26P39,NEUTRAL,0.009928426595610251,0.13750352374993502,0.014323691813317004,0.15182721556325202,-0.008589148918557723,-0.00858914891855853,False
LRP1B,NEUTRAL,-0.02285653417464926,0.13750352374993502,-0.032975008505675606,0.1045285152442594,-0.05588784923755022,-0.055887849237550385,False
TMC2,DSG,0.004893912245055019,1.2120504771149891,0.00706042292648665,1.2191109000414757,1.0657458739241696,-0.015852417805388905,False
MIR555,DCG,-0.7179167363596444,1.1911414873520083,-1.0357349153172484,0.15540657203475994,-0.010952361996941292,-1.058647756049124,True
EPHB4,DSG,-0.011159413153183168,-3.321928094887362,-0.016099630015328426,-3.3380277249026906,-3.4984440893845026,-0.039012470747205215,False
DEFB1,NEUTRAL,-0.025656538851501827,0.13750352374993502,-0.03701456136743671,0.10048896238249831,-0.05992740209931192,-0.05992740209931225,False
FGD5,DIG,0.8602680395935169,0.415037499278844,1.2411044345568374,1.6561419338356813,1.5021876025410406,1.2181915938249614,True
ATP5PF,DIG,1.1942531744794591,0.44183755862255913,1.7229431323874178,2.1647806910099767,2.0050626403107317,1.7000302916555419,True
LINC01389,NEUTRAL,-0.04326657224136136,0.13750352374993502,-0.06242046920887611,0.0750830545410589,-0.08533330994075079,-0.08533330994075096,False
B3GALT5,DIG,1.4778809017916694,0.45943161863729726,2.1321314480393507,2.591563066676648,2.433536629907352,2.109218607307474,True
LAMTOR5P1,DIG,1.7192086969986173,0.35049724708413343,2.480293861413082,2.8307911084972153,2.671978654633127,2.457381020681203,True
FGR,NEUTRAL,-0.04172912749126946,0.13750352374993502,-0.060202405292277765,0.07730111845765725,-0.08311524602415314,-0.08311524602415314,False
MYH6,DIG,1.3743554783312117,0.3877301532831085,1.9827758330070184,2.370505986290127,2.2041691505795944,1.9598629922751427,True
LINC01537,DSG,-0.0031341847037140843,1.4240262825060985,-0.004521672729278355,1.4195046097768202,1.262043197598173,-0.02743451346115591,False
MARCHF1,NEUTRAL,0.03224287106733747,0.13750352374993502,0.04651663019287001,0.18402015394280502,0.023603789460994586,0.023603789460994586,False
TMPRSS4,NEUTRAL,0.0383528990004293,0.13750352374993502,0.05533153719163463,0.19283506094156966,0.032418696459759276,0.03241869645975896,False
OGFRP1,NEUTRAL,-0.050876766845011814,0.13750352374993502,-0.07339965922376258,0.06410386452617244,-0.09631249995563836,-0.09631249995563852,False
TMEM147,DSG,-0.03179209089063457,1.1099176920780351,-0.04586629186740968,1.0640514002106254,0.8980793344800697,-0.0687791325992864,False
INPPL1,DIG,-1.2995833647474082,0.5688428353578793,-1.874902475542879,-1.3060596401849995,-1.4508825371136531,-1.8978153162747544,True
ELL,DIG,1.6856770198010012,0.49398884067366594,2.4319178770073915,2.9259067176810576,2.7493754479536903,2.409005036275515,True
LRP6,DIG,-0.7962196061873869,0.3692338096657191,-1.1487020773051064,-0.7794682676393874,-0.9389649437022971,-1.1716149180369833,True
DSG1-AS1,NEUTRAL,0.004866512389607954,0.13750352374993502,0.007020893290912095,0.14452441704084712,-0.015891947440963474,-0.015891947440963634,False
PDIK1L,NEUTRAL,0.002049708519152237,0.13750352374993502,0.0029571043158487936,0.1404606280657838,-0.019955736416027072,-0.019955736416026746,False
FSD1,NEUTRAL,-0.0036943961374304364,0.13750352374993502,-0.005329886986550232,0.13217363676338478,-0.02824272771842474,-0.028242727718424575,False
PGM3,DIG,-0.9549590327278202,0.45943161863729726,-1.3777146607685475,-0.9182830421312502,-1.0697379742658164,-1.4006275015004253,True
RNF144A,DIG,-1.2911173740366995,0.4240262825060986,-1.8626886327283272,-1.4386623502222287,-1.5979458211507098,-1.885601473460205,True
AASDH,DIG,0.8878091054530114,0.32192809488736235,1.2808377936931263,1.6027658885804887,1.445294842598307,1.2579249529612495,True
API5,DIG,1.2441660141710416,0.45943161863729726,1.7949521386871494,2.2543837573244465,2.1017079322535124,1.7720392979552717,True
MSI1,DIG,1.2567220574090414,0.3692338096657191,1.8130666799997992,2.1823004896655185,2.0265696000593523,1.7901538392679222,True
NPM1P37,DIG,-1.7096269044570351,0.4329594072761063,-2.4664702568305144,-2.033510849554408,-2.194412406354761,-2.489383097562386,True
MRPL23-AS1,NEUTRAL,-0.031580586111264575,0.13750352374993502,-0.04556115497108828,0.09194236877884673,-0.06847399570296353,-0.0684739957029637,False
COL6A4P2,DSG,0.1443042172142488,1.4374053123072983,0.20818697855436052,1.645592290861659,1.4886179754483744,0.18527413782248575,False
CAPN12,DSG,0.052196089742545956,-0.7369655941662062,0.07530303982536635,-0.6616625543408399,-0.8220789188226505,0.05239019909349029,False
CST3,DSG,-0.10392108167443755,1.3504972470841334,-0.14992642917552798,1.2005708179086054,1.037380677327148,-0.17283926990740456,False
RGS22,DCG,-0.9084655452068707,1.359895945086383,-1.310638736888441,0.049257208197942104,-0.11223151035515518,-1.3335515776203177,True
KRT8P23,NEUTRAL,-0.10322046632690787,0.13750352374993502,-0.14891565488807623,-0.011412131138141213,-0.17182849561995134,-0.1718284956199508,False
TFAP2B,DSG,0.015187883593909431,1.341036917835067,0.021911484342531984,1.362948402177599,1.2008656707460275,-0.0010013563893434216,False
JPH3,NEUTRAL,0.006141010754920483,0.13750352374993502,0.00885960576216957,0.1463631295121046,-0.014053234969706715,-0.014053234969707201,False
RUNX3-AS1,NEUTRAL,0.009114915399522031,0.13750352374993502,0.01315004324501288,0.1506535669949479,-0.009762797486862998,-0.00976279748686316,False
H4C3,DSG,-0.08149387211768207,1.3968901525685844,-0.11757080516701929,1.2793193474015652,1.1182724190169768,-0.14048364589889514,False
SLC13A2,DSG,-0.008436498480586868,1.4374053123072983,-0.012171294520409949,1.4252340177868883,1.2693371367112936,-0.03508413525228552,False
ZNF556,NEUTRAL,0.0034059333162198098,0.13750352374993502,0.004913723104908821,0.14241724685484383,-0.01799911762696733,-0.017999117626967005,False
TSPAN3,NEUTRAL,-0.057960850545068984,0.13750352374993502,-0.0836198316470774,0.05388369210285762,-0.1065326723789528,-0.10653267237895245,False
FAP,NEUTRAL,0.02940736217140537,0.13750352374993502,0.042425855570312226,0.17992937932024725,0.019513014838436104,0.019513014838436104,False
ZNF300P1,DIG,-1.2303303103179337,0.4768136968655339,-1.7749914373510625,-1.2981777404855286,-1.4608426113637965,-1.7979042780829386,True
RAB11B,DIG,1.6785808087103467,0.4681488357384065,2.421680208457803,2.889829044196209,2.7342101406527797,2.3987673677259265,True
TMEM87A,NEUTRAL,0.047483842707029364,0.13750352374993502,0.06850470439578284,0.20600822814571784,0.04559186366390723,0.04559186366390692,False
UICLM,NEUTRAL,-0.021391948340721417,0.13750352374993502,-0.03086205778611168,0.10664146596382335,-0.053774898517986724,-0.053774898517986225,False
LINC01277,DIG,1.6969157507154868,0.4329594072761063,2.4481319383636055,2.881091345639712,2.7371355021343353,2.425219097631729,True
MACROH2A2,DIG,1.706139318894595,0.32192809488736235,2.461438734434906,2.783366829322268,2.6350976460999616,2.4385258937030296,True
RNF122,NEUTRAL,-0.00759033683089863,0.13750352374993502,-0.010950541304614304,0.1265529824453207,-0.0338633820364886,-0.03386338203648909,False
CFAP161,NEUTRAL,0.0038879960872821775,0.13750352374993502,0.005609192674117691,0.1431127164240527,-0.017303648057758424,-0.017303648057759073,False
ADGB,DIG,0.9364942209598662,0.4240262825060986,1.3510755683999722,1.7751018509060708,1.6271635892250116,1.3281627276680947,True
CXCL5,DIG,0.8993633185331106,0.415037499278844,1.2975069996051598,1.7125444988840037,1.5558158751266318,1.2745941588732825,True
MCM4,DCG,-0.8715690259660666,1.1099176920780351,-1.2574083115536685,-0.14749061947563336,-0.3005649973866653,-1.2803211522855442,True
BMPR1A,NEUTRAL,0.041632703819451125,0.13750352374993502,0.06006329533912115,0.19756681908905616,0.037150454607244504,0.03715045460724544,False
HAGH,DCG,-1.0181017845183336,1.3923174227787602,-1.4688103956448038,-0.07649297286604351,-0.23505226780366303,-1.4917232363766788,True
COQ10B,DIG,-1.2633639826869816,0.53605290024021,-1.8226489526602387,-1.2865960524200286,-1.4550472596822384,-1.8455617933921138,True
MIR6843,NEUTRAL,-0.036712883158229535,0.13750352374993502,-0.052965494469113694,0.08453802928082133,-0.0758783352009891,-0.07587833520098927,False
RHOQ,DIG,0.5899563969756046,0.4329594072761063,0.8511271682574255,1.2840865755335318,1.1192703603944376,0.8282143275255495,True
CES4A,NEUTRAL,0.04240963305111542,0.13750352374993502,0.06118416728876489,0.1986876910386999,0.03827132655688801,0.03827132655688832,False
SUMO2P15,NEUTRAL,0.05556313405222369,0.13750352374993502,0.08016065795339182,0.21766418170332685,0.05724781722151585,0.057247817221516464,False
PRMT5-AS1,DIG,1.4502079094212905,0.35989594508638295,2.092207759180047,2.4521037042664298,2.287466407984753,2.0692949184481715,True
AP1B1,NEUTRAL,0.0211890755877152,0.13750352374993502,0.030569374271418117,0.16807289802135314,0.007656533539542589,0.007656533539542589,False
C8orf48,NEUTRAL,-0.006235379871207948,0.13750352374993502,-0.00899575161825057,0.12850777213168446,-0.03190859235012691,-0.03190859235012708,False
NUDT13,DIG,1.2707209723630655,0.405992359675837,1.833262845181796,2.239255204857633,2.078269686571647,1.8103500044499194,True
TWSG1,NEUTRAL,-0.028834752400394733,0.13750352374993502,-0.041599754293310615,0.0959037694566244,-0.06451259502518583,-0.0645125950251855,False
ZMYND10,NEUTRAL,-0.00830417683923698,0.13750352374993502,-0.011980394744632179,0.12552312900530285,-0.03489323547650844,-0.03489323547650811,False
INTS1,DSG,0.11019236116991772,-0.7369655941662062,0.15897397300368588,-0.5779916211625203,-0.7384079856443303,0.1360611322718104,False
TENT5B,NEUTRAL,-0.07334065081096212,0.13750352374993502,-0.10580819322054419,0.03169533052939083,-0.12872103395242032,-0.12872103395242013,False
ABHD8,DIG,-0.6107567896280086,0.5443205162238104,-0.881135791585592,-0.3368152753617816,-0.5034613800411104,-0.9040486323174699,True
BAZ2A,DIG,1.1467176481654393,0.44183755862255913,1.6543638643081344,2.096201422930694,1.9418328728289747,1.6314510235762587,True
CFAP126,DCG,-1.0014226774978852,1.4768136968655337,-1.4447475306599467,0.032066166205587,-0.13103225298878132,-1.4676603713918233,True
BCL6,DCG,-0.8520957301213663,1.070389327891398,-1.2293142842087557,-0.1589249563173576,-0.31831075597234454,-1.252227124940632,True
PRG4,DCG,-0.7498050413839445,1.2275357246124077,-1.0817400148381608,0.14579570977424683,-0.019235260770445312,-1.1046528555700381,True
BZW1-AS1,NEUTRAL,0.06181559524415593,0.13750352374993502,0.08918105270834316,0.22668457645827816,0.0662682119764665,0.06626821197646711,False
DYNC1I1,DSG,-0.0026973968463693235,1.282933963271499,-0.0038915210535665525,1.2790424422179323,1.1199860057649487,-0.026804361785442085,False
LTBR,DSG,-0.05438171469637734,1.4724877714627438,-0.07845623010750205,1.3940315413552418,1.235478903389252,-0.1013690708393796,False
CCT6P3,DSG,0.03660172463843784,1.20685157044067,0.05280512662385766,1.2596566970645275,1.098643932716532,0.029892285891980556,False
CARD8,DIG,-0.7123703543942451,0.405992359675837,-1.0277331775608909,-0.6217408178850539,-0.7886771487507253,-1.0506460182927675,True
RPL15,NEUTRAL,-0.015465375416527177,0.13750352374993502,-0.022311820418909847,0.11519170333102517,-0.04522466115078533,-0.04522466115078483,False
IL1RL2,NEUTRAL,0.06366693762978257,0.13750352374993502,0.09185197518707425,0.22935549893700927,0.06893913445519978,0.06893913445519947,False
ZDHHC1,NEUTRAL,-0.01616158630702625,0.13750352374993502,-0.023316240418045746,0.11418728333188927,-0.046229081149921754,-0.046229081149921754,False
RPL31P52,DIG,-0.6279563690613877,0.49398884067366594,-0.9059495395395039,-0.4119606988658379,-0.5701030077536734,-0.9288623802713775,True
RCC2P6,DIG,1.3801438308601859,0.4240262825060986,1.9911266604954865,2.4151529430015852,2.262677887030491,1.9682138197636105,True
SH3GL3,NEUTRAL,0.039011654891308006,0.13750352374993502,0.05628192104856174,0.19378544479849674,0.03336908031668554,0.03336908031668554,False
AHCTF1,DCG,2.0794415416798357,-3.321928094887362,3.0,-0.3219280948873622,-0.48234445936917253,2.9770871592681245,True
NRG3,DIG,-1.6870095405481862,0.4329594072761063,-2.433840298081237,-2.0008808908051305,-2.1535743949350397,-2.4567531388131103,True
FASLG,DCG,-0.8999794033216466,1.185866545311334,-1.298395822074348,-0.11252927676301394,-0.2719710802319371,-1.3213086628062232,True
LINC01624,NEUTRAL,-0.015425353540962724,0.13750352374993502,-0.022254081057505933,0.1152494426924291,-0.04516692178938121,-0.04516692178938072,False
CENPW,DIG,1.4484049223971551,0.49398884067366594,2.0896065987415398,2.583595439415206,2.4255481576547315,2.0666937580096616,True
PLCG2,NEUTRAL,0.0019687193445233242,0.13750352374993502,0.0028402616352459706,0.140343785385181,-0.020072579096629847,-0.020072579096629847,False
MSMO1,NEUTRAL,-0.01762364972681455,0.13750352374993502,-0.025425552063239487,0.11207797168669553,-0.04833839279511562,-0.048338392795115454,False
ZNF154,DSG,0.04886991821188038,1.3968901525685844,0.07050438865292906,1.4673945412215135,1.303636260035369,0.047591547921051705,False
AGAP2-AS1,DIG,1.674363267221094,0.44183755862255913,2.4155955822665147,2.857433140889074,2.696343486238272,2.3926827415346383,True
LINC01232,DIG,1.223401155726131,0.3968901525685844,1.7649947803839157,2.1618849329525,2.0130544766838296,1.7420819396520395,True
PRR34,NEUTRAL,0.038265719379738675,0.13750352374993502,0.05520576358519769,0.1927092873351327,0.032292922853322796,0.032292922853322165,False
SPINK13,DIG,-1.7144456776169235,0.44183755862255913,-2.473422276971454,-2.0315847183488946,-2.1892974242203143,-2.496335117703321,True
H1-10-AS1,DSG,0.03402002128730844,-0.7369655941662062,0.04908051600213686,-0.6878850781640694,-0.8483014426458817,0.026167675270259483,False
LINC01473,NEUTRAL,-0.025778123079861423,0.13750352374993502,-0.03718997033074141,0.10031355341919361,-0.06010281106261712,-0.06010281106261745,False
ATP1A2,DCG,-1.0764453871421593,1.48971418557334,-1.5529824218177937,-0.06326823624445366,-0.22019943104460873,-1.5758952625496712,True
ANKMY2,DSG,-0.03241119568117222,-0.7369655941662062,-0.046759471278508956,-0.7837250654447152,-0.9441414299265267,-0.06967231201038578,False
LEMD1,DCG,-0.9036283411481717,1.4014484345308889,-1.3036601265811878,0.09778830794970106,-0.06183928411960523,-1.3265729673130648,True
REPIN1,DIG,0.8570644439604373,0.5443205162238104,1.2364826230239798,1.7808031392477903,1.6226688405210308,1.213569782292103,True
FAUP1,NEUTRAL,-0.010233496477495004,0.13750352374993502,-0.014763814619036718,0.1227397091308983,-0.037676655350911976,-0.03767665535091182,False
C6orf120,NEUTRAL,0.061540005848055995,0.13750352374993502,0.08878346125326819,0.2262869850032032,0.0658706205213913,0.0658706205213916,False
ZC3H11A,DCG,-0.8606554184353752,1.359895945086383,-1.2416633040909315,0.1182326409954515,-0.04267835150036614,-1.264576144822807,True
LINC01977,DCG,-0.9199732718506682,1.1043366598147357,-1.3272408770493533,-0.22290421723461762,-0.381589780147299,-1.3501537177812302,True
ZC3H15,NEUTRAL,-0.00955894863271595,0.13750352374993502,-0.013790647788531639,0.12371287596140337,-0.036703488520406745,-0.03670348852040658,False
SMPD3,NEUTRAL,-0.02335680737130934,0.13750352374993502,-0.03369675016558677,0.10380677358434826,-0.056609590897461745,-0.05660959089746158,False
RPL26L1,DIG,1.0761083052822176,0.37851162325372983,1.552496115490082,1.9310077387438118,1.7746379301184618,1.5295832747582043,True
SEC24B-AS1,NEUTRAL,-0.004142770226295942,0.13750352374993502,-0.005976754061019603,0.1315267696889154,-0.02888959479289367,-0.02888959479289383,False
NOS1AP,DCG,-0.954037981408878,1.4059923596758368,-1.3763858645983054,0.029606495077531436,-0.12385323523641299,-1.3992987053301804,True
PPP1R9A,DSG,0.08620491645515616,1.0931094043914815,0.1243674054701012,1.2174768098615827,1.0511610685700101,0.10145456473822412,False
C2orf68,DIG,1.170682787269946,0.405992359675837,1.6889382516484202,2.094930611324257,1.9423450007580694,1.6660254109165444,True
ANKLE1,DIG,0.6763405275604921,0.5277376320282061,0.9757531250637472,1.5034907570919533,1.3348270010407557,0.9528402843318715,True
KRT18P59,NEUTRAL,0.06831326780061124,0.13750352374993502,0.09855521268286155,0.23605873643279657,0.0756423719509849,0.07564237195098521,False
RPP38,DSG,0.011778843913818724,1.4374053123072983,0.016993279701871422,1.4543985920091698,1.2941270698718854,-0.005919561030005535,False
ZNF12,DSG,0.005748018768107404,1.4982508675278254,0.00829263817168524,1.5065435056995107,1.3469705785162027,-0.014620202560191167,False
LINC02172,NEUTRAL,-0.019073684329253923,0.13750352374993502,-0.02751750979329617,0.10998601395663885,-0.05043035052517223,-0.05043035052517273,False
BANP,NEUTRAL,0.005638904671330098,0.13750352374993502,0.008135219805373543,0.14563874355530856,-0.014777620926503445,-0.014777620926503282,False
FBXO33,DIG,1.2788462472689939,0.4768136968655339,1.8449851389944385,2.3217988358599726,2.164389540254189,1.8220722982625626,True
RAN,NEUTRAL,0.01653937379402773,0.13750352374993502,0.023861272552052684,0.1613647963019877,0.0009484318201785543,0.0009484318201782342,False
ARHGAP29-AS1,NEUTRAL,0.029520068810506492,0.13750352374993502,0.04258845687961868,0.1800919806295537,0.019675616147743116,0.019675616147743116,False
SLC25A19,DCG,-0.8734918491766128,1.359895945086383,-1.2601823590640298,0.09971358602235325,-0.05994844450241576,-1.2830951997959064,True
PMS2,DSG,-0.10727835543524017,1.273018494406416,-0.15476995138114458,1.1182485430252713,0.966019562828186,-0.17768279211301985,False
XPC-AS1,DIG,-0.575865777714944,0.4240262825060986,-0.8307987017270158,-0.40677241922091717,-0.5580294808682257,-0.8537115424588909,True
TREML2,DSG,-0.0011661331747096948,-0.7369655941662062,-0.00168237454816978,-0.738647968714376,-0.8990643331961851,-0.02459521528004524,False
KLHL12,DCG,-0.8867523792744594,1.20685157044067,-1.2793132600757517,-0.07246168963508182,-0.23266216413602483,-1.3022261008076272,True
ZFP57,DSG,0.01288231861048191,1.5025003405291835,0.018585257174493854,1.5210855977036772,1.359955935399501,-0.0043275835573833394,False
PLEKHH2,DIG,0.5833321896801668,0.5109619192773794,0.8415704572424767,1.3525323765198562,1.185595152333006,0.8186576165106002,True
CCDC169,NEUTRAL,-0.0433382818064716,0.13750352374993502,-0.06252392424284496,0.07497959950709006,-0.08543676497472084,-0.08543676497472102,False
EMX2,NEUTRAL,0.05361113275264159,0.13750352374993502,0.0773445153586759,0.21484803910861092,0.05443167462679932,0.05443167462679932,False
SOX11,DIG,0.8051211610626434,0.4768136968655339,1.16154430637984,1.638358003245374,1.4713166427464341,1.1386314656479637,True
RPS3AP29,DSG,-0.12053567305655173,-0.7369655941662062,-0.17389621776890063,-0.9108618119351068,-1.0712781764169153,-0.19680905850077518,False
RNF25,NEUTRAL,0.011372270247819293,0.13750352374993502,0.016406717890178,0.15391024164011302,-0.00650612284169874,-0.00650612284169874,False
LINC00504,NEUTRAL,-0.00192672882069692,0.13750352374993502,-0.0027796821147572873,0.13472384163517773,-0.025692522846633193,-0.02569252284663303,False
PSAP,DIG,1.2181750278802634,0.3692338096657191,1.7574550716576307,2.12668888132335,1.967557362578743,1.7345422309257552,True
UTS2B,DCG,-0.8225022122689171,1.282933963271499,-1.1866198627605682,0.0963141005109307,-0.06103333351347373,-1.2095327034924441,True
SERPINA12,NEUTRAL,0.07639697335846636,0.13750352374993502,0.11021753460318569,0.2477210583531207,0.08730469387131054,0.08730469387131025,False
LINC01165,NEUTRAL,0.019650217628319814,0.13750352374993502,0.028349271524765886,0.1658527952747009,0.00543643079289078,0.0054364307928901415,False
GNG11,DSG,0.1034760035356551,1.4550531781267229,0.14928431715189847,1.6043374952786214,1.44492626016461,0.12637147642002322,False
PPFIBP1,DSG,-0.05397278914702343,1.159198594849254,-0.07786627524535637,1.0813323196038978,0.9172539544141595,-0.10077911597723226,False
MIR3605,NEUTRAL,0.011117983325201,0.13750352374993502,0.01603985940795367,0.15354338315788868,-0.006872981323921478,-0.006872981323921317,False
ACYP1,NEUTRAL,-0.059980365666025395,0.13750352374993502,-0.08653337609708149,0.05097014765285353,-0.1094462168289562,-0.10944621682895672,False
SEMA6A-AS2,NEUTRAL,-0.019032951055677812,0.13750352374993502,-0.027458744101508743,0.11004477964842628,-0.05037158483338443,-0.05037158483338476,False
ZFP41,DCG,-0.9433768111009028,1.2779847472997656,-1.3610050470649169,-0.08302029976515124,-0.24592289762425676,-1.383917887796793,True
FXR2,NEUTRAL,0.05819454259719236,0.13750352374993502,0.08395697801177096,0.22146050176170598,0.061044137279895654,0.06104413727989535,False
RPL4P3,DCG,-0.7838047954062657,1.0588936890535687,-1.1307912913576081,-0.07189760230403941,-0.23760666495531002,-1.153704132089484,True
BLVRB,DSG,0.06465507609474903,1.3968901525685844,0.09327755765019301,1.4901677102187774,1.3304664489881561,0.07036471691831611,False
ZNF671,DSG,-0.07676395193457194,1.126532405928932,-0.1107469727750457,1.0157854331538863,0.858311482755849,-0.1336598135069219,False
SDR42E1,NEUTRAL,0.017965400224454652,0.13750352374993502,0.025918593811406196,0.16342211756134123,0.0030057530795305665,0.0030057530795305665,False
LHFPL6,NEUTRAL,0.003980991156742093,0.13750352374993502,0.0057433561996546355,0.14324687994958965,-0.017169484532220426,-0.017169484532220426,False
GGTA2P,DSG,0.04211380005921886,1.3219280948873624,0.06075737049842438,1.3826854653857867,1.2247380455997143,0.03784452976654864,False
STRA6,NEUTRAL,0.01821109735875839,0.13750352374993502,0.02627305984862683,0.16377658359856184,0.0033602191167509117,0.0033602191167512313,False
NAA80,NEUTRAL,-0.040119611724941336,0.13750352374993502,-0.05788036487796358,0.07962315887197144,-0.08079320560983959,-0.08079320560983992,False
TBRG1,NEUTRAL,0.057001588597766155,0.13750352374993502,0.08223590919279011,0.21973943294272513,0.05932306846091451,0.05932306846091451,False
MIR1825,DCG,-1.0986168431726973,1.4374053123072983,-1.5849690714823386,-0.14756375917504028,-0.3028190957251086,-1.6078819122142152,True
STMND1,DSG,-0.05312438168922501,1.1483918398926711,-0.07664228201333738,1.0717495578793337,0.913079310273235,-0.09955512274521278,False
FAM182B,DCG,-0.9971210745395694,1.4059923596758368,-1.4385416294041113,-0.032549269728274544,-0.1910593817101084,-1.461454470135987,True
TBC1D9,NEUTRAL,-0.0019450779361772036,0.13750352374993502,-0.0028061542926653914,0.13469736945726962,-0.025718995024541513,-0.025718995024542002,False
BRIX1P1,DCG,-0.8238660435828946,1.2428565238961637,-1.1885874554338527,0.054269068462311054,-0.0968383354715853,-1.211500296165724,True
COG5,DIG,1.3047143133547665,0.6009040445901779,1.8823048696537708,2.4832089142439484,2.3223015923793664,1.859392028921894,True
ARHGEF4,NEUTRAL,-0.014907505823104891,0.13750352374993502,-0.02150698472301677,0.11599653902691826,-0.04441982545489305,-0.04441982545489239,False
PAFAH1B2,NEUTRAL,0.003261595666656843,0.13750352374993502,0.00470548789367076,0.14220901164360578,-0.018207352838203752,-0.018207352838203752,False
EFCAB10,DSG,0.03361303429847174,1.410522018156351,0.04849335789163582,1.4590153760479867,1.297892794527016,0.025580517159760594,False
RSU1,DSG,-0.08418276277076056,-3.321928094887362,-0.12145005437770831,-3.4433781492650706,-3.603794513746881,-0.14436289510958358,False
C8G,NEUTRAL,0.030102023909291575,0.13750352374993502,0.043428040614655966,0.18093156436459099,0.020515199882781048,0.020515199882780732,False
XKR6,NEUTRAL,0.038566434875336855,0.13750352374993502,0.05563960433941565,0.19314312808935066,0.03272676360754013,0.03272676360754013,False
ICOS,NEUTRAL,0.02313758833725937,0.13750352374993502,0.03338048395229441,0.17088400770222945,0.010467643220419114,0.010467643220419431,False
LINC02188,NEUTRAL,0.010134558324964724,0.13750352374993502,0.014621077037026567,0.15212460078696158,-0.0082917636948498,-0.0082917636948498,False
SDHD,NEUTRAL,-0.05920525048253102,0.13750352374993502,-0.08541512126573642,0.052088402484198604,-0.10832796199761184,-0.10832796199761184,False
HERC2,NEUTRAL,0.026872419458238286,0.13750352374993502,0.03876870628908846,0.17627223003902348,0.015855865557212148,0.015855865557212148,False
DNAH17-AS1,DCG,-0.7142202582358406,1.0531113364595626,-1.030402024659282,0.022709311800280574,-0.13835037746170828,-1.0533148653911566,True
SLA,DCG,-1.0366481469000282,1.4059923596758368,-1.4955671406794044,-0.08957478100356764,-0.2537110558308004,-1.51847998141128,True
LINC02175,DCG,-1.0098845952818094,1.297680548640685,-1.4569554974832242,-0.15927494884253912,-0.32405842504593696,-1.4798683382150972,True
UQCR10,NEUTRAL,-0.008720866921671087,0.13750352374993502,-0.012581551460147479,0.12492197228978755,-0.03549439219202243,-0.035494392192022925,False
RPL12P12,DSG,-0.04411827645119036,1.1210154009613662,-0.06364921864870067,1.0573661823126654,0.8969775632477639,-0.08656205938057707,False
TMIE,NEUTRAL,-0.03398347756794918,0.13750352374993502,-0.04902779455944161,0.0884757291904934,-0.07194063529131678,-0.07194063529131678,False
RPS20P14,DSG,0.032611618374770224,1.1538053360790355,0.0470486201046444,1.20085395618368,1.0355777869878207,0.024135779372769058,False
JAKMIP2,DIG,1.3307507251866322,0.4768136968655339,1.9198674718861461,2.3966811687516802,2.2461959927543456,1.8969546311542695,True
PTPN2,DIG,1.4811269431960228,0.37851162325372983,2.1368144958759316,2.5153261191296616,2.3489498980508796,2.1139016551440544,True
COA7,NEUTRAL,0.003243061825719168,0.13750352374993502,0.0046787492132613516,0.14218227296319638,-0.01823409151861433,-0.01823409151861449,False
CALR3,DIG,-0.611552206678404,0.37851162325372983,-0.882283335819636,-0.5037717125659062,-0.6612379063843706,-0.9051961765515074,True
MLIP,DSG,0.0197509144158971,1.2927817492278462,0.028494546280837085,1.3212762955086832,1.1672293953853692,0.0055817055489620826,False
SH3RF1,NEUTRAL,-0.004003566168364173,0.13750352374993502,-0.0057759250569698216,0.1317275986929652,-0.028688765788845796,-0.028688765788846122,False
SPPL2A,NEUTRAL,0.030654878405556314,0.13750352374993502,0.04422564105475027,0.1817291648046853,0.021312800322874557,0.021312800322874557,False
FOSL2,DIG,-0.7339492543342203,0.405992359675837,-1.0588649494921323,-0.6528725898162953,-0.8194979619903179,-1.0817777902240084,True
FPGT,NEUTRAL,-0.06017002015204382,0.13750352374993502,-0.08680698968354261,0.05069653406639241,-0.10971983041541702,-0.10971983041541669,False
REM2,DIG,1.1665086231311506,0.3692338096657191,1.6829162057455238,2.052150015411243,1.8769578759135184,1.6600033650136465,True
CERT1,NEUTRAL,-0.009176310150922412,0.13750352374993502,-0.013238617148394818,0.1242649066015402,-0.03615145788027006,-0.03615145788026957,False
LAMC1,DCG,-0.836888866676825,1.132028393683784,-1.2073754177298404,-0.07534702404605631,-0.23706634922525913,-1.2302882584617159,True
SLAIN1,NEUTRAL,-0.02451255173180909,0.13750352374993502,-0.035364136823015146,0.10213938692691987,-0.058276977554889794,-0.058276977554889794,False
AK3P2,DCG,-0.9155043083232949,1.2529807411698708,-1.3207935255304981,-0.06781278436062732,-0.2337018313664576,-1.343706366262366,True
SHOX2,DSG,-0.02132749082779111,1.4240262825060985,-0.03076906525185909,1.3932572172542395,1.2313153622056825,-0.05368190598373468,False
UBE2E1,NEUTRAL,0.01916643203892519,0.13750352374993502,0.027651316454092717,0.16515484020402774,0.004738475722218161,0.004738475722217842,False
NRDC,NEUTRAL,0.0330477193848941,0.13750352374993502,0.04767778086927678,0.18518130461921178,0.024764940137401676,0.024764940137401676,False
TBC1D22A,NEUTRAL,-0.0017929173124885509,0.13750352374993502,-0.0025866329154512003,0.13491689083448383,-0.02549947364732715,-0.0254994736473278,False
CDH22,DCG,-1.0155545755881334,1.3692338096657193,-1.465135549953096,-0.09590174028737675,-0.2569089850565088,-1.4880483906849695,True
ARL6IP1,DCG,0.9088676114726469,-0.7369655941662062,1.311218795896185,0.5742532017299787,0.41383683724816756,1.2883059551643092,True
CCDC158,DIG,1.2396625948713027,0.44183755862255913,1.7884550779963726,2.2302926366189317,2.078118801852878,1.7655422372644969,True
LMOD3,NEUTRAL,-0.02434831772138026,0.13750352374993502,-0.035127197230624164,0.10237632651931086,-0.058040037962500034,-0.0580400379625002,False
CCDC50,DCG,-0.8832290177415266,1.1099176920780351,-1.2742301238649307,-0.16431243178689559,-0.32764489982674705,-1.297142964596808,True
KCNC2,DIG,-0.9981411717244536,0.405992359675837,-1.4400133185539685,-1.0340209588781315,-1.187984804588191,-1.462926159285845,True
SLC35F6,DIG,0.6656608058093784,0.5277376320282061,0.9603455434553415,1.4880831754835477,1.3196351761462095,0.9374327027234656,True
TMEM237,NEUTRAL,-0.03154621616460878,0.13750352374993502,-0.04551156961949235,0.09199195413044267,-0.06842441035136712,-0.06842441035136762,False
FOXP2,DIG,0.8379918656070421,0.4768136968655339,1.2089667088165703,1.6857804056821042,1.5361334602463999,1.1860538680846942,True
RSPH1,DIG,1.2993686247852454,0.4681488357384065,1.874592671264386,2.3427415070027924,2.1891874091424515,1.8516798305325095,True
ADGRF5,DSG,-0.056278609359991856,1.2016338611696507,-0.08119287063178746,1.1204409905378632,0.9582181947419827,-0.10410571136366506,False
WASF2,NEUTRAL,-0.05447508867507422,0.13750352374993502,-0.07859094028351611,0.05891258346641891,-0.10150378101539245,-0.1015037810153921,False
TMEM143,DIG,1.5367416175579804,0.3968901525685844,2.2170495107785824,2.6139396633471668,2.448265671301294,2.1941366700467064,True
BMS1,DIG,-1.1602093499948127,0.35989594508638295,-1.673828275630524,-1.313932330544141,-1.4725889996816979,-1.6967411163624015,True
YBX2P1,NEUTRAL,0.025164361627298616,0.13750352374993502,0.03630449972684024,0.17380802347677526,0.013391658994964955,0.013391658994964955,False
SPATA6,NEUTRAL,-0.014186380967485823,0.13750352374993502,-0.020466621469953372,0.11703690227998165,-0.0433794622018289,-0.043379462201829234,False
SDHAF3,DSG,-0.008380405256757225,-3.321928094887362,-0.01209036910456345,-3.3340184639919257,-3.4944348284737354,-0.035003209836439,False
ANKMY1,NEUTRAL,0.048973161856975915,0.13750352374993502,0.0706533377477117,0.20815686149764673,0.04774049701583621,0.04774049701583651,False
POLDIP2,DSG,-0.040300677431467466,1.0931094043914815,-0.05814158747484388,1.0349678169166376,0.8760587641362012,-0.08105442820672071,False
ARTN,DIG,-1.7244122584929162,0.35049724708413343,-2.4878010137758677,-2.1373037666917343,-2.287900076646586,-2.510713854507744,True
NODAL,DIG,0.9472496535938865,0.4506614090095652,1.3665923777236886,1.8172537867332537,1.669709144539505,1.3436795369918104,True
AOX2P,NEUTRAL,-0.03457277386622654,0.13750352374993502,-0.04987796940658059,0.08762555434335442,-0.07279081013845615,-0.07279081013845631,False
UBE2B,NEUTRAL,-0.02858321629564224,0.13750352374993502,-0.04123686440237967,0.09626665934755535,-0.0641497051342547,-0.0641497051342552,False
PPP1R18,DSG,-0.005325837772821865,1.4240262825060985,-0.0076835597434292266,1.4163427227626693,1.2578397603266631,-0.030596400475307015,False
CACNA1B,NEUTRAL,0.03283955156089078,0.13750352374993502,0.04737745818191455,0.18488098193184957,0.02446461745003798,0.02446461745003861,False
TMSB10P1,NEUTRAL,-0.00822264545998445,0.13750352374993502,-0.011862769828107717,0.1256407539218273,-0.03477561055998248,-0.03477561055998232,False
SLC47A1P2,NEUTRAL,0.021975951947087364,0.13750352374993502,0.0317045968928771,0.16920812064281213,0.008791756161001968,0.00879175616100165,False
NDUFAF2P1,DIG,-1.354501662176404,0.37851162325372983,-1.9541328308977561,-1.5756212076440264,-1.7385063046803064,-1.9770456716296316,True
TBPL1,DIG,-0.6992203420124881,0.5193741590935794,-1.0087617199101016,-0.4893875608165221,-0.6402346941579843,-1.0316745606419786,True
RGS1,DCG,2.0794415416798357,-3.321928094887362,3.0,-0.3219280948873622,-0.4823444593691732,2.977087159268125,True
PCDHGB8P,DIG,1.2145953560527787,0.4681488357384065,1.7522906968641088,2.2204395326025153,2.0657789617941673,1.7293778561322317,True
DPH6-DT,NEUTRAL,0.003543792030780449,0.13750352374993502,0.005112611188748783,0.1426161349386838,-0.01780022954312744,-0.01780022954312728,False
SLC5A5,DIG,0.7501468577119093,0.49398884067366594,1.0822331515594104,1.5762219922330762,1.4141652812768,1.0593203108275338,True
ADAMTSL5,NEUTRAL,-0.004466050583901727,0.13750352374993502,-0.006443149029754281,0.13106037472018073,-0.029355989761631167,-0.029355989761630022,False
SLC41A2,NEUTRAL,0.03532557972080509,0.13750352374993502,0.05096403867973324,0.18846756242966825,0.028051197947857653,0.028051197947857653,False
ERBIN,NEUTRAL,0.008264627033948313,0.13750352374993502,0.011923336436674094,0.1494268601866091,-0.01098950429520056,-0.010989504295200883,False
PTGES3,DIG,-1.4318027446124149,0.5193741590935794,-2.065654719183538,-1.5462805600899585,-1.7059684194319478,-2.088567559915415,True
NAP1L1P1,NEUTRAL,0.033464908769336645,0.13750352374993502,0.048279657925323564,0.1857831816752586,0.02536681719344932,0.025366817193449003,False
RAD51,NEUTRAL,0.017509600108752275,0.13750352374993502,0.02526101324484576,0.16276453699478077,0.0023481725129697634,0.002348172512970083,False
ZNF441,DIG,-1.5957673636139882,0.415037499278844,-2.302205661898356,-1.887168162619512,-2.043717855546995,-2.3251185026302337,True
STAU1,DCG,-0.9278095325856867,1.282933963271499,-1.3385462115508773,-0.055612248279378385,-0.22189997363256175,-1.3614590522827543,True
GPRACR,NEUTRAL,0.03583698213645707,0.13750352374993502,0.05170183640869298,0.189205360158628,0.02878899567681745,0.02878899567681745,False
ANKRD10,DIG,1.1255625679918186,0.37851162325372983,1.6238435350520435,2.0023551583057735,1.8457137871815006,1.600930694320168,True
NME1,DSG,-0.03329362360497055,1.341036917835067,-0.04803254566811475,1.2930043721669522,1.13428226929773,-0.07094538639999128,False
CYP2T1P,DIG,0.8051408103514374,0.5769251816557379,1.16157265431134,1.738497835967078,1.5676745891259334,1.1386598135794632,True
RPL39L,DSG,-0.03656984721071253,1.4059923596758368,-0.052759137216962064,1.3532332224588748,1.193941318723325,-0.07567197794883808,False
CELF3,DCG,-0.8871509461183649,1.3025627700204314,-1.279888270484917,0.02267449953551437,-0.14261393458120278,-1.3028011112167943,True
MYOZ1,DIG,0.6005379685658948,0.44183755862255913,0.8663931491155487,1.3082307077381077,1.156420519943692,0.8434803083836723,True
SFXN3,NEUTRAL,-0.014189910131108157,0.13750352374993502,-0.0204717129768098,0.11703181077312522,-0.043384553708685665,-0.04338455370868583,False
MB21D2,DCG,-0.718827847830919,1.2927817492278462,-1.0370493713185533,0.2557323779092928,0.09395810340439775,-1.0599622120504302,True
MICD,DSG,-0.052671711755578325,-0.7369655941662062,-0.07598921734490577,-0.812954811511112,-0.973371175992918,-0.09890205807677983,False
HNRNPA1,DIG,0.7020671369042347,0.4329594072761063,1.0128687767828524,1.4458281840589586,1.2776073621222483,0.9899559360509756,True
ZNF695,DCG,0.7457788097939619,-0.7369655941662062,1.0759313904898224,0.33896579632361623,0.1785494318418034,1.0530185497579443,True
RHOB,DIG,-0.9417111438544481,0.49398884067366594,-1.3586019971886856,-0.8646131565150197,-1.0346760276250202,-1.3815148379205624,True
LINC01395,NEUTRAL,0.01478592730927817,0.13750352374993502,0.02133158400404031,0.15883510775397533,-0.001581256727835874,-0.0015812567278352327,False
LINC01798,DIG,0.6282195040930311,0.5443205162238104,0.9063291631447399,1.4506496793685502,1.2910255529849854,0.8834163224128627,True
RNPS1P1,NEUTRAL,-0.011879289875962106,0.13750352374993502,-0.017138192593333,0.12036533115660202,-0.04005103332520869,-0.0400510333252082,False
SHB,DIG,1.5942696705564998,0.45943161863729726,2.3000449475515437,2.759476566188841,2.60070244937155,2.277132106819667,True
LINC02408,DSG,0.05773157400522397,-3.321928094887362,0.08328905552005081,-3.2386390393673112,-3.399055403849102,0.06037621478817679,False
EPS8L2,NEUTRAL,0.03180708467634095,0.13750352374993502,0.045887923327692426,0.18339144707762745,0.022975082595817212,0.022975082595817212,False
HLA-DOA,DSG,0.020017028818290185,-3.321928094887362,0.028878468209478717,-3.2930496266778833,-3.453465991159693,0.005965627477603947,False
ADGRD1,NEUTRAL,0.02506456220957228,0.13750352374993502,0.03616051960180285,0.17366404335173788,0.0132476788699263,0.013247678869925983,False
ANAPC10,NEUTRAL,0.004556948534964446,0.13750352374993502,0.006574287052979433,0.14407781080291446,-0.01633855367889482,-0.016338553678895147,False
RRP36,DSG,0.0002785599185294376,1.2580163310671693,0.0004018770130528533,1.2584182080802222,1.1000105891388092,-0.022510963718823846,False
ZC2HC1A,DCG,-0.760451803673002,1.222392421336448,-1.0971000459941076,0.1252923753423405,-0.03715336886359052,-1.1200128867259835,True
ANP32AP1,NEUTRAL,0.00905350077434967,0.13750352374993502,0.013061440669838659,0.15056496441977368,-0.009851400062036532,-0.009851400062037016,False
HSPA8P4,NEUTRAL,-0.049054378972549766,0.13750352374993502,-0.0707705092775854,0.06673301447234962,-0.09368335000946112,-0.09368335000946164,False
LINC02145,DCG,-0.9578450614375521,1.3645724322958561,-1.381878320075941,-0.017305887780084905,-0.18013181927049046,-1.404791160807817,True
RALGPS2,DCG,2.0794415416798357,-3.321928094887362,3.0,-0.3219280948873622,-0.482344459369173,2.9770871592681245,True
SLC25A1P5,DSG,0.05428714332733781,1.4550531781267229,0.07831979246237865,1.5333729705891015,1.3716555351955493,0.05540695173050234,False
CLNK,NEUTRAL,-0.0008849183130783819,0.13750352374993502,-0.0012766672618700087,0.136226856488065,-0.024189507993745123,-0.024189507993745286,False
ABCB9,DIG,1.140663356728987,0.35989594508638295,1.6456293680766683,2.005525313163051,1.8424611803993982,1.622716527344793,True
PAXIP1,DIG,-0.8989042548457402,0.4506614090095652,-1.2968447106999383,-0.8461833016903731,-0.9969931431450886,-1.3197575514318154,True
RANBP9,DSG,0.08785577062966808,1.282933963271499,0.1267490846009004,1.4096830478723992,1.2483848391083152,0.10383624386902349,False
ERFE,NEUTRAL,-0.055660315321691446,0.13750352374993502,-0.08030086088892024,0.057202662861014775,-0.10321370162079642,-0.10321370162079642,False
LINC02259,NEUTRAL,-0.07870108113227764,0.13750352374993502,-0.11354165946213693,0.02396186428779809,-0.1364545001940121,-0.1364545001940121,False
KRT13,DIG,1.0913078148910695,0.4854268271702419,1.5744243726267169,2.0598511997969586,1.9059844925695253,1.5515115318948394,True
ADAM22,DSG,-0.07950443559787267,1.3362833878644325,-0.11470065496572686,1.2215827328987057,1.0583654690462925,-0.13761349569760303,False
ALKBH3,DIG,1.5202008391364767,0.44183755862255913,2.193186211777436,2.635023770399995,2.4761470320289667,2.170273371045559,True
TP53TG5,DCG,-0.9694988037333201,1.3692338096657193,-1.3986911162938434,-0.02945730662812407,-0.18763839700467175,-1.4216039570257186,True
DNAJA3,DCG,0.833839670552423,-0.7369655941662062,1.2029763576024677,0.46601076343626147,0.3055943989544512,1.1800635168705926,True
SH3BP5-AS1,DIG,0.8166378502470628,0.5025003405291834,1.1781593767536616,1.680659717282845,1.518385393322566,1.155246536021784,True
KPNA5,DIG,1.1864025783749523,0.5025003405291834,1.7116171163194234,2.214117456848607,2.057077288730295,1.6887042755875468,True
MXD1,DIG,0.8586280216175302,0.5109619192773794,1.2387383887559125,1.749700308033292,1.5959893470416509,1.2158255480240363,True
MTCH1,DSG,-0.03415893312320042,1.485426827170242,-0.049280923418898996,1.436145903751343,1.2800473434471744,-0.07219376415077441,False
ADAMTS8,NEUTRAL,0.014073156438729605,0.13750352374993502,0.020303273003809786,0.15780679675374482,-0.002609567728064971,-0.002609567728064971,False
CST9,DSG,0.007475274931750995,1.1483918398926711,0.010784542073318745,1.15917638196599,0.999119404846313,-0.012128298658556965,False
LRRC4B,DIG,-1.4458676243609287,0.44183755862255913,-2.0859460514474186,-1.6441084928248595,-1.802773078418533,-2.1088588921792955,True
SLC30A4,NEUTRAL,0.002933540855444766,0.13750352374993502,0.004232204844395331,0.14173572859433034,-0.018680635887480538,-0.018680635887481024,False
FAM98A,DIG,1.1845561641519928,0.405992359675837,1.708953303676533,2.11494566335237,1.9545632632702608,1.6860404629446555,True
MON1B,NEUTRAL,0.05159262807721385,0.13750352374993502,0.07443242867342512,0.21193595242336014,0.05151958794154984,0.051519587941550454,False
TRAM2-AS1,DSG,-0.04859603639761823,1.1699250014423124,-0.07010926071770339,1.099815740724609,0.9383806215885439,-0.09302210144958073,False
ULK2,NEUTRAL,0.04256777488909759,0.13750352374993502,0.06141231773417884,0.19891584148411384,0.03849947700230214,0.03849947700230183,False
NACC2,NEUTRAL,0.012827208230076692,0.13750352374993502,0.018505749701981742,0.15600927345191676,-0.004407091029894098,-0.004407091029894258,False
ZNF831,DCG,-0.7878732839900997,1.2878662588137295,-1.1366608796614188,0.1512053791523107,-0.0019207955647372807,-1.1595737203932963,True
LINC01606,DCG,-0.9372337171725502,1.2927817492278462,-1.3521424359187675,-0.059360686690921316,-0.21932224233210137,-1.3750552766506405,True
FCAR,DSG,0.025865290034530572,1.297680548640685,0.03731572566397198,1.334996274304657,1.1756297993103915,0.01440288493209702,False
RN7SL23P,DIG,1.0237582676004862,0.5277376320282061,1.4769709757362977,2.0047086077645035,1.8572702707276534,1.4540581350044188,True
SNHG21,NEUTRAL,0.04543159729248896,0.13750352374993502,0.06554394011353828,0.2030474638634733,0.0426310993816607,0.042631099381661326,False
LINC01587,NEUTRAL,-0.02652786153720849,0.13750352374993502,-0.038271614285119764,0.09923190946481525,-0.061184455016995196,-0.061184455016995196,False
MRPL10,DIG,0.9442790964252169,0.4506614090095652,1.3623067696277718,1.812968178637337,1.6655563223239813,1.3393939288958943,True
ENSA,DCG,-0.8064752302430815,1.1699250014423124,-1.1634978152714788,0.006427186170833599,-0.1559562774340603,-1.1864106560033556,True
SOAT2,DIG,0.7747165254939585,0.4329594072761063,1.1176796894248622,1.5506390967009684,1.395506905112692,1.0947668486929862,True
CHROMR,NEUTRAL,0.0066960865904876375,0.13750352374993502,0.009660410917459603,0.14716393466739464,-0.013252429814415583,-0.01325242981441623,False
ESD,NEUTRAL,0.047367408485262615,0.13750352374993502,0.06833672532145019,0.2058402490713852,0.0454238845895751,0.045423884589574796,False
PYCR2,DCG,-0.9721995475988787,1.4637968111986992,-1.402587466075396,0.061209345123303116,-0.10113538991343084,-1.4255003068072718,True
SF3B1,DIG,1.5969697443880484,0.37851162325372983,2.303940330678353,2.682451953932083,2.50960984648449,2.2810274899464758,True
MIR3916,DCG,-0.9304373667076508,1.0931094043914815,-1.3423373748069136,-0.2492279704154321,-0.41609786509258,-1.3652502155387876,True
MRPL14,DSG,0.02527895666358265,1.4418375586225591,0.036469825417397704,1.4783073840399568,1.3173649844509832,0.01355698468552034,False
RHOA-IT1,NEUTRAL,0.01189063370154796,0.13750352374993502,0.01715455827425042,0.15465808202418543,-0.005758282457625172,-0.005758282457624368,False
PDE3A,DIG,1.6483681333980393,0.4329594072761063,2.3780925316127486,2.811051938888855,2.652530474625918,2.3551796908808713,True
RAB3A,DIG,-0.6737341734140767,0.4854268271702419,-0.9719929508619134,-0.4865661236916715,-0.6456469964362219,-0.9949057915937909,True
TRAPPC9,DCG,-0.879092535508462,1.1375035237499351,-1.2682624414605632,-0.1307589177106281,-0.2870202698270633,-1.29117528219244,True
CYP4F22,DIG,1.0516723566820707,0.4506614090095652,1.5172424936252327,1.9679039026347978,1.8012446857597268,1.4943296528933556,True
LYPLA1,DCG,-0.8814540375396592,1.232660756790275,-1.2716693687300207,-0.039008611939745697,-0.206888413800034,-1.2945822094618982,True
RPRML,DIG,1.2416497496403296,0.3968901525685844,1.7913219363271264,2.188212088895711,2.02813006980042,1.768409095595251,True
ENO2,DSG,0.09072220718188788,1.4240262825060985,0.13088447839981074,1.5549107609059092,1.3978002180131694,0.10797163766793354,False
RNU6-882P,DIG,-1.1145208150858603,0.4768136968655339,-1.607913652891896,-1.1310999560263622,-1.295151094750447,-1.630826493623766,True
SCYL2,NEUTRAL,0.00572688812482569,0.13750352374993502,0.008262153097411918,0.14576567684734693,-0.014650687634463228,-0.014650687634462417,False
C1orf105,DCG,0.9946006152915141,-0.7369655941662062,1.4349053753461791,0.6979397811799729,0.5375234166981618,1.4119925346143019,True
RNF14,DIG,-0.7185827424623795,0.405992359675837,-1.0366957590188661,-0.6307033993430291,-0.784439980381813,-1.0596085997507427,True
ZNF57,NEUTRAL,-0.010026196559334247,0.13750352374993502,-0.014464744055129507,0.1230387796948055,-0.03737758478700485,-0.03737758478700469,False
RPL23AP32,DIG,-1.2227575124998988,0.5109619192773794,-1.7640661994933287,-1.253104280215949,-1.4084291717148316,-1.786979040225196,True
FKBP5,DIG,-1.1240365247520683,0.49398884067366594,-1.6216419200378736,-1.1276530793642077,-1.2770820814085744,-1.6445547607697497,True
RUVBL2,DIG,1.1934875860374732,0.5193741590935794,1.7218386217388026,2.241212780832382,2.0705390180922665,1.6989257810069263,True
H2AZ2P1,DIG,0.6098932186491266,0.53605290024021,0.8798899220169033,1.4159428222571133,1.2679095119803891,0.8569770812850265,True
SERTAD4,DCG,0.9648895886218766,-0.7369655941662062,1.3920414245101733,0.6550758303439671,0.49465946586215503,1.3691285837782958,True
SHISAL2A,NEUTRAL,-0.04058233644455591,0.13750352374993502,-0.05854793553624826,0.07895558821368676,-0.08146077626812463,-0.08146077626812447,False
DBT,NEUTRAL,0.04112800663501243,0.13750352374993502,0.059335171213980825,0.19683869496391584,0.036422330482105976,0.03642233048210629,False
SNORD16,NEUTRAL,-0.009349138326326169,0.13750352374993502,-0.013487955499975708,0.12401556824995931,-0.036400796231850725,-0.036400796231850566,False
NEDD8P1,NEUTRAL,0.03532594542180557,0.13750352374993502,0.05096456627475308,0.1884680900246881,0.02805172554287634,0.02805172554287697,False
CENPU,NEUTRAL,-0.031242163270762777,0.13750352374993502,-0.045072914017372775,0.09243060973256224,-0.06798575474924844,-0.06798575474924844,False
COPG1,DIG,-1.264463996424513,0.49398884067366594,-1.824235937024285,-1.3302470963506192,-1.4892410395960445,-1.847148777756163,True
DNAJB13,DIG,-0.6491973053188816,0.405992359675837,-0.9365937329420289,-0.5306013732661918,-0.6777702974598201,-0.9595065736739031,True
MRTO4,NEUTRAL,-0.01016895845707037,0.13750352374993502,-0.014670705937021307,0.12283281781291372,-0.03758354666889673,-0.03758354666889689,False
CBLIF,DIG,1.0733105795445061,0.3968901525685844,1.5484598504425184,1.9453500030111028,1.7926769079658984,1.525547009710643,True
TTC3,DIG,-1.72387602236591,0.405992359675837,-2.48702738857469,-2.081035028898853,-2.236989988606169,-2.509940229306568,True
TBC1D16,DCG,0.9031630508412107,-0.7369655941662062,1.3029888545627615,0.5660232603965553,0.4056068959147445,1.280076013830886,True
AHSA1,NEUTRAL,-0.03998708305918229,0.13750352374993502,-0.057689166429097376,0.07981435732083764,-0.08060200716097339,-0.08060200716097339,False
KREMEN1,NEUTRAL,-0.033017371987242444,0.13750352374993502,-0.04763399882918086,0.08986952492075416,-0.07054683956105598,-0.07054683956105531,False
TBP,NEUTRAL,-0.05747123862466357,0.13750352374993502,-0.08291347095754839,0.05459005279238663,-0.10582631168942254,-0.10582631168942289,False
CCDC28A,DIG,-1.7317295897303724,0.44183755862255913,-2.4983576912646877,-2.0565201326421283,-2.214420229638514,-2.521270531996564,True
PXN-AS1,DIG,-1.5004774802261507,0.3877301532831085,-2.1647314196878353,-1.7770012664047268,-1.940943480434356,-2.1876442604197117,True
DCAF16,NEUTRAL,0.01762102690415909,0.13750352374993502,0.025421768130001323,0.16292529187993635,0.0025089273981253246,0.0025089273981256446,False
PROX1,DCG,-0.7826180066394193,1.2428565238961637,-1.1290791170890961,0.1137774068070676,-0.04836654811296122,-1.1519919578209714,True
RFPL3,NEUTRAL,0.029189188659238245,0.13750352374993502,0.04211109772625539,0.1796146214761904,0.019198256994379798,0.019198256994379166,False
PLXNA1,DIG,-1.0245146878096925,0.4854268271702419,-1.4780622594209478,-0.9926354322507059,-1.1532922260278808,-1.5009751001528238,True
LYZ,DSG,-0.04898776106094815,-0.7369655941662062,-0.07067439994688336,-0.8076399941130896,-0.9680563585949004,-0.09358724067875912,False
CCNG1,DIG,-0.9118548620069375,0.49398884067366594,-1.315528487427899,-0.8215396467542331,-0.9779341073127865,-1.338441328159775,True
TNFSF15,NEUTRAL,0.011763072381032075,0.13750352374993502,0.016970526189732906,0.15447404993966793,-0.0059423145421409924,-0.005942314542141475,False
TMEM35B,NEUTRAL,-0.009092075840116735,0.13750352374993502,-0.01311709272592277,0.12438643102401226,-0.03602993345779892,-0.03602993345779892,False
BTN3A3,DSG,0.049355506550895614,1.3831282513240999,0.07120494454153985,1.4543331958656398,1.2975442130220118,0.04829210380966335,False
RN7SKP16,NEUTRAL,-0.039987157312169064,0.13750352374993502,-0.057689273553513165,0.07981425019642185,-0.08060211428538777,-0.0806021142853881,False
GRID1-AS1,NEUTRAL,0.020486703531899225,0.13750352374993502,0.029556065589633425,0.16705958933956844,0.006643224857757924,0.0066432248577582426,False
SCOC-AS1,NEUTRAL,-0.05498959739075693,0.13750352374993502,-0.0793332194561257,0.058170304293809316,-0.10224606018800005,-0.10224606018800056,False
BUB1B,NEUTRAL,0.04520560217158291,0.13750352374993502,0.06521789807334202,0.20272142182327704,0.04230505734146631,0.04230505734146631,False
RPL39P5,DIG,-1.67391208413639,0.4681488357384065,-2.414944662667679,-1.9467958269292727,-2.11134735528498,-2.4378575033995555,True
RGS5,DCG,-0.8452497825855745,1.2377676472233639,-1.2194376696486828,0.018329977574681022,-0.14128842350288195,-1.2423505103805583,True
CCAR1,DIG,0.6176773483138566,0.37851162325372983,0.8911200472818458,1.2696316705355757,1.1100495842864022,0.8682072065499691,True
RUNX2,DSG,-0.004208124924182081,1.185866545311334,-0.0060710409595587335,1.1797955043517752,1.0177591291474613,-0.02898388169143366,False
DLGAP2,NEUTRAL,0.012042715145622516,0.13750352374993502,0.017373965419428015,0.15487748916936303,-0.0055388753124471545,-0.005538875312447316,False
KCNIP3,DIG,-0.6958339290100537,0.3410369178350672,-1.0038761586650875,-0.6628392408300203,-0.820558643424113,-1.0267889993969632,True
TOB1,DSG,0.05096615350691499,1.3171110785895865,0.07352861691761191,1.3906396955071985,1.2382574571851819,0.050615776185734936,False
KRAS,DSG,0.07281687234477642,1.2479275134435854,0.10505254062485365,1.3529800540684391,1.1998698769559328,0.08213969989297874,False
RMND1,DIG,-0.9592650026239192,0.44183755862255913,-1.3839268621838667,-0.9420893035613076,-1.0962693564119717,-1.4068397029157436,True
POLHP1,NEUTRAL,0.012745441070889992,0.13750352374993502,0.01838778462691551,0.15589130837685053,-0.0045250561049604175,-0.004525056104959935,False
EMC8,NEUTRAL,0.05489769643876222,0.13750352374993502,0.07920063440842996,0.21670415815836497,0.056287793676555564,0.056287793676555564,False
MINCR,DCG,2.0794415416798357,-3.321928094887362,3.0,-0.3219280948873622,-0.48234445936917253,2.9770871592681245,True
BANF1,DIG,-0.9300874553129642,0.49398884067366594,-1.341832559373049,-0.847843718699383,-1.0022000128981001,-1.3647454001049268,True
PLEKHG5,NEUTRAL,0.02441163038195059,0.13750352374993502,0.03521853809205447,0.1727220618419895,0.01230569736017812,0.012305697360177486,False
TMEM74,DCG,-0.8983964651116311,1.1538053360790355,-1.2961121249687249,-0.1423067888896894,-0.31145453649378974,-1.3190249657005984,True
CASP8,NEUTRAL,-0.02145166712120077,0.13750352374993502,-0.030948213774557178,0.10655530997537785,-0.053861054506431374,-0.05386105450643171,False
MAP3K6,NEUTRAL,0.006516708395221236,0.13750352374993502,0.009401622884705153,0.14690514663464016,-0.013511217847170158,-0.013511217847170805,False
ZFYVE19,NEUTRAL,0.019226638475445507,0.13750352374993502,0.02773817598149017,0.1652416997314252,0.004825335249612922,0.0048253352496132424,False
KIAA0319,DSG,0.05621230619283004,1.3504972470841334,0.08109721538132787,1.4315944624654613,1.2691681428175963,0.05818437464945089,False
TRIM32,NEUTRAL,0.015183548614681006,0.13750352374993502,0.02190523028949678,0.1594087540394318,-0.001007610442378349,-0.0010076104423785092,False
FAM229B,DIG,0.5656749559320776,0.45943161863729726,0.8160964536782913,1.2755280723155886,1.1204790999283294,0.7931836129464152,True
ATPAF1,NEUTRAL,0.054565514628049525,0.13750352374993502,0.07872139735744124,0.21622492110737626,0.05580855662556404,0.05580855662556466,False
ARLNC1,NEUTRAL,0.036259941497952704,0.13750352374993502,0.052312037782020294,0.1898155615319553,0.02939919705014467,0.02939919705014467,False
DUSP28,NEUTRAL,-0.03702905384955555,0.13750352374993502,-0.05342163235756417,0.08408189139237085,-0.07633447308944115,-0.07633447308944082,False
DEK,DSG,-0.05375744213598156,-3.321928094887362,-0.077555595180456,-3.399483690067818,-3.55990005454963,-0.10046843591233227,False
TMEM221,DIG,1.0729991180379754,0.4681488357384065,1.5480105064716185,2.016159342210025,1.8581018701661072,1.5250976657397408,True
SNHG28,DCG,-1.0373297564805342,1.4594316186372973,-1.4965504954410227,-0.03711887680372539,-0.19957277432029102,-1.5194633361728995,True
TUBA5P,DCG,0.7901113700528755,-0.7369655941662062,1.139889755325268,0.4029241611590618,0.2425077966772502,1.116976914593391,True
MIR6892,DSG,0.03972199334308448,1.4014484345308889,0.0573067228102924,1.4587551573411812,1.2959474218922038,0.03439388207841722,False
E2F6,DIG,-1.3983124422802995,0.4329594072761063,-2.017338426091123,-1.5843790188150166,-1.74023806048151,-2.0402512668230006,True
SLAMF1,DCG,-0.9955276817129773,1.4195388915137848,-1.4362428494749988,-0.016703957961214044,-0.18156936751416064,-1.4591556902068745,True
SMAD1-AS2,NEUTRAL,-0.09261593564737898,0.13750352374993502,-0.13361655106576503,0.003886972684169987,-0.1565293917976393,-0.1565293917976393,False
LINC02739,DIG,-1.2438487689124464,0.4506614090095652,-1.794494450525829,-1.3438330415162638,-1.494428804502823,-1.8174072912576997,True
CCT6P2,DCG,-1.0095225279299302,1.4059923596758368,-1.4564331447102004,-0.050440785034363556,-0.2066865314058399,-1.4793459854420759,True
OLAH,DSG,-0.1302792644750191,1.2927817492278462,-0.1879532487887718,1.1048285004390743,0.9428853364955814,-0.21086608952064861,False
ZCCHC4,NEUTRAL,-0.06530542135945196,0.13750352374993502,-0.09421580753844554,0.04328771621148948,-0.11712864827032204,-0.11712864827032221,False
SLC2A11,NEUTRAL,-0.038182731781771166,0.13750352374993502,-0.055086037789154677,0.08241748596078034,-0.07799887852103198,-0.07799887852103113,False
ZMYND10-AS1,NEUTRAL,-0.06941272121802122,0.13750352374993502,-0.10014138867584735,0.03736213507408767,-0.123054229407724,-0.12305422940772381,False
MT1CP,NEUTRAL,-0.027831673128249825,0.13750352374993502,-0.04015261680176865,0.09735090694816637,-0.06306545753364425,-0.06306545753364474,False
KRT33A,DIG,-1.7065839184042424,0.4768136968655339,-2.462080155942656,-1.985266459077122,-2.135345752820022,-2.4849929966745217,True
RPN2,DCG,-0.8177894018977522,1.4594316186372973,-1.1798207146094386,0.2796109040278587,0.12419349996034627,-1.2027335553413143,True
LINC01016,DSG,0.012791775114449448,1.4284997590854065,0.01845463052178307,1.4469543896071895,1.2839622390447083,-0.004458210210094043,False
SPRTN,DCG,-0.8432232913105936,1.011972641666076,-1.216514060735863,-0.20454141906978718,-0.37326811688910855,-1.2394269014677395,True
DDX60L,NEUTRAL,0.05406146779087273,0.13750352374993502,0.07799421148507052,0.21549773523500554,0.055081370753196135,0.055081370753196135,False
ZYG11A,NEUTRAL,-0.03965557478004979,0.13750352374993502,-0.057210901078779276,0.08029262267115575,-0.08012374181065407,-0.0801237418106544,False
ITGB1,DSG,0.20130204260836776,-3.321928094887362,0.290417458591911,-3.0315106362954514,-3.191927000777261,0.2675046178600361,True
MXI1,NEUTRAL,-0.03829469506842743,0.13750352374993502,-0.0552475666675753,0.08225595708235972,-0.07816040739945215,-0.07816040739945215,False
C15orf40,NEUTRAL,-0.001694260739737372,0.13750352374993502,-0.0024443015671919734,0.13505922218274305,-0.025357142299068165,-0.02535714229906849,False
TARS2,DCG,-0.7326094451163998,1.1805722456418208,-1.0569320133778453,0.12364023226397558,-0.0432720999988461,-1.0798448541097199,True
MUC13,DIG,1.4779862092993308,0.5443205162238104,2.132283374658422,2.6766038908822325,2.516954083440983,2.1093705339265454,True
SNX31,DCG,-0.9236736881903923,1.0761029790857917,-1.3325794493518976,-0.256476470266106,-0.4141363299199461,-1.355492290083772,True
C10orf71,DIG,-0.9295741620585534,0.37851162325372983,-1.3410920337403887,-0.9625804104866589,-1.1124170891909468,-1.364004874472261,True
STK38,DIG,-0.7945231503235082,0.5688428353578793,-1.1462546088432017,-0.5774117734853225,-0.7280361970956338,-1.1691674495750783,True
TLX1,NEUTRAL,-0.02946438695553528,0.13750352374993502,-0.04250812494358421,0.0949953988063508,-0.06542096567545962,-0.06542096567545962,False
PSMD14,NEUTRAL,-0.00369131102410599,0.13750352374993502,-0.005325436108856473,0.13217808764107855,-0.028238276840731248,-0.02823827684073223,False
WDR72,NEUTRAL,-0.023058111130863007,0.13750352374993502,-0.03326582258076267,0.10423770116917236,-0.05617866331263906,-0.05617866331263906,False
KYAT3,NEUTRAL,-0.048350674079875915,0.13750352374993502,-0.06975527771867553,0.0677482460312595,-0.09266811845055095,-0.0926681184505506,False
YLPM1,NEUTRAL,0.0013164968986632487,0.13750352374993502,0.0018993035470471693,0.1394028272969822,-0.021013537184828464,-0.021013537184827815,False
SIRPB1,DSG,-0.007468030272917615,-0.7369655941662062,-0.010774090239946896,-0.7477396844061531,-0.9081560488879646,-0.03368693097182347,False
RPL39P3,DIG,-1.250958766234219,0.4768136968655339,-1.8047520084026838,-1.32793831153715,-1.491347395943004,-1.827664849134562,True
ANKS1B,NEUTRAL,-0.007140387128849954,0.13750352374993502,-0.010301401100819212,0.12720212264911582,-0.03321424183269446,-0.03321424183269446,False
ALG1L2,DSG,-0.037709109548078074,1.0588936890535687,-0.054402745341350894,1.0044909437122178,0.8425413143623609,-0.07731558607322579,False
ITSN1,DIG,-1.4273601773704814,0.5109619192773794,-2.0592454494547847,-1.5482835301774052,-1.7013265547861773,-2.0821582901866615,True
PSD3,NEUTRAL,0.08412564959991428,0.13750352374993502,0.12136765748935895,0.258871181239294,0.09845481675748205,0.09845481675748295,False
VTI1BP1,DIG,-1.3847440494781604,0.53605290024021,-1.9977633730826434,-1.4617104728424333,-1.6198689298290587,-2.0206762138145202,True
ENPP5,DSG,0.04006713900351342,1.273018494406416,0.057804662742977575,1.3308231571493936,1.1764258444778375,0.03489182201110112,False
PTK2B,NEUTRAL,0.029951314711524877,0.13750352374993502,0.043210613202421595,0.1807141369523566,0.02029777247054644,0.02029777247054581,False
MCM7,DSG,-0.03610535907750405,1.3645724322958561,-0.05208902249063041,1.3124834098052256,1.149918319671741,-0.07500186322250757,False
FAM89A,DCG,-0.9923410693227678,1.3504972470841334,-1.4316455395824081,-0.08114829249827471,-0.2437454574574494,-1.454558380314284,True
THOC5,NEUTRAL,-0.019295050532395136,0.13750352374993502,-0.02783687371678842,0.1096666500331466,-0.050749714448664614,-0.050749714448664614,False
PPP1R1C,NEUTRAL,0.012710007270678891,0.13750352374993502,0.018336664459071107,0.15584018820900614,-0.004576176272805453,-0.004576176272805453,False
HSF2BP,DIG,0.7232280521355077,0.5929552914746871,1.0433975242476816,1.6363528157223688,1.4842102291378094,1.0204846835158035,True
PDK4,DSG,0.010935767614703221,1.2120504771149891,0.015776977706046465,1.2278274548210355,1.059523358977711,-0.007135863025831312,False
USP50,NEUTRAL,-0.001880947160398094,0.13750352374993502,-0.002713633140480508,0.1347898906094545,-0.025626473872356125,-0.025626473872355473,False
VCAN-AS1,NEUTRAL,-0.037588826681988645,0.13750352374993502,-0.05422921384693977,0.08327430990299525,-0.07714205457881454,-0.0771420545788147,False
SFTPC,NEUTRAL,-0.015247174101731303,0.13750352374993502,-0.021997022464138385,0.11550650128579663,-0.04490986319601489,-0.0449098631960144,False
OR13J1,DIG,-0.8275638225714466,0.3877301532831085,-1.19392222284294,-0.8061920695598315,-0.9623128327329941,-1.2168350635748104,True
RNF168,DCG,0.8585934879513287,-0.7369655941662062,1.2386885672069399,0.5017229730407337,0.3413066085589215,1.2157757264750626,True
SIPA1L2,DCG,-0.801038547265447,1.3645724322958561,-1.15565433970076,0.2089180925950962,0.049309437285441626,-1.1785671804326368,True
NCOR2,DIG,1.0119054249183783,0.4240262825060986,1.4598709383783839,1.8838972208844824,1.7319669766454069,1.4369580976465064,True
GTF2A2,NEUTRAL,-0.029222230062280048,0.13750352374993502,-0.04215876639456781,0.09534475735536721,-0.06507160712644258,-0.06507160712644175,False
PAPPA,NEUTRAL,0.07104233989331393,0.13750352374993502,0.10249243145723219,0.2399959552071672,0.07957959072535578,0.07957959072535548,False
MIR1244-2,NEUTRAL,-0.011491134840271918,0.13750352374993502,-0.016578203248246687,0.12092532050168833,-0.039491043980121786,-0.03949104398012195,False
HRH1,DIG,-1.6712047154256926,0.415037499278844,-2.411038755254898,-1.9960012559760543,-2.1558876257054975,-2.4339515959867755,True
KARS1P2,DIG,0.909651480133644,0.3968901525685844,1.3123496793261138,1.7092398318946982,1.566281191065062,1.2894368385942356,True
DDX47,DIG,1.7164309986170667,0.37851162325372983,2.4762864897329333,2.8547981129866633,2.6981402516004964,2.453373649001058,True
PEX5,DSG,-0.07447524026067713,1.3923174227787602,-0.10744505979309296,1.2848723629856673,1.1191362117129395,-0.13035790052496815,False
MRPS31,NEUTRAL,-0.03411020350234663,0.13750352374993502,-0.049210621436548835,0.08829290231338618,-0.07212346216842581,-0.0721234621684253,False
TNFSF8,NEUTRAL,-0.011640848310738876,0.13750352374993502,-0.016794194129643645,0.12070932962029138,-0.039707034861518935,-0.039707034861518935,False
HSPA8P18,DIG,-0.937621122601733,0.4768136968655339,-1.352701343810263,-0.8758876469447292,-1.0298996085425651,-1.3756141845421206,True
PROM2,DIG,-1.2232914724564552,0.3692338096657191,-1.764836540874686,-1.395602731208967,-1.549068822950703,-1.7877493816065633,True
CKS1B,DCG,-1.0460762496089024,1.4550531781267229,-1.509169017702489,-0.054115839575766156,-0.2120844735162109,-1.532081858434365,True
NBPF3,NEUTRAL,0.01739838591063712,0.13750352374993502,0.025100565072748583,0.1626040888226836,0.0021877243408724364,0.0021877243408721164,False
GRK6,DIG,-1.0918253650583598,0.3877301532831085,-1.575171039686478,-1.1874408864033694,-1.3441554849953385,-1.5980838804183553,True
KIF21A,DIG,-0.8592955372612071,0.4768136968655339,-1.239701410264761,-0.7628877133992271,-0.9217017508435718,-1.2626142509966383,True
GRIK1-AS1,DIG,-0.8626036560561409,0.49398884067366594,-1.2444740168448836,-0.7504851761712177,-0.9037747843034997,-1.26738685757676,True
TET1,DIG,1.3264121213344529,0.4681488357384065,1.9136081896242252,2.3817570253626315,2.227175492096418,1.8906953488923486,True
DRC1,DIG,1.4497545223514299,0.37851162325372983,2.0915536599027558,2.4700652831564858,2.3064633662503518,2.0686408191708794,True
LONP1,DIG,-1.5236701494967853,0.44183755862255913,-2.1981913686295576,-1.7563538100069984,-1.908493738388545,-2.2211042093614344,True
MRPL13,DCG,-0.972597491960385,1.1483918398926711,-1.403161578432291,-0.2547697385396199,-0.4131461641823748,-1.4260744191641685,True
GRSF1,DIG,-0.7243679142014128,0.3692338096657191,-1.0450419975974603,-0.6758081879317412,-0.8350739434623734,-1.067954838329336,True
ZNF770,NEUTRAL,-0.051095462846569364,0.13750352374993502,-0.0737151708606719,0.06378835288926311,-0.09662801159254841,-0.09662801159254825,False
ZNF589,NEUTRAL,-0.0009957895843463592,0.13750352374993502,-0.0014366206951053747,0.13606690305482966,-0.024349461426980232,-0.024349461426980232,False
SDCCAG8,DCG,-0.8168420442111354,1.232660756790275,-1.1784539663730085,0.054206790417266504,-0.10444148097782789,-1.201366807104885,True
IMPG2,DIG,-1.2015488399750445,0.4854268271702419,-1.7334685528178833,-1.2480417256476413,-1.3980114241361483,-1.7563813935497594,True
EEA1,DIG,-1.0277966280462802,0.4768136968655339,-1.4827970983247671,-1.0059834014592333,-1.1660282560132056,-1.5057099390566437,True
SNX6,DIG,-0.6845755389007071,0.3877301532831085,-0.9876337350859398,-0.5999035818028313,-0.7588986144975678,-1.0105465758178171,True
ADCY7,NEUTRAL,0.018547292600904496,0.13750352374993502,0.026758087057241482,0.1642616108071765,0.003845246325366799,0.0038452463253671187,False
MED4,NEUTRAL,-0.0325428022488575,0.13750352374993502,-0.046949339421056925,0.0905541843288781,-0.0698621801529316,-0.06986218015293176,False
DLST,NEUTRAL,-0.033487551801092454,0.13750352374993502,-0.04831232491494836,0.08919119883498666,-0.07122516564682477,-0.07122516564682442,False
INPP5E,NEUTRAL,0.041328333586287375,0.13750352374993502,0.05962418191314159,0.1971277056630766,0.036711341181266365,0.03671134118126574,False
COQ2,NEUTRAL,0.005881440142744877,0.13750352374993502,0.00848512452722331,0.14598864827715832,-0.01442771620465343,-0.014427716204653591,False
MIR6800,DIG,-0.6178133475440304,0.3877301532831085,-0.8913162526967824,-0.5035860994136738,-0.663602795906796,-0.9142290934286564,True
BORCS7-ASMT,NEUTRAL,-0.03048584414707784,0.13750352374993502,-0.04398177616830303,0.09352174758163198,-0.0668946169001789,-0.06689461690017856,False
TTC6,DIG,-1.208527082149061,0.4854268271702419,-1.7435360281964591,-1.2581092010262171,-1.4165240740513603,-1.7664488689283353,True
LGI2,NEUTRAL,-0.008126955230369574,0.13750352374993502,-0.011724718008380808,0.1257788057415542,-0.03463755874025721,-0.03463755874025721,False
ZNF143,NEUTRAL,0.07852023058537505,0.13750352374993502,0.1132807472749785,0.2507842710249135,0.09036790654310409,0.09036790654310378,False
PSMC1P10,DIG,-1.2438359895582407,0.405992359675837,-1.7944760138148903,-1.3884836541390533,-1.5463454602791116,-1.8173888545467507,True
SLC37A1,DIG,1.118171044818979,0.5193741590935794,1.6131798212259718,2.1325539803195515,1.981331999341863,1.5902669804940943,True
ZNF875,DSG,-0.05959031220332486,1.222392421336448,-0.08597064790076187,1.1364217734356863,0.9724981723787143,-0.10888348863263758,False
USH2A,DCG,-0.9055150548123775,1.3219280948873624,-1.3063820790281149,0.01554601585924753,-0.14274323305258657,-1.3292949197599884,True
PDLIM4,NEUTRAL,-0.038365109891937664,0.13750352374993502,-0.05534915378425859,0.08215436996567643,-0.0782619945161349,-0.07826199451613422,False
CCNG2,DIG,-1.527067354648622,0.3877301532831085,-2.203092499654995,-1.8153623463718864,-1.9696749002041765,-2.2260053403868714,True
MOG,DSG,0.1519877554201158,-0.7369655941662062,0.21927198102044573,-0.5176936131457605,-0.6781099776275703,0.19635914028857088,False
GAPDHP59,DIG,-1.3225807736986934,0.3692338096657191,-1.9080807233901933,-1.5388469137244742,-1.7096832297446978,-1.9309935641220466,True
CLIC1P1,DIG,0.9694466682962731,0.49398884067366594,1.398615900757361,1.892604741431027,1.7291176909867536,1.3757030600254834,True
PNPLA1,DIG,1.5009389919042795,0.5769251816557379,2.165397240297184,2.742322421952922,2.596061859265206,2.1424843995653062,True
RPS3P6,DIG,1.187372606447761,0.5109619192773794,1.7130165710095877,2.2239784902869673,2.063459533279927,1.6901037302777104,True
GAPDHP22,DIG,-0.6590413701197392,0.3968901525685844,-0.9507957164124157,-0.5539055638438313,-0.7068867567977474,-0.9737085571442852,True
SV2B,DIG,-1.0938692457354162,0.415037499278844,-1.578119736203436,-1.1630822369245921,-1.3234201980245643,-1.601032576935311,True
TMPRSS11A,NEUTRAL,-0.09818341328791962,0.13750352374993502,-0.1416487234480332,-0.004145199698098179,-0.16456156417990875,-0.16456156417990875,False
MED31,NEUTRAL,0.011751328752743446,0.13750352374993502,0.01695358371543886,0.1544571074653739,-0.0059592570164380115,-0.005959257016438495,False
BRWD1,DIG,-1.6981516936403225,0.5769251816557379,-2.4499150270920875,-1.8729898454363496,-2.026672061940411,-2.472827867823966,True
KRT19P2,DIG,1.4488906997018927,0.49398884067366594,2.090307427250061,2.584296267923727,2.4346061748285823,2.067394586518184,True
ATP1A1,DIG,1.330070113512256,0.4329594072761063,1.9188855567987524,2.351844964074859,2.211987797538373,1.8959727160668736,True
C20orf141,DSG,0.05322506391820378,1.3171110785895865,0.0767875357657907,1.3938986143553773,1.2274629569634308,0.0538746950339152,False
MRLN,DIG,0.8556751214885997,0.49398884067366594,1.234478254383664,1.72846709505733,1.5819879318948389,1.2115654136517846,True
AKR1C6P,DCG,-0.7524382341653165,1.0761029790857917,-1.0855389090055507,-0.009435929919759056,-0.16738548303255624,-1.108451749737418,True
CXCL12,DIG,1.5070571667364292,0.5443205162238104,2.174223900786818,2.7185444170106283,2.55892683379761,2.151311060054941,True
APOBEC3F,NEUTRAL,0.03859534203519154,0.13750352374993502,0.05568130855558419,0.1931848323055192,0.03276846782370929,0.032768467823709915,False
KRT8P31,NEUTRAL,0.00966545640856197,0.13750352374993502,0.013944306028560805,0.15144782977849583,-0.008968534703315597,-0.008968534703315113,False
DEPDC5,NEUTRAL,0.018676848499263397,0.13750352374993502,0.026944996709321784,0.16444852045925681,0.004032155977445199,0.004032155977446158,False
TTC9C,DIG,-0.8288218877406455,0.4681488357384065,-1.1957372272236584,-0.7275883914852519,-0.8792988860771976,-1.2186500679555357,True
DNAJB6P2,NEUTRAL,-0.018084150587203005,0.13750352374993502,-0.02608991437084701,0.11141360937908801,-0.04900275510272236,-0.04900275510272236,False
SS18,DIG,-1.4849540043978828,0.5109619192773794,-2.1423357780930337,-1.631373858815654,-1.7808792936976772,-2.165248618824911,True
COLEC12,DIG,-1.4458051035581736,0.4329594072761063,-2.0858558529953313,-1.652896445719225,-1.8182046393593687,-2.1087686937272077,True
LINC01697,DIG,-1.630236572041365,0.4240262825060986,-2.3519342179599008,-1.9279079354538022,-2.080808267706317,-2.374847058691778,True
RAB23,DIG,-1.1436001467252004,0.4854268271702419,-1.6498662604403376,-1.1644394332700956,-1.3178768681694957,-1.6727791011722142,True
TMED2-DT,DIG,1.6909877650061862,0.4681488357384065,2.439579662778337,2.907728498516743,2.747719511928922,2.4166668220464596,True
DCAF17,NEUTRAL,-0.008564919877712514,0.13750352374993502,-0.012356567433187152,0.12514695631674788,-0.03526940816506392,-0.0352694081650636,False
LMBR1,DIG,-1.242515900844975,0.4854268271702419,-1.7925715283747286,-1.3071447012044866,-1.4585730702584823,-1.8154843691066054,True
AGTRAP,NEUTRAL,-0.06202607331672692,0.13750352374993502,-0.08948470837985718,0.048018815370077836,-0.11239754911173218,-0.11239754911173165,False
HNRNPR,NEUTRAL,0.01855736804687582,0.13750352374993502,0.026772622853179058,0.16427614660311407,0.0038597821213034616,0.0038597821213034616,False
NHLRC2,NEUTRAL,-0.04638072111694253,0.13750352374993502,-0.06691323634826701,0.070590287401668,-0.0898260770801434,-0.08982607708014356,False
SERBP1P5,DIG,1.2477966806806848,0.415037499278844,1.8001900832557334,2.2152275825345775,2.061071004357896,1.7772772425238568,True
HEXD-IT1,DCG,-0.8999135441474442,1.3785116232537298,-1.298300807370329,0.08021081588340073,-0.07510488451754666,-1.3212136481022034,True
MINDY4,DSG,0.061638499670490475,-0.7369655941662062,0.08892555780245262,-0.6480400363637536,-0.8084564008455651,0.06601271707057584,False
ANKFN1,DSG,0.07218406372633657,1.4374053123072983,0.10413959076919868,1.541544903076497,1.3836897880076973,0.08122675003732172,False
CTSO,NEUTRAL,-0.004650855759195954,0.13750352374993502,-0.006709766539681878,0.13079375721025313,-0.029622607271558347,-0.029622607271558347,False
ME1,DIG,-0.9136513402701039,0.4329594072761063,-1.3181202577092337,-0.8851608504331274,-1.0405020952556816,-1.3410330984411096,True
ESRP2,NEUTRAL,0.007708342822847073,0.13750352374993502,0.011120787963993505,0.14862431171392854,-0.0117920527678828,-0.011792052767882638,False
CELA2B,NEUTRAL,0.027637148089272385,0.13750352374993502,0.03987197649270716,0.17737550024264218,0.016959135760832376,0.016959135760832057,False
EMC1,NEUTRAL,-0.06424923278534252,0.13750352374993502,-0.09269204952033425,0.04481147422960077,-0.11560489025221085,-0.11560489025221085,False
COA1,DSG,-0.101925349600015,1.359895945086383,-0.14704719640881553,1.2128487486775674,1.0518776034730142,-0.1699600371406907,False
OR52B3P,NEUTRAL,-0.025776819914566505,0.13750352374993502,-0.037188090260632974,0.10031543348930205,-0.06010093099250872,-0.06010093099250905,False
TPGS2,NEUTRAL,0.07516907127230214,0.13750352374993502,0.10844604635277935,0.24594957010271437,0.08553320562090411,0.0855332056209038,False
MDGA2,DIG,-0.8021593585873156,0.3877301532831085,-1.1572713286365919,-0.7695411753534833,-0.9264244680319802,-1.1801841693684663,True
TMEM184A,DSG,-0.11974502656845679,1.4550531781267229,-0.17275555600142978,1.282297622125293,1.1226507793943712,-0.19566839673330785,False
AMTN,DIG,-1.525784238278058,0.44183755862255913,-2.201241354030299,-1.7594037954077397,-1.919477053567066,-2.2241541947621726,True
TTI2,NEUTRAL,0.004660275629188204,0.13750352374993502,0.0067233565394055166,0.14422688028934053,-0.01618948419246979,-0.016189484192469954,False
TEX35,DCG,-0.8479658799713236,1.0931094043914815,-1.2233561698776745,-0.13024676548619296,-0.28547555189865503,-1.246269010609548,True
ALKBH3-AS1,DIG,1.2324902474261563,0.5849625007211562,1.7781075679057272,2.3630700686268833,2.2008139692158584,1.7551947271738497,True
ERI3-IT1,DIG,0.6321205373500004,0.4240262825060986,0.9119571644789124,1.335983446985011,1.1720578506157977,0.8890443237470358,True
PRR14L,NEUTRAL,0.013200396026507645,0.13750352374993502,0.019044145885212957,0.156547669635148,-0.003868694846663722,-0.0038686948466640433,False
CD151,NEUTRAL,0.03520447117457031,0.13750352374993502,0.050789315980671046,0.18829283973060607,0.02787647524879473,0.02787647524879473,False
ULBP1,DIG,-1.1391189663934347,0.4506614090095652,-1.64340128379837,-1.192739874788805,-1.3383597848620359,-1.6663141245302466,True
EIF3J,NEUTRAL,-0.03298416117391935,0.13750352374993502,-0.04758608575349574,0.08991743799643928,-0.07049892648537119,-0.07049892648537102,False
LUC7L2,DSG,-0.04201469764855812,1.410522018156351,-0.060614395942023995,1.349907622214327,1.1837854354396833,-0.08352723667389948,False
ACOT6,NEUTRAL,0.06733331373477582,0.13750352374993502,0.09714143781178179,0.23464496156171682,0.07422859707990553,0.07422859707990614,False
HCN2,NEUTRAL,-0.02859562226742418,0.13750352374993502,-0.04125476243634688,0.09624876131358814,-0.06416760316822295,-0.06416760316822244,False
MANSC4,DSG,0.10739003803911704,-0.7369655941662062,0.1549310753199113,-0.582034518846295,-0.7424508833281025,0.1320182345880358,False
KLRF1,DSG,-0.040445021767313565,1.4014484345308889,-0.058349832332349465,1.3430986021985394,1.1815913708285237,-0.08126267306422565,False
ARHGAP27P1-BPTFP1-KPNA2P3,DCG,-0.9417234399900739,1.175258445745353,-1.358619736762575,-0.18336129101722198,-0.3420244460028919,-1.3815325774944522,True
NDUFV3,DIG,-1.6846498393379132,0.4329594072761063,-2.4304359688471964,-1.99747656157109,-2.1529610423802925,-2.453348809579073,True
LINC01616,DIG,1.372732755600563,0.5769251816557379,1.9804347389707737,2.557359920626512,2.403070673703182,1.9575218982388949,True
RNU1-103P,NEUTRAL,0.04052609546483186,0.13750352374993502,0.05846679695370564,0.19597032070364065,0.03555395622182961,0.03555395622182961,False
KRT8P13,DCG,-0.9744903610279496,1.3457748368417302,-1.4058924112491185,-0.0601175744073883,-0.2210822362868977,-1.4288052519809953,True
SNX30,NEUTRAL,0.019199387241987543,0.13750352374993502,0.02769886076212226,0.16520238451205727,0.004786020030247884,0.004786020030247884,False
BCCIP,NEUTRAL,0.024951905238889342,0.13750352374993502,0.035997989948877,0.173501513698812,0.013085149217001822,0.013085149217001822,False
LINC01337,NEUTRAL,0.02045799746486616,0.13750352374993502,0.029514651489081396,0.1670181752390164,0.006601810757205191,0.006601810757204872,False
ATP6V1B1,DIG,-1.6856970337855972,0.45943161863729726,-2.4319467510837165,-1.9725151324464192,-2.1290594193405843,-2.4548595918155938,True
ANKRD30BP3,DIG,-1.5016381445031828,0.5277376320282061,-2.1664059042844466,-1.6386682722562405,-1.8001782832949678,-2.1893187450163034,True
SLC1A6,DIG,-1.5307663236312647,0.44183755862255913,-2.208428983862656,-1.7665914252400967,-1.9437337571431537,-2.2313418245945313,True
RPL7P6,DSG,-0.014118993470284372,1.359895945086383,-0.02036940186192292,1.33952654322446,1.1802424297803857,-0.04328224259379819,False
CEMIP,NEUTRAL,0.015347672394029156,0.13750352374993502,0.02214201085205431,0.15964553460198933,-0.0007708298798220384,-0.0007708298798220384,False
RAE1,DCG,-0.9100140576563701,1.1538053360790355,-1.3128727681200885,-0.159067432041053,-0.32388650001451447,-1.3357856088519655,True
CA3,DCG,2.0794415416798357,-3.321928094887362,3.0,-0.3219280948873622,-0.48234445936917253,2.977087159268125,True
LINC02245,DIG,-1.4766913980081067,0.4768136968655339,-2.130415356829686,-1.653601659964152,-1.8072759286358693,-2.1533281975615384,True
CYP1B1,DIG,-0.6013128759874898,0.5277376320282061,-0.8675111042098318,-0.3397734721816257,-0.4972049308203716,-0.8904239449417098,True
SLC35F2,NEUTRAL,-0.05868053274197862,0.13750352374993502,-0.084658113583575,0.05284541016636002,-0.10757095431545195,-0.1075709543154516,False
DUOXA1,NEUTRAL,-0.010190011364146127,0.13750352374993502,-0.014701078861655798,0.12280244488827922,-0.037613919593532184,-0.037613919593532184,False
MMP27,NEUTRAL,-0.017623114767072894,0.13750352374993502,-0.025424780279473126,0.1120787434704619,-0.048337621011348184,-0.04833762101134834,False
PAAF1,DIG,-1.4056935773975154,0.49398884067366594,-2.0279871531208618,-1.5339983124471959,-1.6705716552313852,-2.050899993852739,True
SNRPE,DCG,2.0794415416798357,-3.321928094887362,3.0,-0.3219280948873622,-0.48234445936917253,2.9770871592681245,True
C10orf62,NEUTRAL,-0.019362646721526967,0.13750352374993502,-0.027934394403631903,0.10956912934630311,-0.05084723513550742,-0.05084723513550809,False
BEND6,DIG,1.5565663184084673,0.53605290024021,2.245650508382687,2.781703408622897,2.6311920578660026,2.2227376676508106,True
DCAF7,DCG,-0.9646087812683214,1.3362833878644325,-1.3916363051337541,-0.05535291726932168,-0.2081457559404183,-1.414549145865631,True
HDGFL1,DSG,0.037358269346842575,1.1210154009613662,0.05389658992288396,1.1749119908842502,1.0184005959826752,0.030983749191009338,False
DOHH,NEUTRAL,0.007012500605936706,0.13750352374993502,0.010116899848415737,0.14762042359835076,-0.012795940883459565,-0.012795940883459887,False
LINC00324,NEUTRAL,0.002489568955271107,0.13750352374993502,0.003591688785720744,0.14109521253565577,-0.01932115194615489,-0.01932115194615521,False
MARVELD3,NEUTRAL,0.031115787188169496,0.13750352374993502,0.04489059186972848,0.1823941156196635,0.021977751137851633,0.021977751137851633,False
RPS6KA4,DIG,-1.1554482870737626,0.4854268271702419,-1.6669595137649647,-1.1815326865947227,-1.3295218039442056,-1.6898723544968401,True
GLULP4,DIG,-0.5564577031565634,0.405992359675837,-0.8027987688084369,-0.3968064091325999,-0.548281770256702,-0.825711609540313,True
DBIL5P2,DIG,-1.4000023589980868,0.44183755862255913,-2.01977646055939,-1.5779389019368308,-1.7302063874179445,-2.0426893012912433,True
ANLN,DSG,-0.05318859098902003,1.3074285251922473,-0.07673491645173061,1.2306936087405167,1.0710954832744617,-0.09964775718360723,False
LINC01611,DIG,-0.8012656831975687,0.5277376320282061,-1.1559820275836397,-0.6282443955554335,-0.7913702320892219,-1.17889486831551,True
C1GALT1,DSG,-0.011540069891739347,1.159198594849254,-0.016648801604324394,1.1425497932449296,0.9884138900810867,-0.03956164233619988,False
C22orf23,NEUTRAL,-0.01219287825009759,0.13750352374993502,-0.017590604985578694,0.11991291876435632,-0.040503445717454206,-0.04050344571745387,False
NXPH3,DSG,-0.06097913580858841,1.1483918398926711,-0.08797429682874511,1.060417543063926,0.8995241162904435,-0.1108871375606218,False
FAM221B,DIG,1.1240230359311985,0.3968901525685844,1.6216224597828972,2.018512612351482,1.8580960419353394,1.598709619051022,True
CAPN7,DIG,-1.141524947976597,0.5443205162238104,-1.6468723814968684,-1.1025518652730582,-1.2544370808999723,-1.6697852222287453,True
TMCO4,NEUTRAL,0.006702465572351836,0.13750352374993502,0.009669613842961002,0.14717313759289602,-0.013243226888915797,-0.01324322688891612,False
KCNJ11,DIG,-1.5713995850596467,0.4681488357384065,-2.267050388620527,-1.7989015528821206,-1.9500716489546204,-2.2899632293524035,True
SP6,DIG,0.8101962193428397,0.49398884067366594,1.1688660677929017,1.6628549084665676,1.5191114437240691,1.1459532270610262,True
CERK,NEUTRAL,-0.050726813525851074,0.13750352374993502,-0.07318332231384454,0.06432020143609048,-0.09609616304571938,-0.09609616304571905,False
LNCOC1,DCG,2.0794415416798357,-3.321928094887362,3.0,-0.3219280948873622,-0.482344459369173,2.977087159268124,True
MTRR,DSG,0.03457468441238697,1.3074285251922473,0.04988072574205163,1.357309250934299,1.1929677769331792,0.026967885010175458,False
MYO1H,NEUTRAL,-0.0017762667785188864,0.13750352374993502,-0.0025626112726650123,0.13494091247727,-0.02547545200454133,-0.025475452004540843,False
ASXL1,DCG,-1.0360560934549716,1.3645724322958561,-1.49471298811028,-0.13014055581442396,-0.28837536080799214,-1.5176258288421571,True
FAM135A-AS1,DIG,0.7568654406188636,0.415037499278844,1.0919260178010748,1.5069635170799187,1.3488841411147388,1.0690131770691944,True
LINC01592,DCG,-0.8922712957704148,1.3122779248536431,-1.2872753735355469,0.025002551318096256,-0.13445909619337465,-1.3101882142674102,True
H6PD,NEUTRAL,0.0717150902458098,0.13750352374993502,0.10346300505453428,0.24096652880446928,0.08055016432265891,0.08055016432265891,False
H3C8,DSG,0.12537390690553335,1.20685157044067,0.18087631374948754,1.3877278841901575,1.2256281039269687,0.157963473017611,False
CSMD3,DCG,0.8679725538498845,-0.7369655941662062,1.2522196990669572,0.515254104900751,0.35483774041894056,1.2293068583350817,True
PLCB2,NEUTRAL,-0.04125000860180166,0.13750352374993502,-0.059511182846446346,0.07799234090348867,-0.08242402357832208,-0.08242402357832157,False
TPM4,DIG,0.5748680523844878,0.415037499278844,0.8293592883405975,1.2443967876194415,1.081523814791989,0.8064464476087216,True
CUEDC2,NEUTRAL,-0.03771406337985902,0.13750352374993502,-0.054409892209894666,0.08309363154004035,-0.07732273294177006,-0.07732273294177039,False
ZNF467,DIG,1.3586371623054796,0.5688428353578793,1.9600990964255691,2.5289419317834483,2.368959500543913,1.9371862556936916,True
BTBD1,NEUTRAL,0.04602995430682072,0.13750352374993502,0.06640718681079584,0.20391071056073085,0.043494346078920595,0.04349434607892028,False
HFE,DSG,0.08862518475873161,1.4240262825060985,0.12785911454929025,1.5518853970553887,1.3898772033199223,0.10494627381741359,False
CFAP97D1,NEUTRAL,0.021881982291881,0.13750352374993502,0.031569027337316834,0.16907255108725186,0.008656186605441464,0.0086561866054421,False
PPP1R12C,DSG,0.04320121005808199,-0.7369655941662062,0.06232617151119729,-0.674639422655009,-0.835055787136819,0.039413330779321874,False
EFTUD2,NEUTRAL,-0.01830050739816298,0.13750352374993502,-0.026402051269081517,0.1111014724808535,-0.049314892000956935,-0.049314892000957095,False
RTBDN,DIG,1.558733696995772,0.4681488357384065,2.2487773747223203,2.716926210460727,2.554208996775396,2.2258645339904426,True
ZPLD1,DIG,-1.5702548025262588,0.4768136968655339,-2.2653988165367123,-1.7885851196711784,-1.9446060354586328,-2.2883116572685873,True
TMEM144,NEUTRAL,-0.027204445550699986,0.13750352374993502,-0.039247718686128696,0.09825580506380632,-0.06216055941800363,-0.06216055941800363,False
ETV1,DSG,0.049083500752913074,1.4284997590854065,0.0708125231256974,1.4993122822111038,1.3450878857441861,0.047899682393819885,False
TLE5,NEUTRAL,-0.015530578912932693,0.13750352374993502,-0.022405889179822704,0.11509763457011232,-0.04531872991169718,-0.04531872991169718,False
SYNGR4,DIG,-0.9011183322304206,0.44183755862255913,-1.3000389491629611,-0.858201390540402,-1.0170967514400957,-1.322951789894834,True
NMBR,DIG,-1.1225770574622345,0.4329594072761063,-1.6195363538164906,-1.1865769465403844,-1.3336577756222516,-1.6424491945483564,True
ZNF705A,DSG,-0.06961608565578965,1.2680350868921602,-0.10043478154170903,1.1676003053504511,1.0103185059054662,-0.12334762227358471,False
ITFG2,DSG,0.11747160334585621,-3.321928094887362,0.16947569959234213,-3.15245239529502,-3.31286875977683,0.14656285886046738,False
PLET1,NEUTRAL,0.05408953784008633,0.13750352374993502,0.07803470800586848,0.2155382317558035,0.05512186727399321,0.05512186727399259,False
SPSB1,NEUTRAL,0.03977179134049296,0.13750352374993502,0.05737856613419982,0.19488208988413483,0.03446572540232519,0.034465725402324565,False
FH,DCG,2.0794415416798357,-3.321928094887362,3.0,-0.3219280948873622,-0.48234445936917275,2.9770871592681245,True
LINC01497,DCG,-0.8949909539145247,1.3504972470841334,-1.2911990108529676,0.05929823623116581,-0.1035657362685539,-1.314111851584843,True
MBD3,NEUTRAL,0.038248461644980025,0.13750352374993502,0.0551808659368444,0.19268438968677942,0.03226802520496715,0.03226802520496778,False
RING1,DSG,-0.09725522279196425,1.4014484345308889,-0.1403096276225181,1.2611388069083707,1.1098514509095176,-0.16322246835439544,False
SLC6A1-AS1,DIG,1.683417915955197,0.4329594072761063,2.4286586790921967,2.861618086368303,2.7064711423446766,2.405745838360315,True
ACTG1P22,DIG,0.8710256080938914,0.5443205162238104,1.256624325284351,1.8009448415081613,1.645630708785961,1.233711484552473,True
SLC50A1,DCG,-0.8730773270597872,1.2275357246124077,-1.2595843300617466,-0.03204860544933896,-0.19463201072013098,-1.2824971707936235,True
SHC2,NEUTRAL,0.01599234015231661,0.13750352374993502,0.023072069829956625,0.16057559357989165,0.00015922909808048117,0.00015922909808016087,False
FAT1,NEUTRAL,-0.02439662558136362,0.13750352374993502,-0.03519689074065812,0.10230663300927689,-0.05810973147253426,-0.05810973147253426,False
RASEF,NEUTRAL,-0.06634001183253102,0.13750352374993502,-0.09570840608330766,0.04179511766662736,-0.1186212468151843,-0.1186212468151843,False
LINC00989,NEUTRAL,-0.023654623341366404,0.13750352374993502,-0.034126407788685635,0.10337711596124938,-0.057039248520561615,-0.05703924852056095,False
PLOD1,NEUTRAL,0.0012188032024523466,0.13750352374993502,0.0017583613359975878,0.1392618850859326,-0.021154479395879274,-0.021154479395878948,False
CPA5,DIG,0.8883744565640848,0.4768136968655339,1.281653422937433,1.7584671198029669,1.6036504844552266,1.2587405822055566,True
PRKD2,DIG,-1.18495503814777,0.405992359675837,-1.7095287572121802,-1.3035363975363432,-1.4605933765974357,-1.7324415979440566,True
FBXO4,DSG,0.11671642883561459,-3.321928094887362,0.16838621307141077,-3.1535418818159515,-3.3139582462977626,0.14547337233953492,False
CD8B2,NEUTRAL,0.023098310337451203,0.13750352374993502,0.03332381777675513,0.17082734152669016,0.010410977044879258,0.010410977044879258,False
CLDND2,DIG,-1.532976092701182,0.4329594072761063,-2.211617006741335,-1.7786575994652287,-1.932930459777939,-2.2345298474732105,True
LINC00641,DIG,-0.70862676425975,0.415037499278844,-1.0223323186387339,-0.6072948193598899,-0.7728663025819233,-1.04524515937061,True
IGF2R,NEUTRAL,0.03584282277188761,0.13750352374993502,0.05171026266446427,0.1892137864143993,0.028797421932587473,0.028797421932587473,False
GSEC,NEUTRAL,0.003080311391409893,0.13750352374993502,0.004443949968780835,0.14194747371871586,-0.018468890763095356,-0.018468890763095516,False
TBC1D15,DSG,0.00864331890361454,1.415037499278844,0.012469673319066529,1.4275071725979105,1.2642809498875212,-0.010443167412810914,False
UQCRFS1P1,NEUTRAL,0.024984221926340543,0.13750352374993502,0.03604461307360081,0.17354813682353581,0.01313177234172475,0.01313177234172475,False
C4BPA,DCG,-0.8248540502158275,1.1963972128035036,-1.1900128477035503,0.006384365099953326,-0.14871780859427,-1.2129256884354274,True
G3BP2,DIG,1.112917787665566,0.35989594508638295,1.6056009731822285,1.9654969182686115,1.8121178847962935,1.5826881324503517,True
RORC,DCG,-0.8581952647644928,1.132028393683784,-1.2381140525901249,-0.10608565890634081,-0.2594385739086011,-1.2610268933220017,True
ERH,NEUTRAL,0.051326185651279055,0.13750352374993502,0.07404803350684656,0.2115515572567816,0.051135192774970244,0.05113519277497055,False
CRYZL2P-SEC16B,DCG,-0.9603505480130708,1.415037499278844,-1.3854929731334558,0.02954452614538816,-0.13650756177912507,-1.408405813865333,True
CCDC201,DIG,-0.7115492910743462,0.4768136968655339,-1.0265486335810168,-0.5497349367154829,-0.7045818556885365,-1.0494614743128878,True
BMP2K,NEUTRAL,-0.026644445239271803,0.13750352374993502,-0.038439809013934984,0.09906371473600004,-0.061352649745811096,-0.06135264974581126,False
GEN1,DIG,1.6566920499535351,0.49398884067366594,2.390101404748136,2.884090245421802,2.719912513967064,2.367188564016258,True
HSPD1,DIG,-0.8534357517658612,0.5109619192773794,-1.2312475267899523,-0.7202856075125729,-0.8926422155955646,-1.2541603675218291,True
ZNF469,NEUTRAL,-0.007196326957627639,0.13750352374993502,-0.010382105214384957,0.12712141853555006,-0.03329494594626092,-0.03329494594626092,False
AGAP2,DIG,-1.2762549507276113,0.4329594072761063,-1.8412466883247134,-1.4082872810486071,-1.5698777906250296,-1.864159529056591,True
LINC02068,DCG,-0.9117018254599596,1.0874628412503395,-1.315307702360499,-0.22784486111015956,-0.3878247329295378,-1.3382205430923715,True
CLEC4F,DIG,-0.567434528826561,0.560714954474479,-0.8186349807672451,-0.257920026292766,-0.4205298916217639,-0.8415478214991232,True
RAP1BP1,DIG,-1.231992212896751,0.3410369178350672,-1.7773890559599628,-1.4363521381248956,-1.5872578866826463,-1.80030189669183,True
TUBE1,DIG,-0.9882835766099545,0.49398884067366594,-1.4257918149671893,-0.9318029742935234,-1.08882482609233,-1.448704655699067,True
MTTP,NEUTRAL,0.005382625954755013,0.13750352374993502,0.007765487771885279,0.1452690115218203,-0.01514735295999095,-0.015147352959990304,False
KBTBD11-OT1,NEUTRAL,-0.01065748199565211,0.13750352374993502,-0.015375496423490712,0.1221280273264443,-0.03828833715536657,-0.0382883371553669,False
ZNF414,DIG,-1.3712125336163836,0.5277376320282061,-1.9782415222531478,-1.4505038902249416,-1.613710277871969,-2.0011543629850235,True
LMOD2,DIG,1.4485297983338408,0.5109619192773794,2.0897867566361223,2.600748675913502,2.442052835656221,2.066873915904247,True
TECTA,NEUTRAL,-0.018857900460788037,0.13750352374993502,-0.027206199476356597,0.11029732427357843,-0.05011904020823142,-0.05011904020823142,False
SH3BGRL3,NEUTRAL,-0.021859280937142365,0.13750352374993502,-0.031536276205413945,0.10596724754452108,-0.05444911693729068,-0.05444911693729035,False
PTGES3L-AARSD1,NEUTRAL,0.02572903597296494,0.13750352374993502,0.03711915260505026,0.1746226763549853,0.014206311873174992,0.014206311873174992,False
COX18,DIG,-1.504155300908406,0.35049724708413343,-2.170037393347404,-1.8195401462632708,-1.9614325431809447,-2.192950234079281,True
PODXL2,DIG,-0.9170696359664652,0.4240262825060986,-1.3230518159586664,-0.8990255334525679,-1.055259677095566,-1.3459646566905432,True
ACACB,DIG,-1.4460792631055441,0.49398884067366594,-2.0862513816147352,-1.5922625409410693,-1.7541667159702696,-2.1091642223466116,True
TMSB10,DIG,-0.9306742102235352,0.4329594072761063,-1.342679067772747,-0.9097196604966407,-1.0692545982111747,-1.3655919085046246,True
LINC01354,DCG,-0.8992093400354648,1.3267290811511836,-1.2972848555902028,0.029444225560980808,-0.12786777817454986,-1.3201976963220796,True
ZG16B,DCG,-0.7884850299210459,1.132028393683784,-1.1375434424822788,-0.005515048798494737,-0.16484952330060704,-1.1604562832141565,True
MIER2,NEUTRAL,-0.03742585306635708,0.13750352374993502,-0.05399409261987237,0.08350943113006265,-0.07690693335174922,-0.07690693335174939,False
IGFBPL1,DIG,0.7563169554807311,0.49398884067366594,1.0911347210122897,1.5851235616859556,1.4228613262548595,1.0682218802804135,True
RNASE6,DIG,1.4216034547439231,0.3968901525685844,2.0509402542696757,2.44783040683826,2.281812593292878,2.0280274135378,True
KRT31,DIG,-1.7306575932878894,0.3968901525685844,-2.4968111273132667,-2.0999209747446823,-2.251438883043605,-2.519723968045141,True
ORAI2,DSG,-0.012952162675996581,-0.7369655941662062,-0.018686020861447394,-0.7556516150276537,-0.9160679795094658,-0.04159886159332472,False
RNF112,NEUTRAL,-0.030751800992440535,0.13750352374993502,-0.044365470790198265,0.09313805295973676,-0.06727831152207436,-0.0672783115220742,False
CHIT1,DCG,-0.854216974948052,1.1375035237499351,-1.2323745936007267,-0.09487106985079152,-0.254917632123942,-1.255287434332603,True
LRPPRC,DIG,-0.7621890158480064,0.5193741590935794,-1.0996063133839584,-0.580232154290379,-0.7380391296209093,-1.1225191541158355,True
PTGR2,NEUTRAL,-0.04303478896447882,0.13750352374993502,-0.06208607662475668,0.07541744712517834,-0.08499891735663172,-0.08499891735663172,False
NALCN,DIG,1.418876807952724,0.3692338096657191,2.047006534465757,2.4162403441314764,2.26447961212511,2.024093693733881,True
TCEA1,DCG,-0.9320507874430668,1.415037499278844,-1.3446650489007659,0.07037245037807804,-0.09330290820108084,-1.3675778896326434,True
KNOP1P4,DIG,-1.3078239447987627,0.4240262825060986,-1.8867911195170166,-1.462764837010918,-1.6280149900726366,-1.9097039602488732,True
FAM171A1,DSG,-0.0562261622037312,-3.321928094887362,-0.08111720537954148,-3.4030453002669034,-3.5634616647487154,-0.10403004611141843,False
GORAB-AS1,DCG,-0.8919671139947146,1.1805722456418208,-1.2868365319962156,-0.10626428635439478,-0.2687925153198159,-1.3097493727280918,True
BAX,DIG,1.0673973978269848,0.5443205162238104,1.5399289325027752,2.0842494487265855,1.9166668168971823,1.5170160917708986,True
MCPH1,NEUTRAL,0.006136434123304151,0.13750352374993502,0.008853003078432713,0.14635652682836772,-0.014059837653443132,-0.014059837653443132,False
TNFRSF1A,DSG,0.0685532379632925,-0.7369655941662062,0.09890141644652313,-0.638064177719683,-0.7984805422014932,0.0759885757146475,False
AFMID,DCG,-0.856834207638669,1.341036917835067,-1.2361504622243322,0.10488645561073473,-0.0567626467528892,-1.2590633029562077,True
PIN4P1,NEUTRAL,-0.01814092437932663,0.13750352374993502,-0.026171821639196225,0.1113317021107388,-0.049084662371070585,-0.04908466237107075,False
PHRF1,NEUTRAL,0.07128554883085665,0.13750352374993502,0.10284330778532494,0.24034683153525996,0.07993046705344857,0.07993046705344826,False
FGD4,DSG,-0.1254074735672118,1.4594316186372973,-0.18092474020583021,1.278506878431467,1.117230020264284,-0.20383758093770565,False
ABCB8,DIG,-1.2886082945213124,0.5277376320282061,-1.8590687961542822,-1.331331164126076,-1.4944386666141347,-1.881981636886159,True
PNPLA7,NEUTRAL,-0.04063885378427884,0.13750352374993502,-0.05862947282199076,0.07887405092794425,-0.08154231355386587,-0.08154231355386571,False
HMGCL,NEUTRAL,0.035142046320533145,0.13750352374993502,0.05069925595332341,0.18820277970325844,0.02778641522144841,0.027786415221449038,False
LILRB4,DSG,0.034483530459933256,1.4195388915137848,0.04974921838688923,1.469288109900674,1.3055620685904636,0.026836377655013854,False
EBF2,NEUTRAL,0.006989598453092205,0.13750352374993502,0.010083859026081294,0.14758738277601632,-0.01282898170579421,-0.012828981705794048,False
NCK1,DSG,0.04282312877410246,1.1483918398926711,0.06178071551774709,1.2101725554104181,1.0501042748141767,0.03886787478587113,False
TFG,DIG,-0.7076960748678365,0.5443205162238104,-1.0209896176684123,-0.47666910144460195,-0.6286537006523817,-1.0439024584002894,True
ARSG,DCG,-0.9675644786178306,1.3831282513240999,-1.3959004750422597,-0.01277222371815978,-0.1774259088001203,-1.4188133157741367,True
KRT71,DIG,-1.3297680350208663,0.5025003405291834,-1.9184497496572652,-1.415949409128082,-1.5837001539545528,-1.9413625903891278,True
ATP5MG,NEUTRAL,-0.033369916087654494,0.13750352374993502,-0.048142612454539976,0.08936091129539504,-0.07105545318641485,-0.07105545318641501,False
CD4,DSG,0.005216875612051452,1.1099176920780351,0.007526360574441206,1.1174440526524763,0.9565487595683129,-0.0153864801574362,False
MAPK4,NEUTRAL,-0.025666332037387343,0.13750352374993502,-0.037028689948148244,0.10047483380178678,-0.05994153068002363,-0.05994153068002313,False
BBS10,DIG,0.8878677257283424,0.4506614090095652,1.2809223648736419,1.731583773883207,1.5730018153506862,1.2580095241417657,True
RBPMS,NEUTRAL,0.03265594048918176,0.13750352374993502,0.04711256339930764,0.18461608714924266,0.02419972266743218,0.02419972266743218,False
UNKL,DCG,-0.9905522709700199,1.4374053123072983,-1.4290648490697484,0.008340463237549889,-0.15441884736382588,-1.4519776898016261,True
HMCN1,DCG,-0.8992245600987349,1.3692338096657193,-1.2973068135000045,0.07192699616571474,-0.09434498040974017,-1.3202196542318823,True
UBE2Q2P12,NEUTRAL,-0.007485056428620686,0.13750352374993502,-0.01079865379034512,0.1267048699595899,-0.03371149452222099,-0.033711494522220824,False
LILRA2,DSG,0.013199286022949558,-0.7369655941662062,0.019042544488584338,-0.7179230496776219,-0.8783394141594335,-0.003870296243292226,False
PIMREGP1,NEUTRAL,-0.008884645723365817,0.13750352374993502,-0.012817834325155202,0.12468568942477981,-0.03573067505703063,-0.03573067505703047,False
ZNF341-AS1,DCG,-0.9623159203507358,1.3267290811511836,-1.3883284060585053,-0.06159932490732167,-0.21608601278893075,-1.4112412467903783,True
CPT2,NEUTRAL,0.004060505033799978,0.13750352374993502,0.005858070475767902,0.1433615942257029,-0.0170547702561073,-0.0170547702561073,False
GRHL2,DCG,2.0794415416798357,-3.321928094887362,3.0,-0.3219280948873622,-0.48234445936917253,2.9770871592681245,True
NRN1,DIG,-0.9248814155308022,0.5769251816557379,-1.334321831596653,-0.757396649940915,-0.9138905628458376,-1.3572346723285291,True
MIR199A2,DCG,-1.0226045031807378,1.415037499278844,-1.4753064455295728,-0.06026894625072887,-0.21797896669778505,-1.4982192862614416,True
GPR68,NEUTRAL,0.04328519683186833,0.13750352374993502,0.062447338813239106,0.19995086256317413,0.039534498081365006,0.039534498081364694,False
UPK3A,NEUTRAL,0.00837752946509574,0.13750352374993502,0.012086220214194794,0.1495897439641298,-0.010826620517681539,-0.010826620517681539,False
IL17RB,NEUTRAL,0.004311259037975409,0.13750352374993502,0.006219832034074845,0.14372335578400985,-0.016693008697802228,-0.016693008697802065,False
RNGTT,DIG,-0.7089068078583665,0.44183755862255913,-1.0227363361496906,-0.5808987775271315,-0.7419634861340766,-1.0456491768815661,True
UBP1,NEUTRAL,-0.013367744862324678,0.13750352374993502,-0.019285579220744732,0.1182179445291903,-0.04219841995262179,-0.04219841995262129,False
HMHB1,DIG,-1.5119194878337419,0.45943161863729726,-2.181238747321121,-1.7218071286838237,-1.888333232021836,-2.2041515880529694,True
LIMD2,DCG,-1.0018786490491538,1.3025627700204314,-1.4454053585557485,-0.14284258853531706,-0.300664357703099,-1.4683181992876244,True
ZMYM6,NEUTRAL,-0.00697296381293139,0.13750352374993502,-0.010059860313214314,0.1274436634367207,-0.03297270104508944,-0.03297270104508911,False
RPL35AP19,DCG,-0.833086258826403,1.3968901525685844,-1.201889414241591,0.19500073832699338,0.0322081988011963,-1.2248022549734576,True
SPEG,NEUTRAL,-0.0025422002197445616,0.13750352374993502,-0.003667619649972312,0.1338359040999627,-0.026580460381848622,-0.026580460381848785,False
MRPL23,NEUTRAL,-0.0172466703749789,0.13750352374993502,-0.02488168582182866,0.11262183792810636,-0.047794526553703955,-0.047794526553703955,False
AIRN,NEUTRAL,0.005207889080650112,0.13750352374993502,0.0075133957501536995,0.14501691950008871,-0.015399444981722278,-0.015399444981721145,False
TRAK1,NEUTRAL,-0.016846010349794386,0.13750352374993502,-0.024303655590412514,0.1131998681595225,-0.047216496322289025,-0.04721649632228935,False
TWNK,NEUTRAL,-0.017174186648217377,0.13750352374993502,-0.02477711390868466,0.11272640984125036,-0.04768995464056063,-0.047689954640560465,False
FAM170B,DIG,-1.7325376007919235,0.45943161863729726,-2.4995234048161707,-2.0400917861788734,-2.189539842156486,-2.5224362455479956,True
RHCE,NEUTRAL,0.01134127315668643,0.13750352374993502,0.016361998540518632,0.15386552229045364,-0.006550842191357275,-0.006550842191357275,False
ASAP2,DIG,-0.9425170486047134,0.4768136968655339,-1.3597646719753222,-0.8829509751097884,-1.043029188108599,-1.382677512707199,True
LINC01612,NEUTRAL,-0.016249941945082707,0.13750352374993502,-0.02344371065890438,0.11405981309103064,-0.046356551390780244,-0.04635655139078091,False
LIPE-AS1,DIG,-1.464877964182462,0.5443205162238104,-2.1133721744335587,-1.5690516582097485,-1.7413889819362829,-2.1362850151654347,True
ZNF8,DIG,-1.3535997093771834,0.4506614090095652,-1.9528315880672047,-1.5021701790576394,-1.6560082860254473,-1.9757444287990815,True
BEND5,NEUTRAL,0.0003944847433738471,0.13750352374993502,0.0005691211829718046,0.13807264493290683,-0.02234371954890276,-0.022343719548903247,False
ASTL,DIG,-0.9099894253302526,0.4854268271702419,-1.3128372311853531,-0.8274104040151112,-0.9958156357048045,-1.3357500719172262,True
ELFN2,NEUTRAL,-0.0036386003215326352,0.13750352374993502,-0.005249390639652121,0.1322541331102829,-0.028162231371528488,-0.028162231371528814,False
TTBK2,NEUTRAL,0.030609411747134208,0.13750352374993502,0.044160046532118906,0.18166357028205393,0.021247205800243286,0.021247205800243918,False
FAM131B,DSG,-0.11396777846401492,1.126532405928932,-0.16442074881116633,0.9621116571177656,0.7966208518826452,-0.1873335895430438,False
MIR4785,NEUTRAL,0.0061140899101736436,0.13750352374993502,0.008820767192956764,0.1463242909428918,-0.014092073538918783,-0.014092073538918783,False
RNU6-574P,DIG,-0.6228379734702759,0.45943161863729726,-0.8985652556028988,-0.43913363696560154,-0.6037947332050921,-0.9214780963347697,True
HNRNPA1P45,NEUTRAL,-0.05070446884872574,0.13750352374993502,-0.07315108575896555,0.06435243799096947,-0.09606392649084151,-0.09606392649084168,False
SNHG5,DIG,-1.1430808630204958,0.45943161863729726,-1.6491170924147458,-1.1896854737774485,-1.353556443414815,-1.6720299331466222,True
GPR63,DIG,-1.0499677833772274,0.44183755862255913,-1.5147833141715035,-1.0729457555489443,-1.2327293891241071,-1.537696154903379,True
ME2,NEUTRAL,-0.02802591619956403,0.13750352374993502,-0.040432850317480694,0.09707067343245432,-0.06334569104935615,-0.06334569104935615,False
SMCO2,DSG,-0.05073188925959301,1.132028393683784,-0.0731906450497429,1.0588377486340412,0.9018962519306409,-0.09610348578161777,False
PHYHIPL,DIG,-1.3978336050670306,0.4854268271702419,-2.016647610018147,-1.531220782847905,-1.6844393150446988,-2.0395604507500225,True
ORC3,DIG,1.2849944032443337,0.5193741590935794,1.853855053130673,2.3732292122242526,2.2081837049241555,1.8309422123987948,True
KIF2A,NEUTRAL,-0.01446422506548721,0.13750352374993502,-0.02086746577228024,0.11663605797765478,-0.04378030650415497,-0.04378030650415514,False
GRB10,DSG,-0.011895041505863953,1.2479275134435854,-0.017160917391678313,1.2307665960519072,1.070958701430542,-0.040073758123555264,False
CYP51A1P2,NEUTRAL,-0.0792116147034761,0.13750352374993502,-0.11427820371351226,0.02322532003642276,-0.13719104444538854,-0.13719104444538838,False
ZKSCAN3,DSG,0.059195155425796,1.2779847472997656,0.08540055717744731,1.3633853044772128,1.1981542054520735,0.06248771644557114,False
DNAJB7,NEUTRAL,-0.012771203191717007,0.13750352374993502,-0.018424951510875427,0.1190785722390596,-0.04133779224274994,-0.041337792242750436,False
PF4V1,DIG,-1.189377309564514,0.4681488357384065,-1.715908746254582,-1.2477599105161754,-1.3922619152927644,-1.7388215869864425,True
RAB3GAP2,DCG,-0.9923792991297878,1.485426827170242,-1.4317006935354102,0.05372613363483181,-0.10651486154179485,-1.4546135342672857,True
RASGRP4,DSG,-0.013981872325893513,1.410522018156351,-0.020171577866909207,1.3903504402894418,1.2237966327058756,-0.0430844185987845,False
SYTL2,DIG,-1.3219390988881619,0.53605290024021,-1.9071549823231762,-1.3711020820829662,-1.5292870471046436,-1.9300678230550534,True
LRATD2,DCG,-0.8633199317933835,1.3315141437165605,-1.2455073842989126,0.0860067594176479,-0.06652797481204904,-1.26842022503079,True
CYBRD1,NEUTRAL,0.029490025603313007,0.13750352374993502,0.04254511369358824,0.18004863744352326,0.019632272961711654,0.019632272961711338,False
KCP,DIG,0.7197169801437694,0.5109619192773794,1.0383321180969967,1.5492940373743762,1.4034530972957477,1.0154192773651185,True
EIF3E,DCG,-0.8043477405273649,1.1043366598147357,-1.160428496409072,-0.056091836594336364,-0.21934415637151078,-1.1833413371409502,True
PDE11A-AS1,NEUTRAL,0.01985051809643348,0.13750352374993502,0.028638244016801206,0.16614176776673623,0.0057254032849251395,0.0057254032849251395,False
IL12B,DIG,-1.2693627143864172,0.5025003405291834,-1.8313032931346378,-1.3288029526054546,-1.4836417609604022,-1.8542161338665084,True
FDPSP8,DCG,-0.7656460809487813,1.2377676472233639,-1.1045938040608767,0.13317384316248715,-0.03420313586454327,-1.1275066447927506,True
COX6B1P4,NEUTRAL,0.02583914041066409,0.13750352374993502,0.037277999731298694,0.1747815234812337,0.014365158999422974,0.01436515899942234,False
LPAR3,NEUTRAL,-0.02290001288661979,0.13750352374993502,-0.033037735027819724,0.10446578872211529,-0.05595057575969504,-0.055950575759695705,False
ST3GAL3-AS1,DIG,0.8978291678707858,0.3692338096657191,1.2952936880526473,1.6645274977183664,1.4949009895392524,1.2723808473207687,True
PREX1,DCG,0.729367064517576,-0.7369655941662062,1.0522542469672476,0.31528865280104135,0.15487228831922886,1.0293414062353698,True
ATG4C,DIG,1.1240303261094575,0.44183755862255913,1.6216329772869187,2.063470535909478,1.8993090404855535,1.5987201365550414,True
GRAMD2A,NEUTRAL,-0.027333112663388625,0.13750352374993502,-0.0394333460915301,0.09807017765840492,-0.062346186823405335,-0.062346186823405834,False
EPS8,DIG,1.3258874579248303,0.4329594072761063,1.9128512603250267,2.345810667601133,2.183783175245193,1.8899384195931503,True
GATAD2A,DIG,1.2719214259306564,0.53605290024021,1.834994733590577,2.371047633830787,2.205093240781329,1.812081892858701,True
BANF1P3,NEUTRAL,0.012231314653914218,0.13750352374993502,0.01764605699475455,0.15514958074468957,-0.005266783737121869,-0.00526678373712203,False
LINC00313,DIG,1.0034399313679423,0.4768136968655339,1.4476578128144924,1.9244715096800262,1.771088444704527,1.4247449720826164,True
IL6-AS1,DSG,-0.081972531083983,1.0931094043914815,-0.11826136408397868,0.9748480403075028,0.8190226597675592,-0.14117420481585433,False
HESX1,NEUTRAL,-0.015879440408005357,0.13750352374993502,-0.022909189928721145,0.11459433382121387,-0.04582203066059628,-0.04582203066059661,False
HMGN3P1,DCG,-0.7916186516046625,1.3457748368417302,-1.1420643029452546,0.20371053389647553,0.043744089434258365,-1.1649771436771317,True
GDAP1L1,DCG,0.879761784940816,-0.7369655941662062,1.269227964297738,0.5322623701315318,0.37184600564972076,1.246315123565862,True
DLGAP1-AS2,NEUTRAL,-0.023306663585072832,0.13750352374993502,-0.033624407973851966,0.10387911577608305,-0.056537248705728044,-0.05653724870572838,False
RPS10P28,DIG,1.6090213766504984,0.49398884067366594,2.321327160778007,2.815316001451673,2.64139143643852,2.29841432004613,True
DIABLO,DIG,1.4322605669627144,0.3692338096657191,2.066315217217923,2.4355490268836424,2.281388329830513,2.0434023764860467,True
MIR378H,DIG,0.6232723195958915,0.4681488357384065,0.8991918846043537,1.36734072034276,1.2067556374634272,0.8762790438724751,True
PAPSS1,NEUTRAL,-0.01652449938993989,0.13750352374993502,-0.023839813323038982,0.11366371042689603,-0.046752654054914196,-0.046752654054914695,False
SLC18A1,NEUTRAL,0.020525642487143145,0.13750352374993502,0.029612242627261226,0.16711576637719625,0.006699401895384605,0.006699401895384924,False
DAAM2-AS1,DSG,-0.03611060042598132,1.4240262825060985,-0.052096584158086136,1.3719296983480125,1.207848662910288,-0.07500942488996333,False
ZNF184,DSG,-0.08996186472350687,-0.7369655941662062,-0.12978753610572713,-0.8667531302719333,-1.0271694947537462,-0.15270037683760493,False
ZCCHC17,NEUTRAL,-0.009949894282336348,0.13750352374993502,-0.0143546631384961,0.12314886061143893,-0.03726750387037096,-0.037267503870371456,False
DSCAS,NEUTRAL,-0.012197608278776289,0.13750352374993502,-0.017597428974496718,0.1199060947754383,-0.04051026970637233,-0.04051026970637233,False
MEST,DIG,1.2935795590113528,0.4240262825060986,1.8662408147810108,2.2902670972871095,2.1448174347622504,1.8433279740491326,True
PROKR1,DIG,-1.311059006609558,0.3877301532831085,-1.89145832714842,-1.5037281738653114,-1.6579168176299464,-1.914371167880296,True
RAB5A,DIG,-0.6743026126758188,0.44183755862255913,-0.9728130353658753,-0.5309754767433161,-0.6878376350783404,-0.9957258760977513,True
STAG1,DSG,0.08443918114796957,-0.7369655941662062,0.12181998789890054,-0.6151456062673056,-0.7755619707491183,0.0989071471670234,False
BRSK1,DSG,0.053134058749549885,-0.7369655941662062,0.07665624306027846,-0.6603093511059277,-0.8207257155877405,0.05374340232840055,False
MSANTD3,NEUTRAL,0.030288958057415584,0.13750352374993502,0.04369772958312727,0.1812012533330623,0.020784888851251404,0.02078488885125109,False
KLHDC7A,NEUTRAL,0.0091887817246293,0.13750352374993502,0.013256609825933827,0.15076013357586884,-0.009656230905941206,-0.009656230905941206,False
GPAM,NEUTRAL,0.046565065966006326,0.13750352374993502,0.06717918974782477,0.2046827134977598,0.04426634901595036,0.044266349015950675,False
BCL11A,DIG,-1.0765820573477416,0.5277376320282061,-1.5531795952456244,-1.0254419632174183,-1.1873967952601374,-1.5760924359774997,True
SLC44A3,NEUTRAL,0.049533846280610534,0.13750352374993502,0.07146223438519304,0.20896575813512808,0.04854939365331732,0.04854939365331732,False
CDK5RAP1,DCG,-0.9242093106961722,1.359895945086383,-1.3333521892847748,0.02654375580160817,-0.1343288572140161,-1.3562650300166514,True
ASPM,DCG,-0.8813019071929427,1.1210154009613662,-1.271449891033244,-0.1504344900718777,-0.3120543454607909,-1.2943627317651187,True
ERVMER34-1,DIG,1.2329073178037846,0.44183755862255913,1.7787092732712333,2.2205468318937926,2.0644844718312236,1.7557964325393558,True
NTNG2,NEUTRAL,0.027976043073025238,0.13750352374993502,0.04036089860514955,0.17786442235508457,0.0174480578732733,0.017448057873273616,False
DACT3-AS1,DIG,-1.2577557508700454,0.4240262825060986,-1.814557984429789,-1.3905317019236905,-1.5625597627001673,-1.8374708251616594,True
PGF,NEUTRAL,0.025292293731350418,0.13750352374993502,0.03648906673892627,0.1739925904888613,0.013576226007050614,0.013576226007050931,False
CFAP206,DIG,1.2628730396544956,0.44183755862255913,1.821940671581912,2.263778230204471,2.104466458755748,1.799027830850035,True
RN7SL809P,DIG,-1.5223433579718952,0.4854268271702419,-2.1962772130763053,-1.7108503859060633,-1.8710303362071037,-2.2191900538081755,True
TMEFF2,NEUTRAL,-0.0009988472852930648,0.13750352374993502,-0.0014410320250977083,0.1360624917248373,-0.02435387275697204,-0.02435387275697269,False
HIBCH,NEUTRAL,-0.024645601760418915,0.13750352374993502,-0.035556087439480674,0.10194743631045435,-0.0584689281713556,-0.058468928171355766,False
SUCLG2,NEUTRAL,-0.031184575629267467,0.13750352374993502,-0.044989832612571,0.09251369113736402,-0.06790267334444788,-0.06790267334444805,False
ZNF385B,NEUTRAL,0.03791030973188351,0.13750352374993502,0.05469301584875295,0.19219653959868796,0.03178017511687676,0.03178017511687707,False
NCSTN,DCG,-0.8345171680253232,1.0931094043914815,-1.2039537798468356,-0.11084437545535408,-0.2702508113216692,-1.2268666205787124,True
GARS1-DT,DSG,0.04735403652214622,1.3219280948873624,0.06831743365657521,1.3902455285439377,1.2274145681183442,0.04540459292469832,False
GDF3,DSG,-0.016088959639577974,-0.7369655941662062,-0.02321146228508183,-0.7601770564512881,-0.920593420933097,-0.04612430301695709,False
PTGR1,NEUTRAL,-0.005911249034352251,0.13750352374993502,-0.008528129667319665,0.12897539408261535,-0.03144097039919403,-0.031440970399193864,False
CIAO2B,NEUTRAL,0.06733495576724721,0.13750352374993502,0.09714380676388526,0.23464733051382028,0.07423096603200985,0.07423096603200985,False
BRPF1,DIG,1.6978532233212096,0.45943161863729726,2.4494844254428507,2.908916044080148,2.7618249866574054,2.426571584710972,True
CATSPER4,NEUTRAL,-0.03640131922867742,0.13750352374993502,-0.05251600273302898,0.08498752101690604,-0.07542884346490468,-0.07542884346490503,False
NOL8P1,NEUTRAL,0.01917601456775938,0.13750352374993502,0.02766514112092098,0.165168664870856,0.004752300389045607,0.004752300389045607,False
COMMD10,NEUTRAL,0.0005580080942015398,0.13750352374993502,0.000805035510280463,0.13830855926021549,-0.02210780522159668,-0.022107805221596517,False
MST1,NEUTRAL,-0.01825480072517945,0.13750352374993502,-0.026336110478632643,0.11116741327130238,-0.049248951210507846,-0.049248951210507846,False
MAPKAPK2,DCG,0.8391241661510174,-0.7369655941662062,1.2106002731961594,0.47363467902995315,0.3132183145481433,1.1876874324642839,True
BORA,NEUTRAL,0.0881078453012937,0.13750352374993502,0.1271127514795884,0.2646162752295234,0.10419991074771198,0.10419991074771168,False
ZNF641,DIG,-1.3134391194305515,0.44183755862255913,-1.8948921041120235,-1.4530545454894643,-1.6108922811254032,-1.9178049448439,True
EDEM3,DCG,-1.1298171221533966,1.4418375586225591,-1.6299815592421454,-0.18814400061958625,-0.3494895059065505,-1.6528943999740209,True
ICE2,NEUTRAL,-0.023135415241112837,0.13750352374993502,-0.033377348837260436,0.10412617491267459,-0.05629018956913531,-0.05629018956913531,False
TRPV5,DSG,0.11913014826632731,1.3785116232537298,0.17186847412419737,1.5503800973779271,1.3869908641946556,0.14895563339232196,False
PLA2G2D,NEUTRAL,-0.04487343378677611,0.13750352374993502,-0.06473868039184115,0.07276484335809387,-0.08765152112371681,-0.08765152112371698,False
CD1D,DCG,-0.9079794515417107,1.3074285251922473,-1.309937451968307,-0.002508926776059628,-0.15877738168799885,-1.332850292700182,True
SUV39H2,DSG,-0.08156305968041831,1.3877301532831086,-0.11767062172067005,1.2700595315624386,1.108917024844522,-0.14058346245254585,False
LINC00160,DIG,0.7910260380115786,0.44183755862255913,1.1412093422533491,1.5830469008759083,1.429416066310956,1.1182965015214743,True
IPO13,DIG,1.4240019050037225,0.4768136968655339,2.0544004865653074,2.5312141834308415,2.3680675926128774,2.03148764583343,True
TEX14,DSG,-0.05296345284075729,-0.7369655941662062,-0.07641011076171703,-0.8133757049279232,-0.973792069409734,-0.09932295149359327,False
FOCAD-AS1,DIG,-1.2524766770314548,0.3692338096657191,-1.8069418907823678,-1.4377080811166487,-1.591208428610631,-1.8298547315142235,True
CFAP61,DSG,-0.013291109344563063,1.1099176920780351,-0.019175017539314092,1.090742674538721,0.9268345463914005,-0.0420878582711897,False
CST5,DSG,0.06648883985213148,1.2120504771149891,0.09592311952913057,1.3079735966441197,1.1394874674467375,0.07301027879725296,False
BEST3,DSG,0.002835981832543659,1.485426827170242,0.004091456925861932,1.4895182840961039,1.3287758957605966,-0.018821383806013975,False
TUBB1,DCG,-0.7555644733056446,1.1099176920780351,-1.090049118709935,0.019868573368100106,-0.14403023249246621,-1.1129619594418116,True
PPIH,DIG,-0.9627861664601723,0.37851162325372983,-1.3890068277885868,-1.010495204534857,-1.174786717952909,-1.411919668520464,True
CDC42SE2,NEUTRAL,-0.01849327090905117,0.13750352374993502,-0.026680150230304258,0.11082337351963076,-0.04959299096217926,-0.049592990962179596,False
HNRNPA1P30,NEUTRAL,-0.004063691384165033,0.13750352374993502,-0.0058626674076381,0.1316408563422969,-0.028775508139514464,-0.02877550813951397,False
EDDM3A,DIG,-1.1458979494438062,0.4506614090095652,-1.6531812890274113,-1.2025198800178463,-1.3728759305250289,-1.6760941297592746,True
RTP4,DSG,-0.0241546964016371,1.222392421336448,-0.03484786071282033,1.1875445606236277,1.0246360075698686,-0.05776070144469749,False
MRGPRX7P,DIG,-1.5664252538942312,0.5193741590935794,-2.2598739457164427,-1.7404997866228633,-1.8843241264332036,-2.2827867864482925,True
CNTN3,NEUTRAL,-0.016721703618620805,0.13750352374993502,-0.02412431888579927,0.11337920486413575,-0.04703715961767638,-0.04703715961767621,False
EIF3J-DT,NEUTRAL,-0.029452131511436306,0.13750352374993502,-0.04249044407515873,0.09501307967477629,-0.06540328480703313,-0.06540328480703313,False
C12orf76,DIG,0.8698756430110962,0.405992359675837,1.2549652763622068,1.6609576360380438,1.4963905884766848,1.2320524356303293,True
SCN2B,NEUTRAL,-0.014315809368454162,0.13750352374993502,-0.020653347182180582,0.11685017656775444,-0.04356618791405689,-0.04356618791405722,False
VPS45,DCG,0.8414153194649567,-0.7369655941662062,1.213905708720096,0.47694011455388974,0.31652375007207884,1.1909928679882202,True
SYPL1,DSG,-0.04037273129267252,1.041476635976159,-0.058245539223081316,0.9832310967530776,0.8244247254822533,-0.08115837995495771,False
SDHAF4,DIG,0.6141294585952672,0.4240262825060986,0.8860015243792161,1.3100278068853146,1.1520782223847252,0.8630886836473387,True
MDM4,DCG,-0.8071030208701719,1.1963972128035036,-1.1644035256958987,0.03199368710760497,-0.12142976211188931,-1.1873163664277762,True
METTL27,DSG,0.06897446316135193,1.3504972470841334,0.09950911595086093,1.4500063630349944,1.2912931108637253,0.07659627521898481,False
SHCBP1L,DCG,-1.0053941214169975,1.5025003405291835,-1.4504771131072187,0.052023227421964746,-0.1092146772578516,-1.4733899538390876,True
PCDHGA9,DIG,-1.6981607712600286,0.3968901525685844,-2.4499281233290207,-2.0530379707604363,-2.2163297823384056,-2.472840964060896,True
SNPH,DSG,0.025209330971963883,1.4637968111986992,0.03636937677738085,1.5001661879760801,1.3418999160506417,0.013456536045505925,False
LINC02390,DSG,0.010199564104500684,1.3457748368417302,0.014714860552792218,1.3604896973945224,1.200176915741033,-0.008197980179082175,False
EIF2S2,DCG,2.0794415416798357,-3.321928094887362,3.0,-0.3219280948873622,-0.48234445936917275,2.977087159268125,True
DCTN1,DIG,-0.8688965308839429,0.4854268271702419,-1.2535527161518885,-0.7681258889816466,-0.9246913941032945,-1.2764655568837642,True
ELMO1,DSG,0.09679684885823625,1.0761029790857917,0.13964833382145597,1.2157513129072477,1.0546640853844402,0.11673549308957978,False
DEFB109F,DSG,0.008304908300782541,1.1210154009613662,0.011981450020576559,1.1329968509819428,0.9682282190957398,-0.010931390711298058,False
LOXL1,NEUTRAL,-0.026880866207690583,0.13750352374993502,-0.03878089237263492,0.0987226313773001,-0.06169373310451029,-0.061693733104510796,False
CHGA,NEUTRAL,-0.014761836981158249,0.13750352374993502,-0.02129682900712831,0.1162066947428067,-0.04420966973900339,-0.04420966973900356,False
GLIPR2,DIG,-1.064190220424532,0.415037499278844,-1.5353019535690051,-1.1202644542901612,-1.2800499290597553,-1.5582147943008815,True
PSIP1,DIG,1.2406011798717327,0.4681488357384065,1.7898091699219458,2.2579580056603525,2.101201853301678,1.7668963291900697,True
SPINT1-AS1,NEUTRAL,-0.017096182921107934,0.13750352374993502,-0.02466457831841301,0.11283894543152201,-0.0475774190502889,-0.04757741905028907,False
GPBP1,NEUTRAL,0.052382137382794056,0.13750352374993502,0.07557144983332137,0.2130749735832564,0.052658609101446145,0.05265860910144676,False
ROR1,NEUTRAL,-0.019359516926341136,0.13750352374993502,-0.027929879063638308,0.10957364468629671,-0.05084271979551397,-0.050842719795514135,False
HMOX2,DCG,-0.8280227152336183,1.175258445745353,-1.1945842650109555,-0.019325819265602506,-0.17572768710953224,-1.2174971057428325,True
SNORD69,NEUTRAL,0.00882998577324131,0.13750352374993502,0.012738976686175336,0.15024250043611034,-0.010173864045700297,-0.010173864045700136,False
PRR33,NEUTRAL,0.005238117835581901,0.13750352374993502,0.007557006624986039,0.14506053037492106,-0.015355834106890141,-0.015355834106889656,False
DPP6,DIG,1.4776366985812417,0.4681488357384065,2.1317791372786976,2.5999279730171043,2.4417829189105436,2.1088662965468195,True
SLC36A1,DIG,-0.7835869633755281,0.4240262825060986,-1.1304770261671162,-0.7064507436610177,-0.8674071395480633,-1.153389866898993,True
ALOX5,DIG,1.7045845922249019,0.44183755862255913,2.459195737978602,2.9010332966011614,2.73947452537884,2.436282897246726,True
SCEL,NEUTRAL,-0.021540065949740523,0.13750352374993502,-0.03107574632611187,0.10642777742382314,-0.05398858705798645,-0.05398858705798628,False
ZNF827,NEUTRAL,-0.00051931289986529,0.13750352374993502,-0.0007492101453053208,0.1367543136046297,-0.023662050877180034,-0.023662050877180034,False
MMP15,NEUTRAL,-0.05379451502576776,0.13750352374993502,-0.07760908005470198,0.05989444369523304,-0.10052192078657739,-0.10052192078657739,False
A4GALT,NEUTRAL,0.06041548133975012,0.13750352374993502,0.0871611153217772,0.22466463907171222,0.06424827458990039,0.06424827458990039,False
RPL35AP9,DSG,-0.01745768563768537,1.0761029790857917,-0.025186116494887167,1.0509168625909044,0.8867425252573086,-0.04809895722676292,False
CDK2AP1,DIG,1.565935396479848,0.49398884067366594,2.2591672308539694,2.7531560715276355,2.6052366119409562,2.236254390122092,True
ZNF431,DIG,1.0459611737351826,0.5769251816557379,1.5090029983101476,2.0859281799658858,1.9268401048329846,1.4860901575782703,True
PSCA,DCG,-0.8782042010062345,1.2275357246124077,-1.266980845679549,-0.039445121067141375,-0.20466909951257814,-1.2898936864114245,True
BAIAP2,DCG,-0.9218076228841441,1.4374053123072983,-1.3298872861885984,0.10751802611869987,-0.05268550813802052,-1.3528001269204746,True
ANKRD27,DSG,-0.09048883349186063,1.4284997590854065,-0.13054779133453448,1.297951967750872,1.1335691416797453,-0.1534606320664115,False
ITGA9-AS1,NEUTRAL,-0.003990911723159435,0.13750352374993502,-0.005757668551627744,0.13174585519830728,-0.028670509283503072,-0.02867050928350258,False
SOX9,DSG,-0.08364149139794919,1.2479275134435854,-0.12066916485237818,1.1272583485912073,0.9687014505976544,-0.14358200558425568,False
USP3-AS1,NEUTRAL,0.02024363313715302,0.13750352374993502,0.02920538913654615,0.16670891288648118,0.006292548404669415,0.006292548404670053,False
ATP13A5-AS1,DCG,-0.9700143792782506,1.3362833878644325,-1.3994349345757182,-0.06315154671128576,-0.22309141295195475,-1.4223477753075906,True
ACAD9,DSG,-0.02650198274903327,1.4982508675278254,-0.038234279085755156,1.4600165884420704,1.2989161854377158,-0.061147119817632475,False
CA10,DSG,-0.04919577551982493,-0.7369655941662062,-0.0709745013751381,-0.8079400955413443,-0.9683564600231526,-0.09388734210701341,False
PPA2,NEUTRAL,0.024738592345599192,0.13750352374993502,0.03569024449556962,0.17319376824550464,0.012777403763694184,0.012777403763694184,False
PHF21A,DIG,0.7893579607346828,0.4768136968655339,1.138802815438152,1.6156165123036859,1.457796750269354,1.1158899747062758,True
PITPNB,NEUTRAL,-0.01672146043002746,0.13750352374993502,-0.024123968038821646,0.11337955571111337,-0.04703680877069636,-0.04703680877069669,False
THEM4,DCG,-0.9642121256298216,1.4284997590854065,-1.39106405201115,0.037435707074256586,-0.12415900574716801,-1.413976892743025,True
RELB,DIG,0.5622558037529203,0.5443205162238104,0.8111636597853763,1.3554841760091867,1.1879095604734937,0.7882508190534996,True
ZNF207,DIG,1.429560252280783,0.5193741590935794,2.062419486617461,2.5817936457110404,2.420602552672217,2.0395066458855844,True
ATAD2,DCG,0.7882520650495707,-0.7369655941662062,1.1372073452175002,0.400241751051294,0.23982538656948296,1.1142945044856243,True
LMAN2,DIG,-1.284755623706994,0.49398884067366594,-1.8535105670762873,-1.3595217264026214,-1.5164277825051353,-1.8764234078081643,True
IGFL1,DIG,0.9969129520419802,0.5109619192773794,1.4382413721089418,1.949203291386321,1.7886568172294244,1.4153285313770665,True
PXN,DIG,0.8141805753834116,0.3692338096657191,1.1746142784937708,1.5438480881594898,1.3846538053014708,1.151701437761895,True
PEX14,NEUTRAL,-0.010126163989017932,0.13750352374993502,-0.014608966570184576,0.12289455717975044,-0.03752180730205994,-0.03752180730205928,False
RNU4-5P,NEUTRAL,-0.0003194183663671936,0.13750352374993502,-0.00046082329312680426,0.13704270045680822,-0.02337366402500156,-0.023373664025001885,False
WTAP,NEUTRAL,-0.0555569010853269,0.13750352374993502,-0.08015166568295978,0.057351858066975236,-0.10306450641483407,-0.10306450641483458,False
DCDC2C,DIG,-0.9876654336769537,0.4854268271702419,-1.4249000232231885,-0.9394731960529467,-1.1036783781967419,-1.4478128639550605,True
TNFRSF1B,NEUTRAL,-0.025729205472051146,0.13750352374993502,-0.03711939714054137,0.10038412660939365,-0.06003223787241802,-0.060032237872418355,False
CASS4,DCG,-0.7887690667712645,1.175258445745353,-1.137953221037519,0.03730522470783404,-0.12004177246042758,-1.1608660617693944,True
TBL2,DSG,-0.0968274909946882,1.1154772174199363,-0.13969254107975743,0.975784676340179,0.8125657116507656,-0.16260538181163314,False
CHST13,DIG,0.7688226040782772,0.4506614090095652,1.1091765582270694,1.5598379672366347,1.4011167266209583,1.0862637174951926,True
ZFP69B,NEUTRAL,-0.046968405350263226,0.13750352374993502,-0.06776108547728742,0.0697424382726476,-0.09067392620916276,-0.0906739262091631,False
FCRL2,DCG,-0.9636984784365186,1.3923174227787602,-1.390323015752605,0.001994407026155276,-0.1589411872593148,-1.4132358564844805,True
CKAP4,DIG,-1.1924182568268824,0.44183755862255913,-1.7202959057896057,-1.2784583471670465,-1.4378277974479226,-1.7432087465214807,True
MIF-AS1,NEUTRAL,-0.046085284881424396,0.13750352374993502,-0.0664870119563861,0.07101651179354893,-0.08939985268826293,-0.08939985268826259,False
SLC39A9,NEUTRAL,0.04799739202621375,0.13750352374993502,0.06924559945182206,0.2067491232017571,0.046332758719945105,0.046332758719945105,False
ITIH5,DCG,-0.7688601269488753,1.185866545311334,-1.1092306922864013,0.0766358530249327,-0.0803210250207091,-1.1321435330182767,True
PTP4A2P2,NEUTRAL,0.04539810919323088,0.13750352374993502,0.06549562699880986,0.20299915074874486,0.04258278626693434,0.04258278626693434,False
MTND1P8,DCG,-1.0471800983683623,1.4724877714627438,-1.5107615348336532,-0.038273763370909375,-0.19831095749051333,-1.5336743755655209,True
RPL22P24,DCG,-0.7939946618703005,1.232660756790275,-1.145492161172592,0.08716859561768309,-0.0696101281182225,-1.1684050019044658,True
CMIP,NEUTRAL,-0.014332722040035405,0.13750352374993502,-0.020677747009599026,0.116825776740336,-0.043590587741475756,-0.04359058774147608,False
BIN3,NEUTRAL,-0.021418072936290267,0.13750352374993502,-0.03089974761058409,0.10660377613935093,-0.05381258834245964,-0.05381258834246064,False
RPA3,DSG,0.010973487895722963,1.0588936890535687,0.015831396568414587,1.0747250856219832,0.9052410366997755,-0.0070814441634612585,False
NT5C3AP2,DSG,-0.07997119887559852,-0.7369655941662062,-0.11537405203177103,-0.8523396461979773,-1.0127560106797828,-0.1382868927636452,False
PADI1,NEUTRAL,0.047065907414527076,0.13750352374993502,0.0679017512218773,0.20540527497181232,0.04498891049000224,0.04498891049000193,False
QPCTL,DIG,0.831259843821117,0.3968901525685844,1.1992544543708596,1.596144606939444,1.4268622725701043,1.1763416136389842,True
ZC3H12C,NEUTRAL,-0.04120464406830904,0.13750352374993502,-0.05944573565894429,0.07805778809099073,-0.0823585763908189,-0.0823585763908189,False
KRT18P23,NEUTRAL,-0.0011957434478762096,0.13750352374993502,-0.0017250931424264784,0.13577843060750855,-0.024637933874302957,-0.024637933874302957,False
WDR4,DIG,1.3466453418141626,0.5525410230287789,1.9427985564715156,2.4953395795002944,2.3337340628305503,1.9198857157396396,True
SECTM1,DCG,-0.8088415801181341,1.132028393683784,-1.1669117365012254,-0.03488334281744132,-0.1952945965504991,-1.1898245772331018,True
ENTHD1,NEUTRAL,0.007362377675416391,0.13750352374993502,0.010621665761474842,0.14812518951140985,-0.012291174970400364,-0.01229117497040004,False
ISY1,DIG,1.623115616904296,0.49398884067366594,2.3416608512972585,2.8356496919709246,2.6726039525202014,2.3187480105653826,True
TG,DCG,-1.0724249605829443,1.4418375586225591,-1.547182172358556,-0.1053446137359968,-0.2696462691129247,-1.5700950130904328,True
CFAP20,NEUTRAL,0.036547884515864555,0.13750352374993502,0.05272745174602033,0.19023097549595536,0.02981461101414393,0.029814611014143615,False
RPS27AP11,DIG,0.7185037345371965,0.49398884067366594,1.0365817746770136,1.5305706153506795,1.3796857608970168,1.013668933945138,True
KLHL11,DIG,1.10854230312007,0.415037499278844,1.5992884833269552,2.0143259826057993,1.8580711589585261,1.5763756425950772,True
KLHDC4,NEUTRAL,-0.01811073500023209,0.13750352374993502,-0.02612826757168902,0.11137525617824601,-0.049041108303563445,-0.04904110830356394,False
NELFCD,DCG,-0.9600112227265375,1.4724877714627438,-1.3850034302253258,0.087484341237418,-0.06710187875162235,-1.4079162709572015,True
TMEM109,DIG,-1.0194933742236123,0.415037499278844,-1.4708180352115616,-1.0557805359327177,-1.205139609904908,-1.4937308759434391,True
ZSWIM3,DCG,-0.8857564296003008,1.1963972128035036,-1.2778764084198682,-0.08147919561636452,-0.24139798003102308,-1.3007892491517443,True
VPS37B,DIG,-1.2571101832457898,0.3968901525685844,-1.8136266272197172,-1.4167364746511328,-1.5891403160436652,-1.8365394679515927,True
WDR53,DCG,-0.8628270917269574,1.0761029790857917,-1.2447963663791282,-0.1686933872933365,-0.326509196802555,-1.2677092071110059,True
ABITRAM,NEUTRAL,-0.01772562982506576,0.13750352374993502,-0.025572678245255876,0.11193084550467915,-0.04848551897713086,-0.04848551897713086,False
FGF14-AS2,DIG,1.1845259472491152,0.45943161863729726,1.7089097099006003,2.1683413285378976,2.0122584166971724,1.685996869168724,True
S100A13,DCG,-0.6664250635919888,1.1043366598147357,-0.9614481343682745,0.14288852544646125,-0.021414543102794722,-0.984360975100151,True
KCNIP2,NEUTRAL,0.005757683326115471,0.13750352374993502,0.008306581181595862,0.14581010493153088,-0.014606259550280488,-0.014606259550280649,False
TMEM192,NEUTRAL,-0.0318789229376912,0.13750352374993502,-0.04599156403108852,0.0915119597188465,-0.06890440476296428,-0.06890440476296478,False
COL5A2,NEUTRAL,0.027808147331839235,0.13750352374993502,0.04011867625195412,0.17762220000188914,0.01720583552007881,0.017205835520079128,False
CYP11B1,DCG,0.8189118512395142,-0.7369655941662062,1.1814400667084477,0.4444744725422415,0.2840581080604313,1.1585272259765722,True
PRR19,DIG,-1.4887812913252865,0.5849625007211562,-2.147857385963258,-1.5628948852421019,-1.7279221281123263,-2.170770226695135,True
GTF2B,NEUTRAL,-0.010186978883970996,0.13750352374993502,-0.014696703917545545,0.12280681983238947,-0.03760954464942021,-0.03760954464942021,False
ZNF43,DIG,-0.7892461474248195,0.4506614090095652,-1.1386415029305068,-0.6879800939209416,-0.847040605788828,-1.1615543436623836,True
LINC00900,NEUTRAL,0.006359078704944745,0.13750352374993502,0.009174211312246395,0.1466777350621814,-0.013738629419629533,-0.01373862941963018,False
WRAP53,NEUTRAL,-0.013469775921930265,0.13750352374993502,-0.019432778924454358,0.11807074482548066,-0.042345619656329596,-0.042345619656329596,False
FAM13C,DIG,0.9129938801187706,0.49398884067366594,1.317171743209323,1.811160583882989,1.652228538877358,1.2942589024774467,True
RBM38,DCG,-1.011211289003443,1.3074285251922473,-1.4588695119362038,-0.15144098674395656,-0.3115455869973833,-1.4817823526680798,True
DOCK5,NEUTRAL,0.01916669216777051,0.13750352374993502,0.027651691740687847,0.16515521549062287,0.004738851008812371,0.004738851008811732,False
CLTB,DIG,-0.7092749993533816,0.4768136968655339,-1.0232675241936464,-0.5464538273281125,-0.7097462637311325,-1.046180364925523,True
MLYCD,NEUTRAL,0.027432620949854453,0.13750352374993502,0.03957690620294171,0.17708042995287673,0.0166640654710657,0.0166640654710657,False
REEP1,DIG,0.7711461819746992,0.4768136968655339,1.1125287725353568,1.5893424694008906,1.4218977589848965,1.0896159318034813,True
SLC9A4,NEUTRAL,-0.018446278361801422,0.13750352374993502,-0.026612354315428306,0.11089116943450672,-0.04952519504730331,-0.04952519504730298,False
CXCL9,DIG,1.2762819607633726,0.4506614090095652,1.8412856555693602,2.2919470645789253,2.138129269691547,1.818372814837483,True
ARFGAP3,NEUTRAL,0.026211521538135087,0.13750352374993502,0.037815232137221745,0.17531875588715676,0.014902391405347031,0.014902391405346398,False
SLC5A4-AS1,NEUTRAL,-0.04102022858079763,0.13750352374993502,-0.05917968034964846,0.07832384340028656,-0.08209252108152366,-0.082092521081524,False
CELSR3,NEUTRAL,-0.09194528691870105,0.13750352374993502,-0.1326490094707229,0.00485451427921213,-0.15556185020259866,-0.15556185020259886,False
ARAP3,DIG,1.6502835242107128,0.4768136968655339,2.380855856439557,2.857669553305091,2.704407324909908,2.357943015707679,True
TMEM100,DSG,0.01998441446903142,1.2580163310671693,0.028831415649541278,1.2868477467167105,1.127525173455067,0.005918574917663501,False
SVOP,DIG,1.1953002268957778,0.44183755862255913,1.7244537097159913,2.1662912683385507,2.0052414045417177,1.7015408689841156,True
BCAS2P2,NEUTRAL,0.0316476423595591,0.13750352374993502,0.04565789668796341,0.18316142043789843,0.022745055956087452,0.022745055956087768,False
TGFBR1,NEUTRAL,0.025203604750478347,0.13750352374993502,0.03636111558604063,0.17386463933597565,0.013448274854165086,0.01344827485416572,False
GAS2,DIG,0.7296809154878806,0.49398884067366594,1.0527070382056842,1.5466958788793501,1.3916274090429683,1.0297941974738078,True
AGMAT,NEUTRAL,-0.008099359468615097,0.13750352374993502,-0.01168490573974807,0.12581861801018696,-0.03459774647162248,-0.03459774647162265,False
LIPT1,DIG,-1.172417853578377,0.3122779248536431,-1.6914414232072073,-1.379163498353564,-1.540358250391797,-1.7143542639390832,True
PGPEP1,DIG,-1.2837451226161136,0.53605290024021,-1.8520527221636616,-1.3159998219234517,-1.4775072489375267,-1.8749655628955393,True
ADAMTS15,NEUTRAL,0.024411115027435155,0.13750352374993502,0.03521779459265075,0.17272131834258578,0.012304953860775687,0.012304953860774733,False
